57 0.62890625 0.70078125 0.7421875 0.5984375
35 0.66484375 0.6578125 0.078125 0.153125
38 0.4703125 0.73671875 0.125 0.0375
0 0.69375 0.371875 0.1640625 0.28125
0 0.9265625 0.56171875 0.146875 0.4203125
0 0.28515625 0.415625 0.16875 0.29375
0 0.453125 0.353125 0.228125 0.2234375
0 0.1828125 0.48125 0.1921875 0.2953125
0 0.1625 0.69140625 0.325 0.6171875
0 0.85078125 0.471875 0.1453125 0.321875
0 0.20859375 0.296875 0.109375 0.1390625
0 0.80390625 0.40078125 0.3296875 0.44375
0 0.103125 0.3296875 0.1421875 0.15625
0 0.59375 0.28984375 0.1859375 0.290625
0 0.27421875 0.25625 0.06875 0.103125
35 0.58125 0.7609375 0.09375 0.225
36 0.46171875 0.559375 0.0578125 0.1109375
36 0.63984375 0.58828125 0.05625 0.0875
37 0.4078125 0.97734375 0.228125 0.0453125
37 0.40390625 0.96953125 0.2203125 0.0609375
38 0.9046875 0.71484375 0.1140625 0.0375
52 0.9078125 0.29453125 0.0640625 0.0625
19 0.15390625 0.8734375 0.2671875 0.253125
33 0.565625 0.578125 0.0296875 0.0796875
35 0.4015625 0.43671875 0.04375 0.0484375
36 0.80234375 0.7296875 0.0765625 0.1234375
36 0.54375 0.4453125 0.0390625 0.071875
36 0.5078125 0.45234375 0.040625 0.065625
36 0.4875 0.55546875 0.0453125 0.0859375
36 0.4265625 0.46953125 0.0453125 0.0671875
37 0.453125 0.7171875 0.1203125 0.0421875
0 0.39765625 0.30703125 0.0875 0.16875
36 0.54296875 0.7109375 0.0453125 0.115625
37 0.37265625 0.571875 0.115625 0.0234375
37 0.74375 0.60859375 0.096875 0.015625
37 0.63515625 0.4875 0.0828125 0.0328125
37 0.5765625 0.9875 0.03125 0.01875
38 0.7328125 0.60390625 0.140625 0.0203125
38 0.41796875 0.5796875 0.034375 0.0078125
39 0.384375 0.5 0.025 0.0125
36 0.54765625 0.52578125 0.0515625 0.0875
36 0.4140625 0.49375 0.040625 0.0640625
36 0.740625 0.87265625 0.1046875 0.1828125
36 0.5328125 0.5125 0.0484375 0.078125