26 0.959375 0.4828125 0.034375 0.040625
12 0.10234375 0.321875 0.0515625 0.0328125
12 0.20078125 0.31640625 0.025 0.028125
0 0.20625 0.546875 0.165625 0.5
0 0.6078125 0.4203125 0.040625 0.1328125
0 0.55390625 0.43125 0.0359375 0.1109375
0 0.528125 0.459375 0.05 0.0609375
0 0.71953125 0.68828125 0.2484375 0.525
28 0.73359375 0.56171875 0.1875 0.115625
12 0.1578125 0.33046875 0.059375 0.03125
29 0.25703125 0.48984375 0.040625 0.04375
12 0.034375 0.315625 0.04375 0.04375
12 0.26953125 0.3 0.0296875 0.0328125