12 0.90703125 0.39140625 0.1515625 0.0921875
12 0.18203125 0.5375 0.0578125 0.059375
67 0.3453125 0.46796875 0.340625 0.190625
67 0.675 0.3921875 0.2734375 0.2109375
0 0.73515625 0.4125 0.034375 0.05625
0 0.63203125 0.4421875 0.0421875 0.09375
0 0.6703125 0.434375 0.0453125 0.075
0 0.5796875 0.4515625 0.0390625 0.0875
0 0.08125 0.54140625 0.028125 0.0625
12 0.7828125 0.34765625 0.021875 0.03125
5 0.19609375 0.6140625 0.2140625 0.115625
5 0.378125 0.52265625 0.1078125 0.0390625
5 0.70078125 0.4609375 0.09375 0.046875
5 0.08046875 0.61484375 0.0625 0.0796875
0 0.621875 0.4453125 0.03125 0.0875
0 0.78984375 0.39375 0.0171875 0.0234375
0 0.6546875 0.41171875 0.025 0.04375
0 0.7546875 0.41796875 0.015625 0.0359375
0 0.41328125 0.48203125 0.034375 0.05
0 0.3234375 0.45859375 0.028125 0.05625
12 0.04921875 0.528125 0.075 0.059375
5 0.8125 0.4375 0.0453125 0.034375
12 0.1453125 0.4953125 0.0484375 0.025
5 0.45390625 0.515625 0.05 0.040625
12 0.13203125 0.53203125 0.09375 0.0609375
12 0.1015625 0.51953125 0.04375 0.04375
57 0.69609375 0.42734375 0.05 0.0171875
57 0.475 0.475 0.0578125 0.0234375