52 0.3234375 0.60625 0.0765625 0.1265625
52 0.4375 0.5984375 0.0203125 0.01875
52 0.08984375 0.64296875 0.05 0.125
52 0.39921875 0.6 0.075 0.1203125
52 0.44296875 0.590625 0.0359375 0.11875
0 0.475 0.50546875 0.0390625 0.125
0 0.49921875 0.5 0.0296875 0.1015625
0 0.0625 0.540625 0.0765625 0.1515625
0 0.11171875 0.5265625 0.0515625 0.153125
0 0.440625 0.49921875 0.025 0.0703125
52 0.35390625 0.6 0.071875 0.128125
55 0.34140625 0.6890625 0.340625 0.2375
6 0.5671875 0.5546875 0.01875 0.0140625
52 0.19296875 0.61875 0.04375 0.09375
57 0.37734375 0.5703125 0.05625 0.0171875
0 0.78671875 0.47890625 0.05625 0.140625
0 0.45703125 0.49453125 0.01875 0.0546875
57 0.3328125 0.5765625 0.0359375 0.0125
0 0.8390625 0.46015625 0.0328125 0.03125
0 0.42265625 0.49375 0.0125 0.0359375
0 0.0203125 0.55546875 0.040625 0.1703125
6 0.59921875 0.884375 0.0828125 0.059375