52 0.26484375 0.63984375 0.128125 0.153125
52 0.309375 0.634375 0.096875 0.1359375
52 0.0703125 0.77265625 0.121875 0.3078125
52 0.94453125 0.69453125 0.1109375 0.3078125
52 0.9421875 0.55703125 0.115625 0.1703125
0 0.53671875 0.52265625 0.1671875 0.209375
0 0.8171875 0.37734375 0.2625 0.7546875
0 0.109375 0.55078125 0.21875 0.5484375
49 0.66953125 0.68671875 0.134375 0.0484375
49 0.81015625 0.86015625 0.3265625 0.121875
49 0.43984375 0.7140625 0.1328125 0.0515625
49 0.209375 0.8484375 0.2203125 0.084375
49 0.51953125 0.615625 0.0515625 0.0140625
38 0.8484375 0.79140625 0.0796875 0.0703125
57 0.50703125 0.7875 0.9859375 0.425
0 0.93046875 0.64140625 0.078125 0.078125