78 0.275 0.45078125 0.25625 0.27421875
78 0.41875 0.41484375 0.25625 0.25546875
0 0.41875 0.64765625 0.0296875 0.10078125
78 0.715625 0.39453125 0.2046875 0.234375
78 0.42734375 0.67890625 0.2359375 0.24375
78 0.1328125 0.2484375 0.2265625 0.16640625
0 0.5125 0.46171875 0.025 0.0984375
0 0.46875 0.38984375 0.0125 0.028125
0 0.103125 0.41796875 0.028125 0.05859375
0 0.4375 0.384375 0.025 0.04453125
0 0.75859375 0.45078125 0.0421875 0.08203125
0 0.79296875 0.44375 0.0375 0.084375
52 0.109375 0.453125 0.034375 0.0609375
52 0.784375 0.44609375 0.03125 0.075
52 0.74921875 0.45 0.0375 0.075
0 0.42421875 0.36875 0.0171875 0.028125
0 0.36171875 0.425 0.0234375 0.05859375
0 0.40625 0.48359375 0.028125 0.08203125
0 0.4984375 0.3796875 0.0125 0.0234375
52 0.11640625 0.41484375 0.0046875 0.0140625
78 0.57890625 0.4015625 0.1984375 0.28359375
78 0.859375 0.46953125 0.0796875 0.04453125