59 0.38203125 0.52109375 0.103125 0.1078125
53 0.70234375 0.77265625 0.41875 0.42734375
66 0.22734375 0.61015625 0.0328125 0.1125
73 0.090625 0.54609375 0.0109375 0.03515625
52 0.1234375 0.65703125 0.0453125 0.11953125
52 0.08203125 0.65390625 0.0453125 0.10078125
69 0.14296875 0.54453125 0.021875 0.00234375
71 0.521875 0.6984375 0.046875 0.0328125
73 0.1 0.54921875 0.0109375 0.0328125
33 0.11328125 0.5484375 0.0109375 0.04453125
73 0.125 0.54609375 0.009375 0.0234375
52 0.009375 0.59609375 0.01875 0.0609375