33 0.52734375 0.57890625 0.0640625 0.15625
72 0.44921875 0.04453125 0.0390625 0.0578125
57 0.60625 0.72578125 0.721875 0.5484375
57 0.56015625 0.40390625 0.2484375 0.203125
0 0.36796875 0.41953125 0.275 0.453125
0 0.3125 0.6 0.625 0.8
0 0.6140625 0.2484375 0.1625 0.203125
0 0.4578125 0.2515625 0.075 0.1875
37 0.70546875 0.7359375 0.109375 0.10625
37 0.7390625 0.559375 0.046875 0.0375
39 0.7875 0.62890625 0.096875 0.065625
39 0.59296875 0.71640625 0.0859375 0.0484375
0 0.73984375 0.334375 0.396875 0.5328125
36 0.42734375 0.6203125 0.040625 0.0640625
37 0.42421875 0.540625 0.03125 0.021875
40 0.54453125 0.73984375 0.1921875 0.128125
40 0.478125 0.6015625 0.075 0.0796875
52 0.54609375 0.25546875 0.034375 0.0421875
52 0.67421875 0.309375 0.0453125 0.0828125
52 0.0515625 0.4953125 0.103125 0.215625
57 0.5203125 0.2984375 0.0734375 0.0671875
0 0.08046875 0.196875 0.1390625 0.2796875
0 0.05078125 0.31015625 0.1015625 0.1953125
38 0.78828125 0.65390625 0.1 0.0609375
38 0.40859375 0.61484375 0.0921875 0.0296875
38 0.359375 0.69765625 0.0390625 0.0109375
38 0.59765625 0.753125 0.0421875 0.05
38 0.6109375 0.534375 0.0140625 0.015625
52 0.25859375 0.64453125 0.0390625 0.1234375
37 0.61328125 0.3546875 0.0421875 0.0203125
39 0.7296875 0.56953125 0.0140625 0.015625