12 0.91875 0.45625 0.1421875 0.07109375
12 0.1796875 0.4875 0.05 0.05234375
67 0.35234375 0.44453125 0.321875 0.14140625
67 0.68984375 0.42109375 0.2484375 0.175
0 0.74609375 0.45078125 0.0265625 0.05234375
0 0.63984375 0.46328125 0.028125 0.08984375
0 0.678125 0.46171875 0.034375 0.07109375
0 0.5859375 0.46484375 0.0265625 0.08515625
0 0.0796875 0.475 0.01875 0.06015625
12 0.803125 0.39375 0.0171875 0.02890625
5 0.18203125 0.56484375 0.203125 0.08515625
5 0.37578125 0.503125 0.10625 0.02265625
5 0.7046875 0.49296875 0.0890625 0.03359375
5 0.06796875 0.54765625 0.0515625 0.07265625
0 0.62890625 0.46484375 0.01875 0.08515625
0 0.803125 0.440625 0.0140625 0.02109375
0 0.66640625 0.43671875 0.01875 0.04140625
0 0.7640625 0.45859375 0.0109375 0.03515625
0 0.4171875 0.46875 0.028125 0.04609375
0 0.33203125 0.43125 0.0203125 0.05390625
12 0.05078125 0.45703125 0.06875 0.05
5 0.81875 0.4875 0.040625 0.02890625
12 0.15078125 0.43984375 0.0453125 0.01875
5 0.45234375 0.50859375 0.0453125 0.03359375
12 0.13125 0.47421875 0.0875 0.04765625
12 0.103125 0.45703125 0.0390625 0.0375
57 0.70546875 0.45859375 0.0484375 0.01015625
57 0.47890625 0.47109375 0.05625 0.01484375