18 0.10703125 0.59609375 0.0859375 0.0859375
12 0.4625 0.67578125 0.059375 0.0703125
12 0.54921875 0.671875 0.05625 0.059375
67 0.69453125 0.665625 0.128125 0.2078125
67 0.384375 0.63515625 0.0890625 0.19375
79 0.503125 0.534375 0.0078125 0.03125
0 0.1 0.70703125 0.071875 0.2671875
0 0.53828125 0.6796875 0.01875 0.0734375
0 0.33046875 0.66171875 0.0203125 0.065625
12 0.51015625 0.659375 0.028125 0.046875
79 0.30859375 0.515625 0.0078125 0.03125
79 0.2890625 0.50078125 0.009375 0.034375
79 0.30078125 0.51640625 0.009375 0.034375
79 0.31328125 0.53984375 0.0078125 0.021875
79 0.27421875 0.55390625 0.0125 0.0390625
79 0.615625 0.6 0.00625 0.028125
79 0.6234375 0.628125 0.0109375 0.0140625
2 0.2859375 0.71484375 0.0203125 0.0765625
0 0.909375 0.6484375 0.0171875 0.0421875
0 0.54453125 0.68984375 0.0109375 0.05625
12 0.55078125 0.6625 0.0125 0.03125
0 0.6125 0.69453125 0.009375 0.03125
79 0.24765625 0.534375 0.0125 0.0203125
2 0.5984375 0.69140625 0.0078125 0.021875
2 0.34140625 0.6890625 0.009375 0.046875
0 0.5546875 0.68203125 0.0171875 0.075
0 0.51640625 0.6796875 0.0296875 0.065625
0 0.71015625 0.71484375 0.03125 0.1046875