33 0.42421875 0.64296875 0.0546875 0.22265625
33 0.775 0.45703125 0.0421875 0.15390625
52 0.61484375 0.84375 0.30625 0.28515625
52 0.625 0.60234375 0.096875 0.29609375
52 0.37578125 0.30859375 0.0421875 0.17265625
0 0.4515625 0.4875 0.3625 0.475
0 0.325 0.20625 0.090625 0.2625
0 0.6109375 0.309375 0.2625 0.3625
0 0.93359375 0.39140625 0.13125 0.29375
0 0.59765625 0.121875 0.08125 0.23984375
36 0.3671875 0.70546875 0.05 0.11015625
36 0.79765625 0.53359375 0.0421875 0.07734375
60 0.20390625 0.58203125 0.2765625 0.29609375
60 0.659375 0.425 0.1953125 0.21484375
0 0.68671875 0.13203125 0.134375 0.26015625
33 0.3359375 0.32109375 0.028125 0.06484375
0 0.18515625 0.41015625 0.3671875 0.44375
0 0.06171875 0.30703125 0.1203125 0.4125
0 0.17578125 0.153125 0.2015625 0.21015625
33 0.34453125 0.328125 0.025 0.09140625
52 0.77890625 0.403125 0.14375 0.21875
52 0.06015625 0.9390625 0.1203125 0.121875
52 0.13203125 0.39375 0.05 0.09375