9 0.4484375 0.66484375 0.4875 0.4765625
9 0.58671875 0.7078125 0.2734375 0.34375
0 0.459375 0.51328125 0.14375 0.3265625
0 0.04296875 0.71328125 0.0859375 0.4140625
0 0.55234375 0.47734375 0.1015625 0.15625
0 0.71875 0.65546875 0.121875 0.2484375
0 0.753125 0.6609375 0.078125 0.225
0 0.1203125 0.54140625 0.0828125 0.1875
19 0.2578125 0.5734375 0.034375 0.0578125
0 0.20703125 0.58125 0.071875 0.209375
0 0.190625 0.46015625 0.04375 0.06875
0 0.1421875 0.465625 0.034375 0.0390625
0 0.290625 0.61171875 0.0671875 0.1734375
5 0.040625 0.5015625 0.08125 0.09375
5 0.17578125 0.53046875 0.06875 0.1046875
19 0.13203125 0.57421875 0.0484375 0.0640625
54 0.28359375 0.38359375 0.134375 0.1328125
0 0.2359375 0.590625 0.078125 0.2203125