27 0.15703125 0.39765625 0.0765625 0.1046875
0 0.81171875 0.6578125 0.190625 0.4015625
0 0.725 0.71875 0.10625 0.2921875
0 0.7609375 0.72265625 0.0796875 0.21875
0 0.575 0.51015625 0.0640625 0.159375
0 0.4109375 0.50703125 0.0421875 0.1015625
0 0.45078125 0.64453125 0.109375 0.2078125
27 0.884375 0.5984375 0.109375 0.1421875
0 0.27265625 0.7515625 0.1453125 0.4015625
0 0.04609375 0.7125 0.0703125 0.2046875
0 0.6421875 0.43046875 0.0640625 0.140625
0 0.809375 0.4359375 0.0328125 0.090625
0 0.46640625 0.4953125 0.0828125 0.1484375
0 0.79453125 0.44140625 0.0265625 0.0609375
0 0.4421875 0.52734375 0.028125 0.053125
27 0.4609375 0.28984375 0.009375 0.0125
27 0.4296875 0.46640625 0.0234375 0.0609375
0 0.46484375 0.65703125 0.8671875 0.578125