59 0.5421875 0.52578125 0.309375 0.27734375
60 0.1953125 0.60390625 0.246875 0.25
61 0.79921875 0.840625 0.059375 0.05625
63 0.61953125 0.86484375 0.3234375 0.08359375
71 0.3953125 0.228125 0.13125 0.05390625
71 0.65078125 0.05546875 0.040625 0.05859375
71 0.62265625 0.05703125 0.046875 0.05625
36 0.74609375 0.67421875 0.0828125 0.07734375
60 0.12734375 0.74296875 0.2171875 0.06875
71 0.73984375 0.04609375 0.1609375 0.05
71 0.403125 0.19765625 0.146875 0.03359375
71 0.58359375 0.26796875 0.0515625 0.01484375
71 0.7671875 0.02421875 0.090625 0.01640625
71 0.76484375 0.05390625 0.1328125 0.0375
71 0.52109375 0.26484375 0.0734375 0.01875
71 0.52890625 0.05546875 0.109375 0.02265625
71 0.56328125 0.73046875 0.234375 0.0625