2 0.846875 0.684375 0.046875 0.125
0 0.64921875 0.5546875 0.025 0.0828125
0 0.72109375 0.56796875 0.015625 0.0796875
12 0.1609375 0.5796875 0.065625 0.06875
12 0.534375 0.571875 0.153125 0.153125
12 0.4546875 0.56953125 0.0421875 0.065625
12 0.93828125 0.8828125 0.115625 0.2265625
12 0.20234375 0.5703125 0.05625 0.059375
12 0.0953125 0.5921875 0.1078125 0.1015625
12 0.22890625 0.565625 0.034375 0.046875
0 0.6703125 0.584375 0.01875 0.075
0 0.7 0.55234375 0.03125 0.0875
12 0.23671875 0.55703125 0.046875 0.05
12 0.26875 0.5546875 0.025 0.034375
12 0.28828125 0.54921875 0.021875 0.0265625
12 0.32578125 0.54375 0.025 0.025
67 0.45 0.553125 0.0578125 0.071875
0 0.64375 0.553125 0.025 0.084375
12 0.30390625 0.546875 0.0203125 0.0296875
12 0.478125 0.43203125 0.95625 0.5171875