54 0.6203125 0.321875 0.1171875 0.46015625
35 0.8828125 0.13515625 0.0375 0.08125
35 0.84296875 0.12421875 0.0453125 0.07734375
35 0.91953125 0.13828125 0.0453125 0.08515625
35 0.96484375 0.14609375 0.0375 0.06484375
36 0.909375 0.38046875 0.0375 0.03984375
36 0.878125 0.365625 0.028125 0.03125
36 0.95078125 0.38125 0.034375 0.03359375
36 0.984375 0.38984375 0.03125 0.06015625
60 0.50390625 0.50390625 0.578125 0.68125
36 0.834375 0.35859375 0.0328125 0.03125
36 0.796875 0.34375 0.03125 0.03125
5 0.90625 0.81171875 0.1875 0.33984375
57 0.47890625 0.6890625 0.9546875 0.621875