20 0.51328125 0.709375 0.140625 0.4421875
20 0.6640625 0.603125 0.0859375 0.1921875
20 0.1734375 0.41484375 0.08125 0.2046875
20 0.2609375 0.3625 0.05 0.090625
20 0.84609375 0.23359375 0.034375 0.0796875
0 0.49453125 0.5140625 0.4671875 0.8421875
0 0.6234375 0.45078125 0.2578125 0.5953125
0 0.91640625 0.43515625 0.1671875 0.4203125
0 0.978125 0.3640625 0.04375 0.259375
0 0.9453125 0.18671875 0.109375 0.1515625
0 0.2734375 0.2125 0.06875 0.2265625
0 0.82421875 0.184375 0.090625 0.1828125
0 0.2328125 0.3234375 0.1375 0.3765625
64 0.68515625 0.74140625 0.0296875 0.0359375
64 0.21328125 0.7796875 0.0296875 0.0921875
0 0.9171875 0.1953125 0.071875 0.159375
52 0.10390625 0.671875 0.2078125 0.225
52 0.88984375 0.50859375 0.209375 0.3328125
52 0.859375 0.38046875 0.0796875 0.1390625
52 0.7671875 0.22578125 0.025 0.0359375
52 0.8734375 0.21484375 0.0328125 0.04375
0 0.165625 0.38828125 0.271875 0.5578125
52 0.11640625 0.478125 0.2328125 0.34375