33 0.934375 0.67109375 0.04921875 0.08125
33 0.3234375 0.21640625 0.0515625 0.0640625
33 0.05703125 0.2125 0.05390625 0.065625
0 0.45 0.534375 0.54765625 0.8578125
19 0.17890625 0.5125 0.140625 0.0625
33 0.93828125 0.646875 0.046875 0.0734375
0 0.603125 0.5828125 0.3046875 0.2890625
0 0.20390625 0.0859375 0.33046875 0.171875
33 0.30546875 0.51171875 0.0515625 0.0703125
52 0.95546875 0.5125 0.0890625 0.3859375
52 0.1828125 0.3046875 0.3609375 0.1203125
32 0.79140625 0.30078125 0.23671875 0.2390625
32 0.80078125 0.6625 0.1453125 0.1171875