59 0.8421875 0.4703125 0.1359375 0.3125
52 0.45703125 0.42578125 0.09375 0.19921875
52 0.621875 0.465625 0.08125 0.303125
52 0.46796875 0.42265625 0.053125 0.20390625
53 0.13984375 0.67265625 0.278125 0.56796875
0 0.60390625 0.2734375 0.0859375 0.14296875
60 0.60234375 0.31953125 0.0703125 0.0703125
62 0.8984375 0.62421875 0.103125 0.0328125
62 0.75546875 0.546875 0.04375 0.02109375
36 0.325 0.5625 0.03125 0.06328125
64 0.38125 0.5375 0.0359375 0.01640625
65 0.2328125 0.221875 0.0640625 0.0609375
70 0.23984375 0.4375 0.1109375 0.19453125
33 0.2609375 0.30625 0.0125 0.05625
36 0.1984375 0.334375 0.0140625 0.02578125
57 0.53203125 0.35703125 0.31875 0.0375
52 0.5734375 0.48125 0.0125 0.1078125