26 0.2046875 0.7578125 0.0234375 0.0328125
12 0.37265625 0.31953125 0.2296875 0.18984375
0 0.509375 0.5984375 0.16875 0.70234375
0 0.87578125 0.6484375 0.2484375 0.67421875
28 0.62890625 0.32421875 0.1609375 0.1546875
29 0.8046875 0.95 0.103125 0.075
12 0.5171875 0.2890625 0.059375 0.084375
17 0.08359375 0.84453125 0.159375 0.1453125
17 0.73828125 0.8546875 0.0859375 0.103125
12 0.85234375 0.3 0.14375 0.13828125
17 0.29765625 0.85234375 0.2625 0.121875
17 0.57578125 0.85859375 0.275 0.121875
12 0.7078125 0.32109375 0.1578125 0.121875