0 0.40625 0.98359375 0.0171875 0.02890625
0 0.43203125 0.978125 0.015625 0.04375
0 0.45625 0.97109375 0.003125 0.01015625
0 0.4734375 0.97578125 0.0140625 0.04765625
0 0.4875 0.97890625 0.0125 0.04140625
0 0.3171875 0.971875 0.0171875 0.05625
0 0.01796875 0.95078125 0.0359375 0.09765625
27 0.34296875 0.76484375 0.0109375 0.01484375
27 0.678125 0.2 0.0359375 0.0375
27 0.6640625 0.628125 0.1046875 0.11015625
0 0.59296875 0.91953125 0.1765625 0.16015625
0 0.296875 0.9671875 0.021875 0.065625
27 0.62421875 0.80859375 0.009375 0.01484375
27 0.7171875 0.778125 0.0203125 0.02734375
27 0.8859375 0.353125 0.075 0.07109375
27 0.44609375 0.13203125 0.0296875 0.07734375
27 0.4125 0.75078125 0.015625 0.0125
27 0.421875 0.81171875 0.0171875 0.02109375
27 0.20546875 0.58203125 0.0125 0.01015625
27 0.5203125 0.66484375 0.025 0.02109375
27 0.1203125 0.35390625 0.0078125 0.00390625
0 0.3328125 0.984375 0.021875 0.03125
0 0.3640625 0.9671875 0.021875 0.065625
0 0.3921875 0.9859375 0.009375 0.028125
27 0.68046875 0.88984375 0.0125 0.02265625
27 0.5546875 0.496875 0.884375 0.95234375