27 0.58984375 0.6265625 0.446875 0.6140625
0 0.41484375 0.5 0.3984375 1
0 0.13125 0.2125 0.146875 0.425
0 0.3015625 0.090625 0.0203125 0.0671875
0 0.646875 0.228125 0.0453125 0.1203125
0 0.9796875 0.30234375 0.021875 0.046875
0 0.99296875 0.30703125 0.0140625 0.0453125
0 0.88515625 0.25234375 0.015625 0.0359375
0 0.39609375 0.1484375 0.025 0.05625
12 0.08828125 0.02421875 0.040625 0.0375
12 0.11015625 0.02265625 0.034375 0.0296875
27 0.27734375 0.046875 0.0390625 0.0578125
0 0.34453125 0.14765625 0.0859375 0.21875
0 0.7390625 0.22734375 0.01875 0.0546875
17 0.06328125 0.29453125 0.0703125 0.0671875
0 0.68828125 0.190625 0.0109375 0.0328125
0 0.571875 0.16484375 0.01875 0.0484375
0 0.20859375 0.1921875 0.1640625 0.384375
0 0.67265625 0.20625 0.6546875 0.28125