3 0.4796875 0.33984375 0.2234375 0.2859375
12 0.8484375 0.7765625 0.175 0.1765625
12 0.79765625 0.75546875 0.1078125 0.128125
0 0.42578125 0.8609375 0.1640625 0.278125
0 0.8609375 0.8234375 0.159375 0.275
0 0.7703125 0.68046875 0.0140625 0.0390625
0 0.753125 0.6734375 0.015625 0.0359375
17 0.69765625 0.859375 0.0578125 0.075
17 0.8296875 0.83203125 0.065625 0.1390625
0 0.80390625 0.67265625 0.0140625 0.034375
0 0.7953125 0.67890625 0.0140625 0.0390625
0 0.84453125 0.66953125 0.0140625 0.040625
0 0.6921875 0.73125 0.04375 0.115625
0 0.8328125 0.67421875 0.0171875 0.0390625
0 0.82109375 0.6546875 0.009375 0.025
19 0.7984375 0.6703125 0.003125 0.00625
19 0.3828125 0.86875 0.0421875 0.109375
0 0.65703125 0.8375 0.1671875 0.3
12 0.78984375 0.64296875 0.0171875 0.0203125
17 0.83203125 0.66796875 0.0078125 0.0125
4 0.5015625 0.75625 0.025 0.0609375
0 0.7828125 0.67734375 0.0171875 0.046875