10 0.64140625 0.71484375 0.0671875 0.1546875
10 0.7015625 0.634375 0.08125 0.1296875
10 0.6390625 0.59609375 0.0546875 0.0890625
10 0.609375 0.5453125 0.034375 0.0859375
0 0.3140625 0.66796875 0.1828125 0.63125
10 0.5171875 0.66484375 0.0875 0.1609375
10 0.67421875 0.54453125 0.059375 0.0890625
10 0.96484375 0.52578125 0.0453125 0.090625
10 0.81015625 0.5359375 0.0375 0.0984375
10 0.6578125 0.48984375 0.034375 0.05
10 0.0578125 0.66328125 0.096875 0.1296875
10 0.47109375 0.503125 0.040625 0.05625
10 0.503125 0.528125 0.0421875 0.0625
10 0.58359375 0.51328125 0.0390625 0.0671875
10 0.6984375 0.459375 0.0234375 0.040625
10 0.75625 0.4984375 0.0328125 0.06875
10 0.73046875 0.4640625 0.040625 0.03125
17 0.19609375 0.60078125 0.109375 0.2625
10 0.49375 0.60234375 0.065625 0.0890625
10 0.525 0.56640625 0.8890625 0.346875