12 0.35625 0.62578125 0.5515625 0.371875
12 0.55859375 0.47109375 0.096875 0.0640625
12 0.55625 0.49921875 0.0546875 0.0625
0 0.1421875 0.47890625 0.025 0.034375
0 0.128125 0.49140625 0.025 0.0390625
0 0.6140625 0.4828125 0.0390625 0.090625
0 0.09609375 0.4796875 0.021875 0.0265625
12 0.15 0.50234375 0.0609375 0.053125
12 0.553125 0.43984375 0.0296875 0.009375
79 0.91875 0.32109375 0.03125 0.0453125
4 0.728125 0.5046875 0.0640625 0.2140625
12 0.07109375 0.5671875 0.1421875 0.1859375
79 0.1375 0.396875 0.0203125 0.0359375
79 0.61171875 0.3734375 0.015625 0.0265625
2 0.65390625 0.515625 0.034375 0.0671875