18 0.26484375 0.13046875 0.3421875 0.2453125
18 0.46640625 0.43046875 0.2484375 0.2515625
18 0.5140625 0.3203125 0.1953125 0.1140625
18 0.65078125 0.1453125 0.4 0.2875
0 0.23203125 0.603125 0.1546875 0.615625
0 0.7265625 0.509375 0.1140625 0.11875
0 0.4484375 0.6265625 0.15625 0.53125
0 0.5515625 0.68125 0.1234375 0.4
0 0.63671875 0.51953125 0.071875 0.1640625
0 0.31796875 0.59140625 0.15625 0.640625
0 0.61875 0.596875 0.125 0.29375
19 0.35078125 0.54609375 0.0578125 0.1796875
64 0.3421875 0.3078125 0.015625 0.040625
19 0.43203125 0.55625 0.0859375 0.21875
19 0.24921875 0.5140625 0.10625 0.2515625
52 0.8234375 0.6953125 0.0671875 0.0859375
52 0.58671875 0.6609375 0.0546875 0.165625
17 0.27265625 0.56015625 0.0609375 0.15625
12 0.96328125 0.48984375 0.0734375 0.3421875