52 0.8453125 0.2734375 0.309375 0.475
62 0.26953125 0.4984375 0.1859375 0.225
71 0.278125 0.02421875 0.10625 0.046875
71 0.26953125 0.040625 0.090625 0.028125
71 0.7328125 0.14765625 0.0984375 0.0875
71 0.7578125 0.1515625 0.0796875 0.075
71 0.69296875 0.13984375 0.11875 0.1015625
71 0.609375 0.12890625 0.1296875 0.0359375
71 0.26875 0.08515625 0.0734375 0.025
71 0.2734375 0.05546875 0.109375 0.0484375
71 0.20234375 0.57578125 0.4046875 0.2171875
71 0.09375 0.403125 0.175 0.1359375
71 0.27578125 0.07578125 0.0921875 0.0328125
71 0.78984375 0.14453125 0.059375 0.0671875
57 0.2859375 0.6453125 0.571875 0.68125
71 0.56171875 0.0890625 0.1671875 0.053125
0 0.47578125 0.5421875 0.6671875 0.915625
71 0.53359375 0.19921875 0.7140625 0.3984375