38 0.89375 0.64296875 0.0296875 0.0703125
38 0.9 0.584375 0.0328125 0.0703125
39 0.6734375 0.56328125 0.0515625 0.1015625
39 0.72421875 0.5296875 0.028125 0.109375
40 0.6328125 0.7609375 0.06875 0.078125
66 0.39921875 0.78125 0.5484375 0.4375
33 0.45546875 0.4828125 0.046875 0.21875
38 0.8796875 0.59140625 0.0453125 0.1046875
38 0.88203125 0.64921875 0.0296875 0.0671875
38 0.909375 0.62734375 0.0359375 0.0921875
70 0.91640625 0.56953125 0.1671875 0.7984375
74 0.7203125 0.58828125 0.0390625 0.0484375