23 0.5 0.5 1 1
33 0.0890625 0.37265625 0.1 0.2
33 0.1828125 0.32578125 0.0859375 0.153125
33 0.09296875 0.134375 0.103125 0.1515625
33 0.025 0.159375 0.05 0.165625
33 0.2828125 0.0828125 0.0828125 0.1125
33 0.3765625 0.06015625 0.075 0.0984375
33 0.33515625 0.2515625 0.0578125 0.134375
33 0.55390625 0.1703125 0.0671875 0.1515625
33 0.0953125 0.5859375 0.0828125 0.134375
33 0.17578125 0.55703125 0.065625 0.121875
33 0.49609375 0.18125 0.0640625 0.13125
33 0.03046875 0.425 0.0609375 0.18125
33 0.6109375 0.1296875 0.065625 0.1578125
33 0.57421875 0.18671875 0.7734375 0.3734375