26 0.6609375 0.259375 0.0203125 0.028125
0 0.3546875 0.69453125 0.346875 0.6109375
0 0.7640625 0.653125 0.1890625 0.5921875
0 0.72890625 0.07734375 0.0875 0.0984375
0 0.80625 0.05859375 0.0921875 0.10625
0 0.75390625 0.0453125 0.0703125 0.090625
0 0.90859375 0.04140625 0.0859375 0.0828125
32 0.17734375 0.64765625 0.16875 0.1984375
32 0.71015625 0.84609375 0.090625 0.2078125
0 0.884375 0.06875 0.0953125 0.10625
0 0.68359375 0.06484375 0.0828125 0.1296875
52 0.16875 0.1171875 0.10625 0.153125
52 0.06640625 0.1359375 0.1328125 0.1625
0 0.63515625 0.10234375 0.0640625 0.075
0 0.509375 0.09140625 0.0890625 0.1765625
0 0.6109375 0.06015625 0.1 0.1203125
0 0.4765625 0.06640625 0.034375 0.059375
0 0.559375 0.11015625 0.096875 0.1125