52 0.409375 0.2921875 0.24765625 0.18203125
57 0.6421875 0.76171875 0.715625 0.4359375
0 0.665625 0.34375 0.51171875 0.528125
0 0.1984375 0.5078125 0.2828125 0.68984375
0 0.19296875 0.11171875 0.19453125 0.20390625
0 0.12265625 0.08671875 0.1015625 0.115625
40 0.934375 0.78984375 0.13046875 0.11171875
0 0.57734375 0.18203125 0.10703125 0.26015625
0 0.06796875 0.14765625 0.1015625 0.15
0 0.71875 0.0640625 0.0640625 0.04375
36 0.38515625 0.378125 0.053125 0.04765625
36 0.38828125 0.415625 0.0453125 0.0078125
51 0.384375 0.48671875 0.0296875 0.021875
52 0.10703125 0.178125 0.0640625 0.05390625
52 0.10546875 0.24921875 0.10390625 0.08828125
52 0.13046875 0.8078125 0.253125 0.384375
0 0.77890625 0.1296875 0.0453125 0.11796875