0 0.14921875 0.8578125 0.04375 0.0890625
0 0.23359375 0.8640625 0.0484375 0.08125
0 0.50234375 0.8921875 0.015625 0.0140625
0 0.6625 0.8890625 0.0140625 0.0265625
0 0.71171875 0.89140625 0.0109375 0.0203125
0 0.43125 0.88515625 0.0171875 0.028125
0 0.684375 0.8890625 0.0125 0.021875
0 0.6375 0.88828125 0.0125 0.021875
0 0.4578125 0.8921875 0.01875 0.0140625
27 0.71484375 0.25703125 0.1140625 0.0640625
27 0.9375 0.15859375 0.125 0.0953125
0 0.65 0.8875 0.0109375 0.0171875
0 0.43359375 0.88828125 0.0109375 0.021875
0 0.4484375 0.89140625 0.0109375 0.0171875