0 0.27109375 0.87734375 0.0671875 0.1484375
0 0.4828125 0.8828125 0.0421875 0.11875
0 0.18984375 0.84765625 0.04375 0.1046875
1 0.2671875 0.93203125 0.1375 0.1015625
12 0.71796875 0.8734375 0.1328125 0.0984375
52 0.10859375 0.8671875 0.0390625 0.0578125
12 0.43671875 0.84296875 0.053125 0.0375
12 0.53515625 0.86328125 0.09375 0.0765625
12 0.053125 0.88359375 0.10625 0.1390625
79 0.36640625 0.75078125 0.03125 0.0640625
67 0.77265625 0.8546875 0.1359375 0.1203125
3 0.38671875 0.68203125 0.0328125 0.0671875