0 0.48515625 0.62578125 0.24375 0.6609375
0 0.878125 0.71796875 0.18984375 0.48984375
0 0.94375 0.70234375 0.10625 0.54921875
0 0.04375 0.3453125 0.0796875 0.3
0 0.82890625 0.29453125 0.05 0.08671875
0 0.6078125 0.315625 0.06015625 0.078125
0 0.925 0.3046875 0.0703125 0.09296875
0 0.78984375 0.459375 0.0578125 0.075
28 0.51875 0.29140625 0.16796875 0.225
0 0.6109375 0.39765625 0.04375 0.17421875
0 0.3640625 0.30625 0.0578125 0.084375
0 0.3171875 0.30625 0.04375 0.084375
0 0.24765625 0.29296875 0.03984375 0.06640625
29 0.81328125 0.66640625 0.0203125 0.05390625
0 0.2 0.29609375 0.034375 0.08984375
0 0.49921875 0.25859375 0.99765625 0.51640625