12 0.3109375 0.890625 0.0171875 0.025
12 0.98203125 0.7 0.0171875 0.0265625
12 0.3046875 0.95859375 0.025 0.025
12 0.37421875 0.79921875 0.0171875 0.025
34 0.48203125 0.540625 0.484375 0.2359375
67 0.18828125 0.90546875 0.0390625 0.0609375
79 0.384375 0.35625 0.003125 0.0046875
12 0.1640625 0.990625 0.021875 0.01875
12 0.19609375 0.9625 0.021875 0.028125
12 0.24765625 0.91015625 0.0140625 0.021875
12 0.23125 0.89453125 0.0171875 0.025
12 0.34453125 0.8921875 0.015625 0.025
12 0.48828125 0.47734375 0.009375 0.0140625
12 0.08515625 0.49453125 0.0125 0.015625
12 0.37890625 0.8484375 0.0203125 0.03125
45 0.66796875 0.4765625 0.0375 0.0265625
67 0.5203125 0.46796875 0.0203125 0.034375
12 0.4546875 0.43828125 0.0109375 0.0109375
45 0.7546875 0.91015625 0.025 0.0484375
67 0.19453125 0.96328125 0.0203125 0.0265625
12 0.30859375 0.36484375 0.6171875 0.3109375