57 0.628125 0.7140625 0.73359375 0.571875
35 0.65625 0.66640625 0.0703125 0.15
38 0.4578125 0.73515625 0.12421875 0.03125
0 0.7 0.38203125 0.15 0.27421875
0 0.93046875 0.584375 0.1390625 0.41328125
0 0.28984375 0.4046875 0.15390625 0.2859375
0 0.4609375 0.35078125 0.2171875 0.2125
0 0.184375 0.46484375 0.178125 0.2859375
0 0.15 0.678125 0.3 0.609375
0 0.8515625 0.490625 0.12890625 0.315625
0 0.21953125 0.28203125 0.103125 0.134375
0 0.80859375 0.4171875 0.30703125 0.428125
0 0.1125 0.309375 0.134375 0.15
0 0.6046875 0.2953125 0.171875 0.28125
0 0.2875 0.24453125 0.0640625 0.1
35 0.5671875 0.76484375 0.08203125 0.2203125
36 0.45859375 0.55703125 0.05234375 0.1078125
36 0.63515625 0.5953125 0.05234375 0.08515625
37 0.3828125 0.978125 0.22578125 0.04375
37 0.3796875 0.9671875 0.2171875 0.05546875
38 0.89296875 0.7359375 0.1125 0.03125
52 0.91796875 0.31640625 0.06171875 0.05859375
19 0.13515625 0.8625 0.2546875 0.2546875
33 0.56171875 0.58125 0.02578125 0.078125
35 0.4046875 0.43125 0.040625 0.04609375
36 0.78984375 0.7453125 0.0703125 0.11953125
36 0.546875 0.44765625 0.0359375 0.0703125
36 0.51015625 0.453125 0.0375 0.0640625
36 0.484375 0.5546875 0.040625 0.08359375
36 0.428125 0.465625 0.0421875 0.065625
37 0.4421875 0.71484375 0.11796875 0.0359375
0 0.4078125 0.3015625 0.0796875 0.16484375
36 0.53203125 0.71328125 0.0390625 0.1140625
37 0.36875 0.56484375 0.1140625 0.01796875
37 0.7375 0.62109375 0.09609375 0.01015625
37 0.6359375 0.49453125 0.08203125 0.028125
37 0.55078125 0.990625 0.0296875 0.01796875
38 0.72734375 0.615625 0.140625 0.01328125
38 0.4140625 0.575 0.034375 0.00625
39 0.384375 0.49375 0.02421875 0.01171875
36 0.54609375 0.528125 0.04765625 0.08515625
36 0.41484375 0.4890625 0.0375 0.06171875
36 0.72109375 0.884375 0.09609375 0.178125
36 0.53203125 0.5140625 0.04375 0.0765625