0 0.221875 0.64921875 0.1734375 0.2375
0 0.39765625 0.6609375 0.2546875 0.125
0 0.88359375 0.5953125 0.13125 0.0875
0 0.53125 0.5546875 0.0515625 0.059375
25 0.3953125 0.89609375 0.6625 0.2078125
25 0.696875 0.64140625 0.60625 0.1234375
0 0.28671875 0.5875 0.0625 0.0734375
0 0.38125 0.58046875 0.078125 0.096875
25 0.38359375 0.62109375 0.0734375 0.021875
0 0.23515625 0.56875 0.0203125 0.0125
0 0.2609375 0.62109375 0.025 0.021875
0 0.07890625 0.60703125 0.08125 0.0640625
0 0.05625 0.61484375 0.0765625 0.053125