52 0.46015625 0.4875 0.225 0.53359375
57 0.503125 0.83828125 0.990625 0.29765625
0 0.18515625 0.53828125 0.33125 0.6671875
0 0.7734375 0.41328125 0.453125 0.81484375
0 0.49375 0.20625 0.1390625 0.4078125
0 0.03671875 0.1828125 0.0734375 0.365625
0 0.14140625 0.1859375 0.2203125 0.36796875
0 0.30390625 0.25078125 0.11875 0.49921875
35 0.846875 0.7421875 0.1265625 0.30703125
36 0.76015625 0.64375 0.09375 0.0890625
36 0.2578125 0.81953125 0.1453125 0.1640625
36 0.64453125 0.69765625 0.140625 0.12421875
36 0.44921875 0.85703125 0.1265625 0.28359375
37 0.60078125 0.79140625 0.1625 0.06796875
39 0.97578125 0.87578125 0.0234375 0.01640625
39 0.575 0.878125 0.096875 0.10078125
39 0.5765625 0.79375 0.0421875 0.04921875
50 0.27265625 0.559375 0.1125 0.13828125
19 0.3375 0.39921875 0.1109375 0.3609375
0 0.98359375 0.1734375 0.0328125 0.13828125
0 0.6890625 0.11953125 0.084375 0.11015625
0 0.3984375 0.2375 0.1 0.4734375
52 0.040625 0.65078125 0.08125 0.55234375
52 0.53046875 0.3328125 0.1125 0.29765625
52 0.58359375 0.35234375 0.028125 0.12421875
0 0.58359375 0.15546875 0.0921875 0.3109375
0 0.6453125 0.121875 0.0578125 0.11484375
19 0.44296875 0.1296875 0.0671875 0.1640625
19 0.4734375 0.121875 0.0390625 0.14765625
35 0.73828125 0.82421875 0.121875 0.3515625
35 0.4359375 0.66015625 0.1140625 0.15234375
36 0.73984375 0.82734375 0.1203125 0.3453125
37 0.6265625 0.79140625 0.0484375 0.0375
57 0.57265625 0.32421875 0.05625 0.07734375