54 0.575 0.5578125 0.1703125 0.121875
33 0.85703125 0.66171875 0.0875 0.1625
52 0.621875 0.871875 0.4453125 0.25625
52 0.4078125 0.840625 0.35 0.31875
52 0.26484375 0.7640625 0.3171875 0.203125
33 0.23046875 0.54375 0.0296875 0.05
33 0.2109375 0.5375 0.03125 0.0609375
33 0.19609375 0.546875 0.01875 0.040625
33 0.27265625 0.5234375 0.0375 0.071875
70 0.6578125 0.415625 0.2078125 0.30625
66 0.80390625 0.39375 0.1109375 0.121875
69 0.48125 0.55 0.390625 0.121875
33 0.2453125 0.53359375 0.0328125 0.059375
52 0.17109375 0.6640625 0.2375 0.1234375
52 0.178125 0.70390625 0.0953125 0.1125
73 0.571875 0.59609375 0.040625 0.0375