12 0.3046875 0.63984375 0.2171875 0.0921875
12 0.98203125 0.61640625 0.0359375 0.0546875
23 0.384375 0.80625 0.3859375 0.30625
23 0.61015625 0.80703125 0.1015625 0.1640625
12 0.69375 0.609375 0.078125 0.0390625
2 0.83671875 0.721875 0.0546875 0.121875
13 0.490625 0.38125 0.0796875 0.15625
13 0.315625 0.48828125 0.0953125 0.1953125
13 0.41328125 0.41953125 0.0828125 0.1734375
13 0.5234375 0.36171875 0.0671875 0.15
13 0.37734375 0.46328125 0.0828125 0.184375
13 0.4515625 0.4015625 0.046875 0.1421875
0 0.93828125 0.68984375 0.0875 0.284375
0 0.9046875 0.66171875 0.05 0.2421875
0 0.63828125 0.6265625 0.05625 0.1375
0 0.46875 0.7140625 0.0703125 0.1796875
0 0.58515625 0.62890625 0.06875 0.1515625
0 0.38046875 0.78984375 0.1765625 0.359375
0 0.52265625 0.67265625 0.0765625 0.13125
0 0.15546875 0.628125 0.0703125 0.2078125
12 0.721875 0.60390625 0.1421875 0.05
0 0.60625 0.6390625 0.0515625 0.1125
0 0.0609375 0.68125 0.059375 0.171875
0 0.740625 0.68046875 0.078125 0.2078125
0 0.334375 0.54296875 0.040625 0.0703125
12 0.684375 0.62421875 0.0578125 0.0453125
12 0.83984375 0.65859375 0.140625 0.21875
23 0.46328125 0.76953125 0.3171875 0.265625
23 0.62890625 0.78984375 0.0921875 0.1453125
13 0.54921875 0.340625 0.04375 0.1296875
13 0.57734375 0.30625 0.0546875 0.1234375
0 0.2390625 0.50078125 0.0328125 0.075
0 0.28203125 0.571875 0.5640625 0.490625