9 0.325 0.56015625 0.2609375 0.2859375
9 0.36640625 0.575 0.2234375 0.240625
78 0.490625 0.48515625 0.715625 0.3640625
0 0.653125 0.44765625 0.090625 0.1046875
0 0.35234375 0.403125 0.0421875 0.0796875
0 0.41015625 0.396875 0.053125 0.115625
0 0.13203125 0.54609375 0.06875 0.1375
0 0.0546875 0.5703125 0.109375 0.209375
0 0.32265625 0.38515625 0.0515625 0.1109375
0 0.46171875 0.39765625 0.0578125 0.1328125
9 0.4578125 0.553125 0.0953125 0.225
0 0.28671875 0.38359375 0.059375 0.090625
0 0.68046875 0.42734375 0.025 0.0328125
0 0.4953125 0.40546875 0.0375 0.0578125