1 0.8921875 0.35 0.1140625 0.1234375
1 0.96953125 0.36484375 0.0484375 0.109375
30 0.30546875 0.91640625 0.2375 0.1625
30 0.82890625 0.49140625 0.040625 0.03125
17 0.86484375 0.3015625 0.0171875 0.0453125
67 0.8390625 0.2515625 0.296875 0.259375
0 0.31171875 0.5390625 0.5703125 0.8546875
0 0.615625 0.30859375 0.0515625 0.14375
0 0.66171875 0.29609375 0.0484375 0.0921875
0 0.7015625 0.2921875 0.0375 0.0921875
0 0.72734375 0.26328125 0.0265625 0.05625
0 0.81875 0.36875 0.0828125 0.2421875
0 0.85078125 0.3171875 0.0609375 0.1703125
0 0.953125 0.30625 0.071875 0.1578125
0 0.96953125 0.29453125 0.0375 0.1453125
54 0.559375 0.3234375 0.078125 0.1078125
54 0.4734375 0.32734375 0.0796875 0.1265625
0 0.00703125 0.41796875 0.0140625 0.1703125