33 0.6359375 0.10859375 0.08125 0.2171875
33 0.0703125 0.49609375 0.140625 0.2515625
64 0.30625 0.95546875 0.1125 0.0890625
0 0.384375 0.07734375 0.25625 0.1546875
0 0.1515625 0.1109375 0.225 0.1796875
0 0.03203125 0.12265625 0.0640625 0.1703125
36 0.70390625 0.67890625 0.1046875 0.1609375
36 0.86953125 0.58671875 0.1125 0.1765625
36 0.0984375 0.7109375 0.125 0.178125
36 0.8203125 0.05078125 0.053125 0.075
36 0.0265625 0.275 0.053125 0.090625
38 0.9625 0.728125 0.075 0.11875
39 0.6703125 0.30078125 0.2109375 0.0984375
39 0.41796875 0.20078125 0.071875 0.1421875
39 0.103125 0.3078125 0.140625 0.084375
39 0.98671875 0.81328125 0.0265625 0.0734375
40 0.375 0.41328125 0.209375 0.1953125
40 0.59765625 0.32734375 0.2 0.19375
36 0.07109375 0.615625 0.1046875 0.1359375
36 0.09765625 0.25 0.0671875 0.096875
40 0.215625 0.49609375 0.1953125 0.178125
40 0.21875 0.70625 0.14375 0.1515625
40 0.40234375 0.5953125 0.2109375 0.2125
40 0.41171875 0.25 0.196875 0.178125
40 0.2109375 0.27421875 0.2296875 0.1765625
40 0.92890625 0.40625 0.1421875 0.23125
40 0.56796875 0.48046875 0.159375 0.1375
49 0.82421875 0.253125 0.3171875 0.2296875
57 0.5 0.5 1 1
0 0.6125 0.04921875 0.215625 0.0984375
38 0.3609375 0.1453125 0.0796875 0.040625
38 0.046875 0.234375 0.0375 0.0546875
38 0.5921875 0.12578125 0.0359375 0.0609375
52 0.04375 0.12265625 0.0734375 0.1609375
37 0.15 0.20078125 0.08125 0.0296875
37 0.96015625 0.9328125 0.0796875 0.0625
39 0.49296875 0.34296875 0.13125 0.1578125
40 0.77734375 0.0265625 0.0578125 0.053125
40 0.28984375 0.18671875 0.075 0.0625
40 0.534375 0.1359375 0.075 0.071875
0 0.771875 0.02109375 0.090625 0.0421875
0 0.08515625 0.88203125 0.1265625 0.2359375
36 0.8265625 0.0109375 0.05625 0.021875