36 0.94921875 0.403125 0.1015625 0.428125
41 0.41015625 0.18046875 0.15 0.2265625
42 0.2046875 0.53359375 0.1984375 0.26875
44 0.12109375 0.4015625 0.2421875 0.4125
41 0.2796875 0.17421875 0.2375 0.2546875
41 0.475 0.0875 0.1734375 0.1203125
41 0.50625 0.234375 0.1140625 0.2328125
47 0.69296875 0.4734375 0.5515625 0.4125
41 0.28828125 0.9359375 0.078125 0.0859375
47 0.38046875 0.88984375 0.115625 0.1265625
47 0.31875 0.940625 0.134375 0.1109375
47 0.21796875 0.95 0.125 0.0859375
47 0.17265625 0.9328125 0.1 0.115625
47 0.2546875 0.86953125 0.0984375 0.05
47 0.265625 0.77109375 0.390625 0.178125
49 0.684375 0.70078125 0.309375 0.2078125