33 0.11328125 0.11953125 0.05625 0.1609375
33 0.19375 0.11796875 0.0546875 0.175
33 0.5234375 0.07421875 0.053125 0.1484375
33 0.56640625 0.0734375 0.0515625 0.146875
57 0.48828125 0.80703125 0.9390625 0.3859375
0 0.190625 0.51171875 0.38125 0.4953125
0 0.06328125 0.2125 0.1265625 0.334375
0 0.33828125 0.23359375 0.296875 0.459375
0 0.77734375 0.2984375 0.4078125 0.596875
5 0.034375 0.540625 0.06875 0.175
36 0.89921875 0.8609375 0.1390625 0.2078125
49 0.5828125 0.7265625 0.1390625 0.109375
49 0.13203125 0.20546875 0.059375 0.05
19 0.62890625 0.26328125 0.153125 0.3984375
19 0.29453125 0.25234375 0.234375 0.48125
5 0.56328125 0.26953125 0.0921875 0.15625
36 0.484375 0.7671875 0.1078125 0.2015625
36 0.95859375 0.73359375 0.0828125 0.2171875
49 0.2265625 0.803125 0.0796875 0.1015625
57 0.159375 0.16015625 0.1796875 0.2671875
0 0.46796875 0.4015625 0.2859375 0.596875
57 0.53828125 0.146875 0.1703125 0.1
0 0.93359375 0.01796875 0.0390625 0.0359375
5 0.5609375 0.39765625 0.0984375 0.084375
33 0.21484375 0.078125 0.0390625 0.1046875
0 0.8234375 0.37734375 0.353125 0.6546875
37 0.5046875 0.42109375 0.1203125 0.221875