23 0.51015625 0.48828125 0.9484375 0.971875
23 0.82265625 0.446875 0.3546875 0.4390625
0 0.54453125 0.2078125 0.11875 0.28984375
0 0.3171875 0.21015625 0.08125 0.2515625
0 0.0484375 0.29609375 0.0953125 0.50625
0 0.21171875 0.27578125 0.021875 0.09296875
0 0.8515625 0.2609375 0.121875 0.16640625
0 0.59765625 0.19609375 0.0390625 0.16875
0 0.921875 0.2390625 0.075 0.2375
0 0.38203125 0.2609375 0.0578125 0.11640625
0 0.42265625 0.23359375 0.0453125 0.23984375
0 0.465625 0.21875 0.065625 0.26640625
0 0.25546875 0.26953125 0.0296875 0.13515625
0 0.1265625 0.26875 0.078125 0.33984375
0 0.1390625 0.2515625 0.0859375 0.35625