79 0.48984375 0.3640625 0.0296875 0.071875
79 0.08125 0.2703125 0.0359375 0.0953125
79 0.77421875 0.43984375 0.0203125 0.0390625
0 0.31015625 0.65 0.4859375 0.6703125
0 0.425 0.5109375 0.0859375 0.1328125
0 0.73203125 0.7046875 0.2328125 0.49375
0 0.8078125 0.78203125 0.359375 0.4359375
0 0.5671875 0.64296875 0.178125 0.359375
0 0.703125 0.5390625 0.059375 0.0953125
0 0.7875 0.53046875 0.06875 0.1109375
0 0.896875 0.68359375 0.1828125 0.3625
0 0.4828125 0.565625 0.1015625 0.2421875
0 0.06015625 0.5140625 0.1203125 0.321875
1 0.45390625 0.69375 0.05625 0.10625
1 0.0453125 0.60546875 0.0703125 0.175
1 0.53671875 0.80390625 0.2015625 0.3296875
19 0.15234375 0.46953125 0.05 0.078125
0 0.6359375 0.56875 0.1265625 0.2203125
1 0.809375 0.7515625 0.0625 0.13125
1 0.1625 0.54609375 0.046875 0.0796875
1 0.8453125 0.759375 0.1234375 0.2140625
1 0.6359375 0.91875 0.071875 0.1625
1 0.10078125 0.5234375 0.0421875 0.1
1 0.76953125 0.86875 0.084375 0.1078125
0 0.15390625 0.515625 0.11875 0.2359375
0 0.5359375 0.53671875 0.06875 0.1734375
1 0.48046875 0.65390625 0.0546875 0.1515625
1 0.5046875 0.628125 0.0328125 0.06875
1 0.64296875 0.6765625 0.0359375 0.05
1 0.16484375 0.55 0.0140625 0.0296875
0 0.49375 0.5171875 0.8859375 0.3296875