79 0.46875 0.3671875 0.01875 0.0703125
79 0.05078125 0.33828125 0.021875 0.09375
79 0.76171875 0.39765625 0.0140625 0.0375
0 0.3359375 0.678125 0.39375 0.61640625
0 0.42734375 0.52265625 0.0671875 0.12421875
0 0.7609375 0.665625 0.1609375 0.475
0 0.85390625 0.76015625 0.2921875 0.45625
0 0.5890625 0.63046875 0.1265625 0.34453125
0 0.70703125 0.50703125 0.0453125 0.0890625
0 0.7890625 0.48515625 0.053125 0.10390625
0 0.92109375 0.61953125 0.1296875 0.34609375
0 0.49296875 0.5671875 0.065625 0.234375
0 0.05390625 0.5859375 0.1015625 0.309375
1 0.484375 0.6984375 0.040625 0.1015625
1 0.0671875 0.675 0.04375 0.1703125
1 0.58359375 0.79453125 0.1546875 0.309375
19 0.1515625 0.52421875 0.0390625 0.07265625
0 0.6453125 0.546875 0.0953125 0.2078125
1 0.84453125 0.7 0.04375 0.1265625
1 0.17421875 0.5984375 0.0359375 0.075
1 0.88203125 0.70234375 0.09375 0.2015625
1 0.7015625 0.8984375 0.0453125 0.1703125
1 0.109375 0.5859375 0.0265625 0.09765625
1 0.82421875 0.821875 0.0703125 0.09765625
0 0.1609375 0.56953125 0.084375 0.22578125
0 0.54140625 0.53046875 0.04375 0.16796875
1 0.5046875 0.6546875 0.03125 0.14921875
1 0.525 0.62578125 0.0234375 0.06640625
1 0.66875 0.65234375 0.0296875 0.0453125
1 0.1765625 0.6015625 0.009375 0.02890625
0 0.496875 0.51796875 0.865625 0.196875