33 0.86953125 0.259375 0.03359375 0.0828125
33 0.81015625 0.22578125 0.05 0.1265625
37 0.42109375 0.54765625 0.04765625 0.021875
37 0.42421875 0.56875 0.02265625 0.0171875
38 0.49921875 0.61953125 0.24609375 0.0296875
38 0.63046875 0.6125 0.02890625 0.0140625
40 0.475 0.48671875 0.40625 0.1234375
17 0.29296875 0.278125 0.18359375 0.1421875
38 0.54765625 0.5453125 0.23515625 0.053125
38 0.42265625 0.57109375 0.01484375 0.009375
57 0.40625 0.74765625 0.8125 0.5046875
17 0.45390625 0.3234375 0.175 0.090625
38 0.40625 0.56328125 0.02734375 0.003125
57 0.85859375 0.3875 0.16015625 0.265625
33 0.79140625 0.26484375 0.05390625 0.0828125
33 0.80625 0.23203125 0.02734375 0.09375
33 0.83671875 0.2671875 0.02265625 0.075
37 0.42265625 0.5828125 0.02109375 0.015625
37 0.45625 0.52578125 0.03125 0.01875
39 0.39375 0.60078125 0.02265625 0.0140625
37 0.4125 0.5546875 0.02265625 0.0078125
38 0.51484375 0.58984375 0.26875 0.0265625