33 0.71640625 0.56640625 0.021875 0.09609375
70 0.26796875 0.6203125 0.2109375 0.53828125
36 0.8078125 0.28828125 0.0375 0.0375
36 0.77734375 0.29140625 0.03125 0.0328125
36 0.91484375 0.28203125 0.0078125 0.02578125
36 0.93203125 0.2765625 0.025 0.03515625
36 0.74609375 0.2953125 0.0140625 0.03046875
40 0.740625 0.4359375 0.0328125 0.01640625
40 0.8375 0.4296875 0.0359375 0.02109375
66 0.51328125 0.76328125 0.2109375 0.3796875
68 0.7765625 0.58046875 0.0734375 0.075
36 0.87265625 0.27421875 0.0296875 0.0515625
39 0.66640625 0.53359375 0.01875 0.03515625
37 0.70078125 0.53984375 0.0046875 0.02578125
37 0.6890625 0.5375 0.0140625 0.03046875
69 0.91640625 0.7609375 0.15625 0.0890625
69 0.90546875 0.65234375 0.1890625 0.0609375
36 0.82421875 0.290625 0.021875 0.02578125
36 0.89765625 0.2765625 0.021875 0.0421875
36 0.8453125 0.28828125 0.01875 0.02578125
39 0.6515625 0.39375 0.0078125 0.028125
40 0.66640625 0.396875 0.0046875 0.01875