7 0.21640625 0.2234375 0.35078125 0.21875
1 0.93671875 0.321875 0.075 0.1796875
0 0.728125 0.4046875 0.38984375 0.7953125
0 0.3296875 0.4953125 0.65859375 0.9859375
0 0.49765625 0.159375 0.146875 0.1625
0 0.4390625 0.0828125 0.028125 0.04375
17 0.25078125 0.3578125 0.4953125 0.4125
19 0.7546875 0.221875 0.1609375 0.171875
4 0.959375 0.190625 0.05859375 0.109375
17 0.559375 0.3390625 0.11953125 0.21875
54 0.56875 0.04453125 0.08203125 0.0796875
54 0.621875 0.0515625 0.065625 0.0765625
0 0.57109375 0.13515625 0.04921875 0.065625
17 0.45546875 0.1765625 0.07265625 0.0484375