12 0.8203125 0.5671875 0.0328125 0.0296875
12 0.86484375 0.63515625 0.0765625 0.1203125
79 0.59609375 0.30546875 0.046875 0.165625
79 0.63671875 0.30625 0.0359375 0.1359375
2 0.86953125 0.7125 0.025 0.071875
0 0.79375 0.72421875 0.0890625 0.3328125
0 0.715625 0.59609375 0.0140625 0.059375
12 0.8234375 0.6203125 0.034375 0.0671875
12 0.8515625 0.5671875 0.021875 0.025
67 0.86484375 0.6328125 0.0859375 0.1078125
0 0.8390625 0.56953125 0.0046875 0.0265625
12 0.91796875 0.66484375 0.1296875 0.1375
12 0.975 0.59453125 0.040625 0.040625
12 0.80546875 0.57734375 0.034375 0.025
12 0.68515625 0.5828125 0.0203125 0.0359375
12 0.98984375 0.5984375 0.01875 0.0453125
12 0.94765625 0.584375 0.0359375 0.0453125
12 0.86875 0.5703125 0.0125 0.0140625
12 0.8859375 0.56640625 0.0234375 0.01875
0 0.7015625 0.59375 0.015625 0.0671875
12 0.90546875 0.58125 0.0171875 0.025
54 0.4953125 0.69609375 0.034375 0.09375
54 0.60390625 0.671875 0.0515625 0.0515625