28 0.24921875 0.53984375 0.0046875 0.01953125
0 0.240625 0.696875 0.040625 0.16875
26 0.34765625 0.55703125 0.0046875 0.00859375
0 0.70859375 0.78671875 0.0640625 0.196875
0 0.82421875 0.73671875 0.0484375 0.1328125
0 0.80546875 0.67578125 0.04375 0.15546875
0 0.2515625 0.171875 0.009375 0.025
0 0.596875 0.18828125 0.0125 0.02734375
0 0.44296875 0.521875 0.0234375 0.04453125
0 0.86796875 0.23671875 0.0125 0.025
0 0.2640625 0.5765625 0.040625 0.1109375
0 0.346875 0.5265625 0.0203125 0.04140625
0 0.16875 0.5875 0.03125 0.08828125
29 0.21015625 0.584375 0.009375 0.0140625
29 0.85 0.5578125 0.0078125 0.0109375
0 0.21015625 0.5640625 0.0234375 0.05
0 0.8359375 0.5828125 0.0375 0.11328125
0 0.49921875 0.4984375 0.9984375 0.996875