54 0.13125 0.3875 0.140625 0.14375
54 0.06328125 0.45390625 0.05625 0.11875
54 0.12890625 0.440625 0.0359375 0.05
52 0.7171875 0.73203125 0.26875 0.45
52 0.58046875 0.484375 0.1734375 0.18359375
52 0.3484375 0.47421875 0.18125 0.17265625
53 0.33984375 0.76875 0.6765625 0.43515625
53 0.946875 0.89375 0.10625 0.20625
0 0.24375 0.48828125 0.1296875 0.21875
71 0.36875 0.30078125 0.00625 0.04609375
71 0.36171875 0.221875 0.01875 0.04609375
71 0.3921875 0.37109375 0.0421875 0.05390625
71 0.38984375 0.43203125 0.034375 0.01875
71 0.3828125 0.303125 0.0203125 0.00390625
71 0.3828125 0.22421875 0.00625 0.04375
71 0.3640625 0.4625 0.040625 0.0125
71 0.35859375 0.375 0.0265625 0.05390625
71 0.359375 0.41171875 0.0296875 0.01484375
71 0.38203125 0.44453125 0.0375 0.01484375
71 0.359375 0.46484375 0.05625 0.03515625
71 0.84296875 0.6375 0.0703125 0.05859375
71 0.35546875 0.29453125 0.0203125 0.05625
33 0.90625 0.39296875 0.025 0.07734375
33 0.721875 0.25 0.009375 0.06015625
71 0.3921875 0.22421875 0.0078125 0.04140625
72 0.58828125 0.13828125 0.0421875 0.06640625
33 0.88125 0.39453125 0.034375 0.07734375
73 0.74375 0.25234375 0.021875 0.0625
73 0.91484375 0.27578125 0.025 0.05390625
71 0.6671875 0.44609375 0.653125 0.50390625