12 0.353125 0.7671875 0.1125 0.1296875
12 0.53125 0.7640625 0.1125 0.103125
12 0.415625 0.746875 0.0421875 0.0421875
12 0.2609375 0.75234375 0.0546875 0.0390625
12 0.02890625 0.7546875 0.0578125 0.053125
12 0.009375 0.7484375 0.01875 0.040625
12 0.09765625 0.7296875 0.0828125 0.04375
79 0.15 0.2921875 0.0515625 0.0609375
79 0.1421875 0.465625 0.0484375 0.0359375
2 0.68359375 0.7546875 0.0171875 0.040625
12 0.053125 0.73359375 0.0234375 0.021875
12 0.2984375 0.7359375 0.015625 0.015625
67 0.3515625 0.76953125 0.1140625 0.128125
79 0.44765625 0.471875 0.046875 0.071875
79 0.11796875 0.08046875 0.065625 0.1171875