79 0.26875 0.62734375 0.04765625 0.06875
0 0.4375 0.75859375 0.12109375 0.1296875
19 0.48046875 0.7546875 0.03359375 0.0546875
12 0.53203125 0.7203125 0.16875 0.0671875
12 0.72265625 0.790625 0.3875 0.15
12 0.253125 0.7390625 0.14140625 0.1015625
12 0.19296875 0.73046875 0.12265625 0.0921875
12 0.478125 0.7421875 0.19609375 0.0984375
12 0.396875 0.6828125 0.08125 0.0359375
12 0.03359375 0.69609375 0.03515625 0.0203125
12 0.94375 0.8203125 0.1125 0.178125
12 0.803125 0.7234375 0.26015625 0.1078125
12 0.44609375 0.68671875 0.03515625 0.015625
79 0.44765625 0.6609375 0.01640625 0.01875
79 0.22578125 0.640625 0.01875 0.034375
79 0.603125 0.64609375 0.0125 0.021875
79 0.46015625 0.66328125 0.0125 0.0171875
0 0.340625 0.73046875 0.11484375 0.11875
79 0.3625 0.6140625 0.01484375 0.0890625
79 0.16171875 0.62734375 0.02265625 0.0390625