3 0.50546875 0.33828125 0.19375 0.265625
12 0.80078125 0.828125 0.1578125 0.159375
12 0.75390625 0.79921875 0.09375 0.11875
0 0.36953125 0.85 0.1328125 0.275
0 0.80546875 0.87265625 0.1296875 0.2546875
0 0.73828125 0.7203125 0.009375 0.0375
0 0.72265625 0.7109375 0.0109375 0.0359375
17 0.63828125 0.8859375 0.05 0.0703125
17 0.77421875 0.8796875 0.0484375 0.134375
0 0.77265625 0.71796875 0.009375 0.034375
0 0.76328125 0.72265625 0.009375 0.0375
0 0.8140625 0.72109375 0.0078125 0.040625
0 0.653125 0.7578125 0.0296875 0.1125
0 0.8015625 0.72421875 0.0125 0.0375
0 0.79296875 0.703125 0.00625 0.025
19 0.76796875 0.71484375 0.0015625 0.00625
19 0.3265625 0.84609375 0.0296875 0.10625
0 0.60234375 0.85703125 0.1328125 0.2859375
12 0.7640625 0.68671875 0.0140625 0.01875
17 0.8015625 0.71796875 0.00625 0.0125
4 0.4609375 0.753125 0.01875 0.059375
0 0.7515625 0.71953125 0.0125 0.046875