54 0.8734375 0.4796875 0.09375 0.125
54 0.7640625 0.41875 0.125 0.14375
54 0.9234375 0.30390625 0.0625 0.0828125
54 0.8828125 0.32265625 0.03125 0.0625
54 0.515625 0.5953125 0.0515625 0.075
52 0.61640625 0.61953125 0.1359375 0.36875
52 0.14453125 0.79296875 0.2671875 0.4140625
57 0.70625 0.75546875 0.5875 0.4703125
0 0.7171875 0.4765625 0.2953125 0.5796875
0 0.45625 0.5 0.6125 1
0 0.12421875 0.52109375 0.2484375 0.3265625
0 0.0359375 0.50859375 0.071875 0.2609375
37 0.8984375 0.77265625 0.16875 0.165625
37 0.940625 0.515625 0.0875 0.028125
38 0.7953125 0.85625 0.2828125 0.08125
49 0.76640625 0.78828125 0.175 0.1328125
49 0.67890625 0.45078125 0.08125 0.11875
0 0.16171875 0.36875 0.0296875 0.046875
8 0.86640625 0.5671875 0.1015625 0.078125
47 0.9546875 0.64921875 0.0734375 0.053125
47 0.85703125 0.65703125 0.0515625 0.034375
54 0.803125 0.3328125 0.0484375 0.0734375
54 0.9609375 0.3125 0.0484375 0.0625
54 0.82734375 0.49921875 0.0640625 0.0921875
54 0.8421875 0.32890625 0.04375 0.0703125
57 0.05703125 0.64609375 0.090625 0.025
38 0.9453125 0.5265625 0.0703125 0.0140625
47 0.9625 0.6546875 0.0375 0.01875
47 0.9765625 0.5625 0.0421875 0.0234375