45 0.10859375 0.56796875 0.2171875 0.5859375
19 0.61171875 0.73984375 0.0328125 0.10625
19 0.41171875 0.6984375 0.0265625 0.1328125
0 0.62734375 0.75234375 0.09375 0.3578125
0 0.771875 0.815625 0.075 0.36875
0 0.653125 0.73828125 0.0609375 0.31875
0 0.39609375 0.71328125 0.05 0.3078125
0 0.4234375 0.7234375 0.0609375 0.29375
0 0.84453125 0.8 0.0859375 0.38125
0 0.3046875 0.71953125 0.053125 0.265625
0 0.2703125 0.7234375 0.053125 0.2703125
0 0.590625 0.7328125 0.0765625 0.365625
5 0.43828125 0.74765625 0.0359375 0.1109375
17 0.3828125 0.684375 0.01875 0.1
17 0.77109375 0.73203125 0.0125 0.05625
0 0.4671875 0.7171875 0.0578125 0.33125
19 0.82421875 0.8765625 0.034375 0.10625
19 0.66484375 0.725 0.0140625 0.0671875
19 0.265625 0.709375 0.0125 0.046875
19 0.315625 0.68046875 0.009375 0.0515625