18 0.5203125 0.596875 0.0625 0.05703125
18 0.671875 0.63359375 0.0515625 0.059375
52 0.37265625 0.9359375 0.0796875 0.12265625
19 0.875 0.78515625 0.0453125 0.125
19 0.47890625 0.69140625 0.04375 0.09453125
19 0.72734375 0.91015625 0.071875 0.15859375
19 0.428125 0.65625 0.021875 0.03046875
19 0.5734375 0.8734375 0.028125 0.07578125
0 0.1515625 0.853125 0.1078125 0.24375
0 0.2421875 0.8625 0.0859375 0.23203125
0 0.36328125 0.87734375 0.1125 0.2125
0 0.81796875 0.78984375 0.0921875 0.41640625
0 0.30546875 0.7859375 0.075 0.19140625
0 0.453125 0.62890625 0.00625 0.03046875
0 0.25703125 0.70078125 0.0234375 0.0875
0 0.1984375 0.678125 0.0390625 0.15390625
0 0.61171875 0.77734375 0.1234375 0.4453125
0 0.74609375 0.78359375 0.1296875 0.4328125
0 0.88828125 0.8015625 0.096875 0.396875
27 0.18828125 0.509375 0.01875 0.04453125
27 0.71640625 0.325 0.028125 0.0328125
27 0.37890625 0.3625 0.0125 0.02109375
27 0.48828125 0.3734375 0.0125 0.02109375
27 0.53046875 0.17109375 0.0015625 0.00703125
27 0.51484375 0.47734375 0.009375 0.01171875
27 0.5140625 0.51875 0.0171875 0.02109375
27 0.45703125 0.52578125 0.03125 0.04453125
27 0.184375 0.37578125 0.009375 0.0140625
27 0.29921875 0.39375 0.0109375 0.01640625
0 0.353125 0.7765625 0.121875 0.16328125
27 0.33515625 0.35 0.0109375 0.02109375
27 0.48046875 0.23984375 0.009375 0.0140625
52 0.50546875 0.82734375 0.0984375 0.1984375
0 0.22734375 0.66328125 0.0140625 0.08515625
27 0.36484375 0.48828125 0.0125 0.0234375
0 0.4921875 0.73046875 0.98125 0.30234375
27 0.50859375 0.353125 0.8484375 0.37109375