79 0.453125 0.371875 0.0265625 0.071875
79 0.034375 0.39453125 0.0328125 0.0953125
79 0.74765625 0.36640625 0.01875 0.0390625
0 0.3578125 0.68359375 0.465625 0.6328125
0 0.43046875 0.53125 0.08125 0.13125
0 0.77890625 0.6328125 0.2171875 0.490625
0 0.8546875 0.71484375 0.290625 0.4890625
0 0.6046875 0.61875 0.1671875 0.3578125
0 0.70625 0.48203125 0.05625 0.09375
0 0.78515625 0.45 0.065625 0.109375
0 0.9234375 0.5671875 0.153125 0.359375
0 0.5015625 0.5671875 0.09375 0.240625
0 0.06875 0.6390625 0.1375 0.31875
1 0.50859375 0.69921875 0.053125 0.10625
1 0.09140625 0.7265625 0.0640625 0.175
1 0.61875 0.78203125 0.190625 0.3265625
19 0.15703125 0.56640625 0.046875 0.0765625
0 0.65 0.52890625 0.1203125 0.2171875
1 0.86640625 0.65625 0.059375 0.13125
1 0.18828125 0.6375 0.0453125 0.078125
1 0.90390625 0.65390625 0.1171875 0.2109375
1 0.7484375 0.87109375 0.065625 0.175
1 0.12265625 0.6328125 0.0375 0.1
1 0.8609375 0.7796875 0.08125 0.10625
0 0.171875 0.61015625 0.1109375 0.234375
0 0.54453125 0.525 0.0640625 0.171875
1 0.5234375 0.653125 0.0484375 0.1515625
1 0.53984375 0.621875 0.03125 0.06875
1 0.6859375 0.63046875 0.034375 0.0484375
1 0.19140625 0.63984375 0.0125 0.0296875
0 0.49921875 0.51796875 0.8828125 0.3015625