52 0.2671875 0.196875 0.1265625 0.1609375
0 0.41796875 0.1296875 0.2390625 0.2453125
0 0.63359375 0.128125 0.253125 0.2546875
0 0.80078125 0.3171875 0.2484375 0.49375
0 0.87265625 0.36796875 0.2546875 0.6203125
0 0.76875 0.621875 0.4625 0.75625
0 0.11171875 0.27890625 0.2234375 0.4484375
35 0.35546875 0.8296875 0.096875 0.1734375
36 0.6046875 0.340625 0.0515625 0.0953125
38 0.740625 0.4953125 0.08125 0.0359375
38 0.5921875 0.2453125 0.021875 0.0328125
38 0.7140625 0.31640625 0.021875 0.0234375
40 0.42734375 0.61484375 0.25 0.2390625
49 0.58046875 0.86875 0.3 0.2390625
33 0.10546875 0.64296875 0.0984375 0.2484375
33 0.175 0.47265625 0.078125 0.2046875
33 0.53671875 0.48046875 0.059375 0.1703125
33 0.46328125 0.43125 0.071875 0.171875
37 0.58671875 0.7328125 0.046875 0.034375
49 0.6625 0.478125 0.16875 0.1140625
49 0.68984375 0.3375 0.103125 0.0484375
49 0.14375 0.4125 0.178125 0.1015625
49 0.57265625 0.25703125 0.0953125 0.040625
49 0.653125 0.3078125 0.0453125 0.0265625
57 0.4453125 0.55625 0.890625 0.8875
33 0.57734375 0.23515625 0.0359375 0.1015625
33 0.3203125 0.29453125 0.0515625 0.140625
33 0.36640625 0.221875 0.040625 0.1109375
33 0.3890625 0.22578125 0.046875 0.1296875
33 0.48828125 0.2234375 0.0375 0.10625
33 0.51796875 0.228125 0.0359375 0.10625
33 0.48203125 0.8734375 0.0984375 0.228125
36 0.38359375 0.87109375 0.1140625 0.2125
37 0.7265625 0.509375 0.103125 0.0328125
37 0.61171875 0.2515625 0.0203125 0.03125
38 0.73046875 0.84765625 0.175 0.1171875
40 0.3171875 0.4296875 0.1875 0.159375
33 0.346875 0.19375 0.034375 0.0890625
33 0.3703125 0.30234375 0.05 0.1328125
49 0.65703125 0.31953125 0.0328125 0.0203125
33 0.34140625 0.52890625 0.6828125 0.8734375