52 0.08359375 0.7453125 0.1671875 0.509375
52 0.79375 0.54296875 0.1984375 0.1828125
0 0.31171875 0.5625 0.5734375 0.875
64 0.3390625 0.3578125 0.115625 0.1421875
36 0.665625 0.61484375 0.0796875 0.1
61 0.5515625 0.8265625 0.1671875 0.0890625
73 0.9390625 0.721875 0.121875 0.5125
54 0.83046875 0.60390625 0.096875 0.0515625
54 0.84296875 0.61171875 0.0828125 0.0375
54 0.75546875 0.61953125 0.0625 0.0296875
54 0.76953125 0.5515625 0.0421875 0.084375
54 0.75390625 0.58828125 0.065625 0.0609375
54 0.6171875 0.5734375 0.034375 0.115625
54 0.47890625 0.29609375 0.0375 0.059375
60 0.7109375 0.69609375 0.375 0.2234375