42 0.66328125 0.48515625 0.03125 0.046875
42 0.62890625 0.50078125 0.1 0.08203125
44 0.9671875 0.6453125 0.0140625 0.0140625
44 0.96328125 0.66171875 0.0125 0.01171875
44 0.95234375 0.66015625 0.0125 0.009375
44 0.98203125 0.64765625 0.0359375 0.03515625
41 0.65078125 0.7390625 0.1265625 0.18515625
41 0.40859375 0.7609375 0.03125 0.16875
41 0.46875 0.76953125 0.1 0.17578125
41 0.50625 0.61328125 0.1078125 0.1734375
41 0.35703125 0.74921875 0.0875 0.19453125
41 0.55625 0.771875 0.084375 0.159375
41 0.6109375 0.6453125 0.1109375 0.1125
44 0.059375 0.66484375 0.0578125 0.0375
42 0.26796875 0.53984375 0.1015625 0.065625
42 0.053125 0.62265625 0.0984375 0.09375
42 0.20546875 0.634375 0.2265625 0.12421875
42 0.359375 0.52421875 0.0265625 0.028125
0 0.11484375 0.49765625 0.1359375 0.20625