33 0.38203125 0.55625 0.034375 0.1125
33 0.1984375 0.82890625 0.04375 0.121875
33 0.60078125 0.9140625 0.0453125 0.1375
5 0.575 0.6125 0.58125 0.528125
0 0.71171875 0.56328125 0.26875 0.79375
0 0.47421875 0.58046875 0.2984375 0.8
0 0.20234375 0.56171875 0.3234375 0.7234375
0 0.67578125 0.15078125 0.1203125 0.1734375
0 0.7390625 0.12890625 0.0421875 0.109375
0 0.65703125 0.16484375 0.0609375 0.15
0 0.44296875 0.09296875 0.0609375 0.140625
0 0.4265625 0.08828125 0.03125 0.121875
0 0.1890625 0.065625 0.059375 0.1
0 0.33515625 0.0625 0.0453125 0.0859375
0 0.40078125 0.0953125 0.0609375 0.146875
5 0.15859375 0.08359375 0.0609375 0.0734375
19 0.67265625 0.2453125 0.0390625 0.065625
33 0.36875 0.06171875 0.0078125 0.025
0 0.278125 0.0578125 0.0390625 0.0875
17 0.675 0.24453125 0.0390625 0.065625
37 0.32578125 0.58828125 0.03125 0.0171875
37 0.45234375 0.52734375 0.03125 0.0109375
5 0.72734375 0.17265625 0.0984375 0.1140625
5 0.2828125 0.06171875 0.053125 0.0375
19 0.4625 0.13515625 0.021875 0.0296875