52 0.8140625 0.31015625 0.35 0.3125
57 0.81015625 0.26328125 0.3796875 0.3828125
57 0.56953125 0.58828125 0.8609375 0.8234375
1 0.134375 0.11328125 0.165625 0.1
0 0.3984375 0.5 0.796875 1
33 0.97421875 0.16484375 0.0515625 0.0921875
33 0.89609375 0.15 0.0375 0.0515625
33 0.9515625 0.16171875 0.0359375 0.0484375
37 0.7515625 0.5328125 0.1625 0.0484375
38 0.609375 0.890625 0.6625 0.1703125
38 0.66875 0.36875 0.1828125 0.0484375
40 0.38515625 0.4609375 0.203125 0.1328125
40 0.79453125 0.78125 0.3546875 0.24375
40 0.68046875 0.5796875 0.3046875 0.15625
40 0.42734375 0.53671875 0.2421875 0.159375
40 0.3171875 0.23984375 0.1859375 0.0828125
40 0.78359375 0.52421875 0.2515625 0.1453125
42 0.6140625 0.44140625 0.0875 0.0671875
42 0.696875 0.4546875 0.0875 0.06875
42 0.8046875 0.45703125 0.084375 0.05
40 0.9703125 0.22109375 0.059375 0.0453125
43 0.51640625 0.64296875 0.6203125 0.2890625
33 0.9375 0.659375 0.109375 0.1765625
33 0.5625 0.4828125 0.103125 0.11875
33 0.9234375 0.16328125 0.034375 0.0421875
38 0.88515625 0.89296875 0.128125 0.1015625
38 0.56484375 0.8171875 0.10625 0.04375
52 0.6171875 0.225 0.1640625 0.0828125
52 0.63203125 0.1484375 0.1421875 0.059375