7 0.53515625 0.3359375 0.28828125 0.31171875
33 0.72109375 0.4734375 0.05390625 0.14375
33 0.67890625 0.484375 0.0296875 0.128125
33 0.78671875 0.471875 0.0421875 0.14921875
33 0.8203125 0.46796875 0.028125 0.1625
70 0.7296875 0.7640625 0.2421875 0.4375
40 0.08671875 0.96796875 0.071875 0.03203125
65 0.90390625 0.853125 0.18828125 0.23203125
33 0.6953125 0.44765625 0.015625 0.05859375
69 0.1640625 0.95625 0.21171875 0.07734375
33 0.27734375 0.85234375 0.05390625 0.125
33 0.71015625 0.4265625 0.015625 0.06171875
33 0.1359375 0.84921875 0.0421875 0.11171875