12 0.95546875 0.29765625 0.06875 0.103125
0 0.78125 0.49921875 0.4375 0.9578125
0 0.41875 0.396875 0.0953125 0.2984375
42 0.396875 0.72578125 0.03125 0.0390625
42 0.3765625 0.72734375 0.228125 0.2375
42 0.21640625 0.7296875 0.221875 0.175
0 0.0515625 0.4515625 0.103125 0.3
44 0.59140625 0.57109375 0.01875 0.025
44 0.559375 0.62578125 0.0296875 0.034375
44 0.65078125 0.571875 0.0234375 0.021875
44 0.5421875 0.56953125 0.0265625 0.0359375
44 0.65 0.59453125 0.0265625 0.028125
44 0.1453125 0.53125 0.015625 0.015625
44 0.12734375 0.5078125 0.0203125 0.021875
44 0.1171875 0.5375 0.0171875 0.0109375
44 0.09609375 0.52578125 0.01875 0.021875
44 0.175 0.51171875 0.015625 0.0125
44 0.1578125 0.5265625 0.015625 0.0125
44 0.13046875 0.52578125 0.021875 0.0203125
44 0.09375 0.50703125 0.015625 0.0203125
44 0.13125 0.53671875 0.0921875 0.11875