52 0.84765625 0.6453125 0.09375 0.2125
52 0.95234375 0.665625 0.09375 0.2265625
52 0.54375 0.75390625 0.0703125 0.30234375
57 0.7109375 0.85234375 0.5703125 0.271875
0 0.403125 0.61015625 0.1046875 0.55078125
35 0.928125 0.78515625 0.0296875 0.0828125
35 0.88125 0.7734375 0.0296875 0.0921875
36 0.35625 0.55546875 0.015625 0.0234375
40 0.36796875 0.17578125 0.05625 0.04453125
40 0.59140625 0.86796875 0.0484375 0.04453125
60 0.853125 0.9265625 0.1609375 0.1421875
66 0.24609375 0.44921875 0.128125 0.25078125
69 0.340625 0.5984375 0.0625 0.078125
71 0.0734375 0.65859375 0.1109375 0.05234375
71 0.078125 0.678125 0.0953125 0.0234375
36 0.36875 0.4140625 0.0125 0.02109375
36 0.35234375 0.396875 0.021875 0.0140625
36 0.3546875 0.41484375 0.0171875 0.0234375
36 0.378125 0.4125 0.00625 0.01640625
36 0.38671875 0.4125 0.009375 0.0234375
71 0.05546875 0.903125 0.06875 0.125
36 0.38671875 0.31953125 0.0140625 0.03046875
39 0.840625 0.7671875 0.0203125 0.0234375
36 0.375 0.32265625 0.0078125 0.0234375