45 0.71875 0.73125 0.0828125 0.06875
0 0.7578125 0.83828125 0.1375 0.3234375
0 0.91796875 0.853125 0.1484375 0.29375
0 0.3859375 0.73203125 0.0109375 0.034375
0 0.409375 0.73046875 0.0125 0.0359375
72 0.284375 0.0875 0.0390625 0.059375
72 0.22578125 0.090625 0.028125 0.06875
0 0.371875 0.72890625 0.015625 0.040625
19 0.915625 0.94140625 0.109375 0.1171875
0 0.453125 0.71484375 0.0125 0.01875
0 0.55078125 0.7421875 0.0109375 0.0296875
0 0.278125 0.72265625 0.0125 0.0234375
12 0.59453125 0.73125 0.0421875 0.0328125