53 0.63515625 0.6078125 0.328125 0.24375
52 0.96953125 0.7203125 0.0609375 0.4125
57 0.440625 0.69296875 0.3390625 0.271875
0 0.6984375 0.584375 0.2015625 0.3234375
0 0.590625 0.528125 0.0609375 0.075
0 0.546875 0.5046875 0.084375 0.0890625
71 0.23984375 0.35703125 0.00625 0.05390625
71 0.5265625 0.66953125 0.0625 0.03984375
71 0.43125 0.66015625 0.05 0.0421875
71 0.52109375 0.559375 0.0484375 0.03046875
71 0.10859375 0.72265625 0.0171875 0.084375
71 0.471875 0.6578125 0.0234375 0.009375
71 0.23203125 0.44765625 0.00625 0.06328125
0 0.60390625 0.4859375 0.0421875 0.03984375
0 0.059375 0.6453125 0.11875 0.271875
71 0.2265625 0.35703125 0.021875 0.0515625
71 0.2390625 0.440625 0.0078125 0.075
71 0.34609375 0.5328125 0.009375 0.06328125
71 0.190625 0.43359375 0.0109375 0.08203125
71 0.22734375 0.42265625 0.0046875 0.01640625
73 0.18515625 0.23671875 0.03125 0.05390625
71 0.265625 0.615625 0.0265625 0.01640625
52 0.10859375 0.64765625 0.18125 0.22734375
71 0.325 0.5234375 0.01875 0.02578125