57 0.446875 0.82421875 0.890625 0.32578125
0 0.5984375 0.50703125 0.69375 0.875
37 0.32890625 0.4265625 0.0984375 0.21484375
42 0.04140625 0.84296875 0.08125 0.12265625
42 0.47734375 0.79375 0.08125 0.115625
47 0.31328125 0.8171875 0.0171875 0.0328125
47 0.36015625 0.80078125 0.028125 0.03046875
47 0.29765625 0.80546875 0.084375 0.05390625
40 0.10078125 0.7484375 0.2015625 0.1625
40 0.3015625 0.846875 0.1484375 0.15546875
47 0.3390625 0.81015625 0.059375 0.0421875
52 0.934375 0.73359375 0.13125 0.5328125