52 0.83046875 0.0390625 0.3046875 0.078125
46 0.571875 0.18359375 0.11875 0.153125
46 0.175 0.196875 0.125 0.2265625
46 0.5671875 0.42421875 0.2515625 0.18125
46 0.89375 0.39609375 0.2125 0.2453125
46 0.48359375 0.26796875 0.1203125 0.146875
49 0.5 0.48203125 1 0.7609375
46 0.29375 0.2625 0.1265625 0.159375
46 0.834375 0.23046875 0.2078125 0.1734375
46 0.64296875 0.240625 0.2203125 0.21875
46 0.38515625 0.34140625 0.096875 0.0859375
46 0.41171875 0.14375 0.0421875 0.0453125
57 0.503125 0.8328125 0.99375 0.334375
35 0.52421875 0.075 0.1171875 0.15
46 0.403125 0.184375 0.0921875 0.1390625