53 0.84375 0.75078125 0.3125 0.4578125
52 0.6546875 0.57890625 0.0671875 0.109375
52 0.60546875 0.5828125 0.0421875 0.103125
53 0.80234375 0.56875 0.1375 0.0890625
57 0.6234375 0.54921875 0.0796875 0.0609375
54 0.5671875 0.559375 0.0453125 0.0765625
54 0.95 0.41171875 0.03125 0.090625
70 0.1125 0.78671875 0.21875 0.4265625
71 0.2484375 0.23515625 0.0265625 0.0921875
71 0.2375 0.2359375 0.0265625 0.0875
71 0.2046875 0.21796875 0.0265625 0.096875
71 0.15703125 0.21328125 0.0265625 0.0828125
71 0.13203125 0.19375 0.0390625 0.109375
71 0.18125 0.215625 0.0234375 0.090625
71 0.21796875 0.23828125 0.025 0.0765625
71 0.175 0.21796875 0.0171875 0.078125
71 0.19296875 0.21875 0.0171875 0.084375
59 0.5015625 0.4578125 0.0875 0.15625
54 0.95625 0.709375 0.0875 0.4125