0 0.6046875 0.6875 0.1984375 0.30625
0 0.8484375 0.33671875 0.0921875 0.09375
28 0.390625 0.45 0.053125 0.12109375
29 0.51640625 0.80234375 0.053125 0.075
0 0.471875 0.14921875 0.1109375 0.29765625
0 0.9859375 0.25546875 0.028125 0.25234375
28 0.9734375 0.34453125 0.0515625 0.18984375
52 0.7515625 0.33125 0.1125 0.07109375
52 0.89765625 0.35625 0.0640625 0.0625
0 0.97890625 0.35859375 0.0421875 0.09375
0 0.35 0.12890625 0.096875 0.2578125
0 0.728125 0.696875 0.175 0.35
0 0.0765625 0.12265625 0.0625 0.16015625
0 0.2765625 0.628125 0.265625 0.44765625
0 0.95546875 0.340625 0.0875 0.10859375