67 0.23125 0.6640625 0.23125 0.375
0 0.93828125 0.81171875 0.0609375 0.1859375
0 0.90703125 0.79140625 0.040625 0.1515625
0 0.9203125 0.7734375 0.0265625 0.1015625
0 0.953125 0.8390625 0.0484375 0.1390625
0 0.971875 0.74765625 0.021875 0.0640625
12 0.59375 0.79453125 0.1609375 0.2046875
12 0.69453125 0.78671875 0.1390625 0.171875
12 0.4796875 0.7578125 0.115625 0.13125
12 0.81640625 0.796875 0.153125 0.165625
12 0.36484375 0.72578125 0.0859375 0.1171875
12 0.715625 0.7015625 0.096875 0.0890625
12 0.58046875 0.6875 0.11875 0.0515625
12 0.440625 0.74609375 0.075 0.121875
12 0.76953125 0.71796875 0.0390625 0.040625
79 0.42265625 0.471875 0.01875 0.025
79 0.23984375 0.39296875 0.0515625 0.1546875
79 0.0703125 0.21875 0.0796875 0.2203125
79 0.7375 0.59375 0.0234375 0.0640625
79 0.60859375 0.575 0.01875 0.0546875
79 0.425 0.434375 0.015625 0.0453125
79 0.51640625 0.59765625 0.0109375 0.0171875
79 0.4859375 0.61640625 0.0140625 0.0171875
79 0.46953125 0.63125 0.0125 0.0125
79 0.48359375 0.5828125 0.0109375 0.0125
79 0.5625 0.609375 0.01875 0.040625
79 0.15703125 0.41328125 0.0359375 0.1515625
12 0.42578125 0.7046875 0.0328125 0.0421875
12 0.33046875 0.75859375 0.0453125 0.1109375
12 0.5234375 0.70234375 0.0765625 0.0625
0 0.9125 0.7234375 0.0109375 0.03125
12 0.82890625 0.7265625 0.0890625 0.0546875
79 0.934375 0.62890625 0.0125 0.015625
79 0.42578125 0.3296875 0.8421875 0.659375
12 0.5125 0.6953125 0.8828125 0.41875