33 0.14375 0.04765625 0.028125 0.0953125
33 0.16484375 0.04765625 0.0484375 0.0953125
33 0.23046875 0.053125 0.0359375 0.10625
33 0.1828125 0.04375 0.0375 0.0875
33 0.20703125 0.05 0.0421875 0.1
33 0.2625 0.0546875 0.034375 0.109375
33 0.43203125 0.56640625 0.0515625 0.134375
33 0.33984375 0.70078125 0.1015625 0.140625
33 0.1234375 0.04609375 0.034375 0.0921875
33 0.09765625 0.04609375 0.0453125 0.0921875
33 0.0796875 0.04375 0.046875 0.0875
0 0.1828125 0.703125 0.365625 0.5125
0 0.33828125 0.3234375 0.2546875 0.3953125
0 0.88125 0.4765625 0.2375 0.490625
0 0.8640625 0.4140625 0.271875 0.515625
0 0.55859375 0.321875 0.225 0.40625
70 0.14765625 0.3828125 0.2953125 0.603125
65 0.76328125 0.35078125 0.0859375 0.071875
33 0.75859375 0.56328125 0.06875 0.1671875
36 0.72734375 0.5515625 0.08125 0.2453125
65 0.53203125 0.17265625 0.1953125 0.1546875
66 0.4453125 0.4546875 0.05 0.1078125
33 0.24375 0.071875 0.0203125 0.071875
53 0.5671875 0.81796875 0.80625 0.3640625
57 0.61875 0.64140625 0.5375 0.28125