52 0.7125 0.17421875 0.359375 0.3359375
57 0.5 0.571875 1 0.85625
1 0.3078125 0.08515625 0.153125 0.1703125
0 0.090625 0.0953125 0.13125 0.190625
43 0.36875 0.6890625 0.290625 0.3203125
43 0.46015625 0.60703125 0.3109375 0.2515625
36 0.64140625 0.39296875 0.15625 0.221875
39 0.67578125 0.49453125 0.0484375 0.146875
48 0.36875 0.68984375 0.26875 0.2984375
1 0.403125 0.0125 0.021875 0.025
1 0.47109375 0.1 0.2265625 0.2
1 0.525 0.10234375 0.10625 0.2046875
52 0.08515625 0.11015625 0.1234375 0.2203125