9 0.6265625 0.68828125 0.184375 0.2640625
9 0.39765625 0.70078125 0.1890625 0.2765625
0 0.61640625 0.565625 0.2203125 0.2625
0 0.38125 0.57578125 0.23125 0.2890625
0 0.115625 0.68984375 0.109375 0.0796875
0 0.1609375 0.63671875 0.04375 0.0421875
0 0.23515625 0.62578125 0.04375 0.0328125
0 0.2984375 0.625 0.059375 0.0984375
5 0.08359375 0.7125 0.034375 0.034375
0 0.0859375 0.6140625 0.0140625 0.0234375
0 0.190625 0.621875 0.0171875 0.0203125
0 0.20234375 0.63359375 0.0421875 0.0171875
0 0.11640625 0.6296875 0.04375 0.08125
0 0.07734375 0.63046875 0.025 0.0609375
0 0.7328125 0.5453125 0.015625 0.01875