23 0.53125 0.703125 0.53203125 0.53984375
23 0.8578125 0.6546875 0.19765625 0.34140625
0 0.55625 0.6375 0.15390625 0.465625
0 0.65078125 0.6140625 0.08828125 0.4234375
0 0.21015625 0.5078125 0.05625 0.10859375
0 0.11484375 0.6171875 0.121875 0.346875
0 0.04375 0.6 0.065625 0.32421875
0 0.1921875 0.66484375 0.05625 0.12890625
0 0.26015625 0.5578125 0.05625 0.1953125
0 0.096875 0.5546875 0.0859375 0.19296875
0 0.9359375 0.6078125 0.128125 0.41328125
19 0.7 0.578125 0.03828125 0.06171875
19 0.20078125 0.52578125 0.0203125 0.071875
0 0.2609375 0.66953125 0.06015625 0.06953125
0 0.21875 0.68046875 0.065625 0.0890625
0 0.44375 0.45390625 0.05234375 0.0640625