23 0.48828125 0.49453125 0.6453125 0.8171875
0 0.8 0.303125 0.196875 0.60625
0 0.67109375 0.19140625 0.1390625 0.3828125
0 0.94921875 0.13203125 0.0765625 0.2640625
0 0.4296875 0.15703125 0.19375 0.3140625
0 0.10546875 0.4765625 0.2109375 0.91875
0 0.23046875 0.2625 0.16875 0.1890625
0 0.59765625 0.23046875 0.0640625 0.196875
0 0.16953125 0.159375 0.0625 0.0859375
23 0.20390625 0.4796875 0.290625 0.5046875
52 0.93828125 0.290625 0.1078125 0.15
0 0.815625 0.03671875 0.040625 0.071875
52 0.9421875 0.42265625 0.115625 0.3046875