59 0.1640625 0.86328125 0.0765625 0.053125
59 0.36328125 0.43984375 0.1140625 0.0796875
53 0.1921875 0.2453125 0.3125 0.2078125
1 0.17734375 0.596875 0.284375 0.24375
40 0.68203125 0.49765625 0.0640625 0.0484375
71 0.95546875 0.5125 0.0890625 0.13125
71 0.9921875 0.52578125 0.015625 0.0828125
52 0.19375 0.9359375 0.134375 0.128125
52 0.33515625 0.93125 0.1171875 0.1375
52 0.203125 0.1609375 0.0578125 0.04375
59 0.1734375 0.1390625 0.0421875 0.0359375
59 0.33671875 0.12421875 0.0125 0.028125
61 0.171875 0.90546875 0.0171875 0.0078125
63 0.40703125 0.90625 0.046875 0.0328125
70 0.66640625 0.44140625 0.09375 0.1546875
71 0.76796875 0.3421875 0.046875 0.0890625
71 0.79765625 0.346875 0.0328125 0.0703125
71 0.865625 0.5078125 0.0953125 0.090625
71 0.95703125 0.29765625 0.0546875 0.1234375
71 0.72734375 0.33671875 0.025 0.1046875
71 0.99140625 0.5078125 0.0171875 0.121875
52 0.27109375 0.15078125 0.0453125 0.0390625
52 0.5328125 0.73125 0.1515625 0.259375
71 0.77890625 0.34609375 0.0328125 0.0765625
71 0.7984375 0.475 0.08125 0.034375
71 0.9015625 0.4921875 0.0703125 0.05625
63 0.1390625 0.9203125 0.0671875 0.0328125