25 0.48515625 0.9390625 0.02109375 0.028125
0 0.18671875 0.5328125 0.03671875 0.0453125
0 0.67421875 0.76953125 0.0390625 0.0703125
0 0.396875 0.62265625 0.03671875 0.05
0 0.5078125 0.59765625 0.03671875 0.0390625
0 0.45546875 0.89609375 0.09140625 0.1015625
0 0.328125 0.55078125 0.0234375 0.040625
0 0.25859375 0.49609375 0.015625 0.0234375
0 0.42578125 0.51171875 0.02734375 0.0265625
0 0.46484375 0.503125 0.02109375 0.0234375
0 0.53828125 0.5609375 0.0234375 0.034375
24 0.50546875 0.61875 0.02890625 0.009375
25 0.3953125 0.64453125 0.04453125 0.0203125
24 0.32421875 0.57109375 0.01953125 0.0046875
24 0.45234375 0.67734375 0.5390625 0.275
24 0.428125 0.51953125 0.02734375 0.009375
24 0.25703125 0.509375 0.02734375 0.0046875
24 0.540625 0.5765625 0.02734375 0.009375