33 0.134375 0.65234375 0.03125 0.0828125
20 0.525 0.49765625 0.08984375 0.1078125
20 0.23125 0.46171875 0.16875 0.159375
33 0.17578125 0.609375 0.03515625 0.0375
52 0.40078125 0.78515625 0.08515625 0.303125
52 0.11796875 0.62890625 0.08359375 0.040625
35 0.22734375 0.68984375 0.03359375 0.0625
35 0.07734375 0.690625 0.03984375 0.0515625
35 0.31328125 0.66875 0.02890625 0.0578125
35 0.10703125 0.69140625 0.03359375 0.0578125
35 0.02578125 0.6609375 0.02890625 0.0515625
33 0.14609375 0.63671875 0.01640625 0.01875
57 0.19296875 0.80546875 0.38515625 0.3140625
0 0.45546875 0.61484375 0.64140625 0.7296875
35 0.01015625 0.67578125 0.0203125 0.0484375
35 0.31328125 0.634375 0.02890625 0.0140625
35 0.23515625 0.6375 0.02734375 0.0390625
52 0.16171875 0.86953125 0.24375 0.2375