12 0.25 0.30703125 0.1015625 0.04375
12 0.37421875 0.29609375 0.0828125 0.040625
12 0.4734375 0.2796875 0.0625 0.03125
12 0.609375 0.26484375 0.0984375 0.05
12 0.91015625 0.22734375 0.0875 0.03125
12 0.8640625 0.234375 0.0625 0.03125
0 0.54375 0.33984375 0.1328125 0.2703125
0 0.74765625 0.528125 0.5046875 0.89375
38 0.62421875 0.40546875 0.096875 0.0265625
12 0.9484375 0.225 0.04375 0.0265625
12 0.4296875 0.284375 0.0390625 0.0328125
45 0.3640625 0.28203125 0.1296875 0.0625
67 0.3640625 0.28203125 0.1296875 0.0625
67 0.65625 0.25546875 0.06875 0.0421875
33 0.5453125 0.42890625 0.05625 0.078125
33 0.5953125 0.43671875 0.0515625 0.0890625
48 0.4 0.740625 0.121875 0.0640625
48 0.3796875 0.7046875 0.3578125 0.1953125
48 0.41875 0.6296875 0.0703125 0.01875
48 0.53828125 0.4875 0.065625 0.0203125
12 0.315625 0.29921875 0.0484375 0.0328125
0 0.57890625 0.2765625 0.046875 0.0484375
48 0.5515625 0.5046875 0.0390625 0.0203125
48 0.50234375 0.51640625 0.0421875 0.01875
48 0.596875 0.52890625 0.125 0.0359375
48 0.45 0.5125 0.0484375 0.021875