0 0.43203125 0.41640625 0.0640625 0.13125
0 0.07265625 0.43671875 0.0484375 0.1140625
0 0.6328125 0.5 0.05625 0.1078125
0 0.29609375 0.48671875 0.0578125 0.209375
13 0.475 0.6484375 0.1703125 0.3625
13 0.3265625 0.64375 0.1875 0.328125
13 0.1390625 0.6578125 0.2765625 0.36875
13 0.83359375 0.63828125 0.18125 0.584375
13 0.696875 0.6265625 0.0921875 0.2484375
13 0.61328125 0.65703125 0.178125 0.259375
0 0.6984375 0.50625 0.0515625 0.13125
0 0.31953125 0.45390625 0.0375 0.0796875
0 0.8078125 0.27890625 0.10625 0.16875
0 0.18671875 0.48046875 0.059375 0.1578125