46 0.88125 0.1328125 0.2375 0.246875
47 0.52578125 0.56015625 0.0921875 0.1734375
47 0.33984375 0.52421875 0.1234375 0.1765625
47 0.4953125 0.4671875 0.0515625 0.0515625
47 0.7 0.49921875 0.1140625 0.1109375
47 0.6390625 0.91015625 0.2046875 0.1734375
47 0.30234375 0.82265625 0.1171875 0.071875
47 0.7484375 0.70546875 0.1953125 0.221875
47 0.375 0.63515625 0.0890625 0.125
47 0.31015625 0.5734375 0.1296875 0.1640625
47 0.23984375 0.4375 0.0921875 0.1109375
47 0.8828125 0.75 0.1609375 0.1296875
47 0.3671875 0.7234375 0.0796875 0.0640625
47 0.2328125 0.74140625 0.0953125 0.1203125
47 0.5 0.5921875 1 0.646875