59 0.66640625 0.4234375 0.1515625 0.2390625
52 0.08046875 0.5984375 0.1609375 0.334375
52 0.15 0.5375 0.0859375 0.175
71 0.25546875 0.6203125 0.0375 0.0515625
52 0.46015625 0.5875 0.10625 0.16875
60 0.86875 0.81953125 0.228125 0.3609375
72 0.44609375 0.2484375 0.0375 0.075
75 0.665625 0.71640625 0.0734375 0.084375
75 0.35078125 0.72890625 0.0859375 0.1328125
26 0.66171875 0.73515625 0.0390625 0.0375
62 0.30078125 0.8359375 0.0359375 0.05625
71 0.2375 0.5625 0.025 0.0125
71 0.303125 0.4328125 0.0171875 0.0765625
71 0.29609375 0.33203125 0.015625 0.0828125
71 0.2671875 0.4328125 0.015625 0.071875