52 0.68046875 0.39296875 0.0953125 0.0859375
0 0.48671875 0.57578125 0.55546875 0.8203125
0 0.23984375 0.3484375 0.0875 0.16875
32 0.60234375 0.6875 0.5625 0.096875
26 0.98671875 0.58828125 0.0265625 0.05390625
52 0.61796875 0.39453125 0.0875 0.09453125
52 0.12734375 0.1171875 0.071875 0.0625
52 0.37109375 0.12265625 0.0609375 0.05703125
0 0.2703125 0.11015625 0.06875 0.07421875
5 0.58203125 0.1328125 0.25859375 0.0515625
52 0.2265625 0.4140625 0.0875 0.06875
52 0.44140625 0.12265625 0.071875 0.06015625
0 0.36875 0.2859375 0.09140625 0.09453125
52 0.0171875 0.1171875 0.034375 0.0515625