41 0.39765625 0.53046875 0.3234375 0.115625
41 0.66484375 0.703125 0.3 0.159375
41 0.65234375 0.7390625 0.3765625 0.159375
42 0.60859375 0.359375 0.1859375 0.1421875
42 0.90546875 0.57109375 0.15 0.1484375
44 0.60234375 0.4859375 0.190625 0.1359375
44 0.75390625 0.54375 0.146875 0.1109375
44 0.56328125 0.85625 0.1359375 0.075
41 0.8921875 0.478125 0.215625 0.065625
41 0.86640625 0.64140625 0.2140625 0.23125
41 0.2359375 0.4640625 0.0640625 0.0515625
42 0.76875 0.43203125 0.128125 0.10625
42 0.93125 0.7234375 0.125 0.1125
44 0.97421875 0.61015625 0.046875 0.0890625
41 0.7015625 0.71953125 0.15625 0.053125