79 0.32734375 0.38828125 0.0171875 0.06015625
5 0.95703125 0.63984375 0.0859375 0.06015625
12 0.3875 0.61328125 0.090625 0.10546875
0 0.47734375 0.56875 0.0140625 0.0234375
0 0.1234375 0.57109375 0.0140625 0.015625
0 0.03671875 0.56875 0.025 0.10234375
0 0.796875 0.58828125 0.01875 0.03984375
12 0.01171875 0.49609375 0.0234375 0.03671875
12 0.62421875 0.625 0.071875 0.084375
12 0.146875 0.5921875 0.11875 0.0765625
12 0.11171875 0.559375 0.0296875 0.02890625
12 0.77734375 0.659375 0.2296875 0.23984375
12 0.65234375 0.6328125 0.046875 0.1
12 0.3578125 0.590625 0.078125 0.08125
12 0.059375 0.48984375 0.009375 0.015625
12 0.20703125 0.590625 0.0296875 0.06015625
79 0.38359375 0.275 0.025 0.08984375
12 0.49375 0.609375 0.1359375 0.1578125