0 0.15546875 0.86328125 0.0421875 0.0875
0 0.23984375 0.86875 0.046875 0.08125
0 0.509375 0.8921875 0.015625 0.0140625
0 0.66875 0.8859375 0.0125 0.0265625
0 0.71796875 0.8875 0.0109375 0.0203125
0 0.4375 0.88671875 0.0171875 0.028125
0 0.690625 0.88515625 0.0125 0.021875
0 0.64375 0.8859375 0.0125 0.021875
0 0.46484375 0.89296875 0.01875 0.0140625
27 0.7109375 0.25390625 0.1140625 0.0625
27 0.93515625 0.15 0.1296875 0.09375
0 0.65625 0.88515625 0.0109375 0.0171875
0 0.43984375 0.88984375 0.0109375 0.021875
0 0.45546875 0.8921875 0.0109375 0.0171875