33 0.696875 0.415625 0.046875 0.1125
52 0.75078125 0.5875 0.1234375 0.0640625
57 0.6453125 0.7703125 0.709375 0.459375
38 0.6515625 0.3546875 0.0296875 0.040625
38 0.63203125 0.3640625 0.0234375 0.034375
65 0.07578125 0.26953125 0.1515625 0.1796875
69 0.19921875 0.571875 0.3359375 0.1234375
38 0.64140625 0.36328125 0.021875 0.03125
38 0.6421875 0.34453125 0.0140625 0.0171875
38 0.659375 0.37734375 0.0203125 0.028125
52 0.58203125 0.63984375 0.140625 0.0609375
71 0.95390625 0.6703125 0.0921875 0.109375
36 0.21796875 0.11953125 0.040625 0.075
36 0.2734375 0.1203125 0.040625 0.0609375
36 0.278125 0.28515625 0.0375 0.040625
36 0.30390625 0.28125 0.0203125 0.01875
40 0.975 0.5734375 0.0484375 0.053125
40 0.45859375 0.72578125 0.2546875 0.1546875
40 0.5765625 0.38359375 0.0390625 0.0296875
52 0.83671875 0.896875 0.2 0.1140625
52 0.95625 0.8609375 0.0875 0.13125
38 0.6453125 0.41171875 0.0234375 0.028125