52 0.659375 0.36328125 0.109375 0.1015625
0 0.49921875 0.56171875 0.6890625 0.8765625
0 0.2171875 0.39609375 0.115625 0.18125
32 0.63359375 0.6671875 0.5703125 0.19375
26 0.98828125 0.50234375 0.0234375 0.0578125
52 0.59765625 0.37578125 0.103125 0.1078125
52 0.06640625 0.1875 0.08125 0.0734375
52 0.3078125 0.15078125 0.0703125 0.0671875
0 0.20625 0.15625 0.08125 0.084375
5 0.5171875 0.12421875 0.2640625 0.0953125
52 0.215625 0.4625 0.0984375 0.0828125
52 0.3765625 0.13828125 0.08125 0.071875
0 0.33359375 0.31171875 0.10625 0.109375