17 0.3171875 0.4171875 0.084375 0.103125
0 0.546875 0.55859375 0.190625 0.5015625
19 0.95625 0.64140625 0.0765625 0.1203125
59 0.25546875 0.30546875 0.05625 0.0609375
0 0.70859375 0.521875 0.1453125 0.4484375
0 0.8796875 0.646875 0.209375 0.6515625
0 0.30703125 0.5046875 0.14375 0.4140625
0 0.17109375 0.4828125 0.0890625 0.29375
0 0.06953125 0.46796875 0.08125 0.2625
0 0.6234375 0.44921875 0.0828125 0.2171875
0 0.2078125 0.3828125 0.0578125 0.1203125
0 0.14453125 0.37890625 0.075 0.1375
0 0.26171875 0.4703125 0.09375 0.3578125
17 0.9515625 0.64375 0.0890625 0.134375
17 0.31875 0.69296875 0.09375 0.0765625
17 0.203125 0.484375 0.059375 0.0984375
17 0.1046875 0.40546875 0.0328125 0.0671875
17 0.68359375 0.7625 0.10625 0.128125
17 0.30078125 0.51796875 0.078125 0.0828125
19 0.60703125 0.5828125 0.046875 0.0921875
19 0.196875 0.42578125 0.046875 0.140625
19 0.59921875 0.48046875 0.0390625 0.1671875
21 0.3171875 0.6921875 0.1 0.084375
19 0.17109375 0.41484375 0.0375 0.0609375
19 0.05 0.44453125 0.0234375 0.059375
19 0.20859375 0.459375 0.05 0.0640625