54 0.928125 0.08125 0.10625 0.109375
70 0.12265625 0.60546875 0.2453125 0.7203125
66 0.3234375 0.7140625 0.271875 0.49375
68 0.51484375 0.5359375 0.06875 0.0671875
69 0.79375 0.62734375 0.171875 0.046875
33 0.428125 0.52109375 0.0296875 0.103125
38 0.58046875 0.5125 0.028125 0.0375
38 0.60546875 0.5125 0.015625 0.028125
38 0.58984375 0.496875 0.0171875 0.021875
38 0.61328125 0.50859375 0.0203125 0.0453125
39 0.4640625 0.50078125 0.028125 0.059375
40 0.10625 0.22578125 0.10625 0.0640625
54 0.04765625 0.88046875 0.0953125 0.1828125
39 0.459375 0.49140625 0.009375 0.025
38 0.57421875 0.50234375 0.0203125 0.034375