12 0.37890625 0.2484375 0.05 0.046875
12 0.36796875 0.1234375 0.0421875 0.0375
12 0.34296875 0.1109375 0.03125 0.03984375
12 0.31171875 0.090625 0.0390625 0.0375
12 0.2375 0.04375 0.0375 0.0375
12 0.4734375 0.27578125 0.040625 0.0515625
12 0.4296875 0.29140625 0.0390625 0.046875
12 0.49921875 0.2546875 0.0390625 0.046875
12 0.2140625 0.03203125 0.0328125 0.03515625
12 0.425 0.240625 0.0484375 0.05390625
12 0.3375 0.21484375 0.0421875 0.046875
12 0.70703125 0.61796875 0.06875 0.0734375
79 0.13046875 0.34453125 0.0328125 0.03984375
79 0.34921875 0.41484375 0.0171875 0.0375
79 0.58046875 0.5109375 0.0125 0.0375
79 0.8046875 0.1578125 0.0140625 0.0375
79 0.0359375 0.41015625 0.0140625 0.03515625
79 0.74296875 0.296875 0.0234375 0.05625
79 0.06015625 0.275 0.0109375 0.0140625
79 0.57109375 0.1625 0.009375 0.03046875
79 0.18828125 0.2515625 0.009375 0.028125
79 0.17734375 0.25234375 0.0109375 0.028125
79 0.25546875 0.3453125 0.015625 0.03046875
79 0.815625 0.1640625 0.0078125 0.01875
1 0.484375 0.80625 0.03125 0.0375
12 0.74296875 0.740625 0.0609375 0.07578125
79 0.840625 0.38359375 0.00625 0.01875
4 0.53515625 0.81875 0.0171875 0.0734375
79 0.48515625 0.115625 0.0484375 0.09921875
12 0.50703125 0.73671875 0.9828125 0.4078125