12 0.2671875 0.7578125 0.44375 0.2921875
12 0.446875 0.75390625 0.2421875 0.2265625
12 0.49140625 0.7578125 0.2984375 0.24609375
12 0.76171875 0.76640625 0.3203125 0.21015625
12 0.55703125 0.7609375 0.278125 0.23515625
12 0.62578125 0.7625 0.2453125 0.2265625
12 0.63125 0.640625 0.196875 0.05703125
23 0.4078125 0.3265625 0.1265625 0.27890625
0 0.42578125 0.2203125 0.121875 0.28984375
0 0.5078125 0.6171875 0.0390625 0.05703125
67 0.44765625 0.60234375 0.1484375 0.0875
0 0.55859375 0.63125 0.028125 0.04609375
21 0.2578125 0.63359375 0.05625 0.05703125
12 0.57890625 0.47265625 0.20625 0.0984375
67 0.41640625 0.47421875 0.10625 0.0765625