57 0.528125 0.7109375 0.94375 0.49375
0 0.80234375 0.328125 0.3453125 0.3
0 0.203125 0.68046875 0.40625 0.6375
36 0.47890625 0.7 0.121875 0.121875
36 0.6265625 0.58125 0.10625 0.1046875
36 0.61328125 0.53359375 0.090625 0.0609375
36 0.4453125 0.4734375 0.065625 0.0640625
37 0.45859375 0.79921875 0.2078125 0.1046875
46 0.6234375 0.86875 0.06875 0.046875
46 0.5578125 0.83125 0.06875 0.0953125
47 0.203125 0.771875 0.0609375 0.0171875
47 0.5109375 0.86328125 0.071875 0.025
47 0.56640625 0.8671875 0.03125 0.034375
47 0.64921875 0.8328125 0.078125 0.009375
38 0.7125 0.7203125 0.24375 0.0515625
39 0.76875 0.734375 0.15625 0.0375
40 0.86796875 0.6765625 0.05625 0.0421875
0 0.19296875 0.4625 0.3859375 0.421875
36 0.9390625 0.45703125 0.0609375 0.09375
36 0.49140625 0.53046875 0.084375 0.05
37 0.159375 0.83359375 0.2078125 0.0234375
40 0.2875 0.56328125 0.109375 0.0671875
40 0.79765625 0.7671875 0.065625 0.05
40 0.8296875 0.659375 0.0609375 0.0390625
40 0.76171875 0.66171875 0.0609375 0.0421875
40 0.37890625 0.72265625 0.078125 0.046875
43 0.57734375 0.4296875 0.06875 0.053125
43 0.63828125 0.44375 0.059375 0.0453125
40 0.659375 0.80625 0.0875 0.046875
0 0.49453125 0.31171875 0.3734375 0.3375