53 0.1421875 0.565625 0.284375 0.3015625
53 0.74765625 0.64921875 0.2546875 0.31328125
57 0.4296875 0.73125 0.2921875 0.278125
78 0.88671875 0.28125 0.0328125 0.01875
0 0.434375 0.42421875 0.178125 0.34140625
0 0.578125 0.546875 0.34375 0.4671875
0 0.309375 0.5125 0.115625 0.2453125
37 0.38828125 0.7140625 0.0328125 0.0375
37 0.190625 0.81875 0.0421875 0.05390625
38 0.0703125 0.72109375 0.0375 0.0421875
40 0.3359375 0.66796875 0.0828125 0.046875
37 0.090625 0.721875 0.04375 0.0234375
38 0.403125 0.7171875 0.025 0.0375
40 0.02578125 0.753125 0.0515625 0.0515625
40 0.04375 0.8140625 0.0875 0.07265625
53 0.68125 0.83046875 0.6375 0.3390625
57 0.14609375 0.8296875 0.2921875 0.3015625
38 0.33828125 0.62421875 0.040625 0.03046875
38 0.49453125 0.634375 0.046875 0.0234375
38 0.2078125 0.8234375 0.0328125 0.04453125
40 0.32421875 0.68828125 0.0359375 0.0375
40 0.41875 0.66015625 0.1078125 0.05625
53 0.91328125 0.59921875 0.1734375 0.2453125
0 0.553125 0.584375 0.0984375 0.30390625
37 0.34296875 0.621875 0.0359375 0.02578125