33 0.2640625 0.7015625 0.0140625 0.053125
33 0.11484375 0.7 0.01796875 0.071875
33 0.24765625 0.69453125 0.021875 0.0796875
33 0.034375 0.6734375 0.021875 0.10703125
33 0.0546875 0.64921875 0.02421875 0.0640625
33 0.20703125 0.7015625 0.015625 0.075
33 0.06015625 0.7 0.0203125 0.071875
33 0.08125 0.68125 0.015625 0.0453125
33 0.19296875 0.68125 0.01171875 0.03984375
33 0.1 0.646875 0.015625 0.034375
33 0.13515625 0.7015625 0.01796875 0.06953125
33 0.22734375 0.7 0.01796875 0.07734375
33 0.171875 0.7 0.015625 0.071875
33 0.28828125 0.5359375 0.0203125 0.08515625
33 0.346875 0.534375 0.0203125 0.09609375
41 0.59375 0.446875 0.02578125 0.01328125
41 0.4421875 0.325 0.021875 0.0296875
41 0.57890625 0.32421875 0.021875 0.05078125
41 0.61875 0.3203125 0.03203125 0.05078125
33 0.328125 0.534375 0.0203125 0.0984375
41 0.52421875 0.3296875 0.02578125 0.034375
41 0.475 0.32109375 0.015625 0.03984375
41 0.40390625 0.30234375 0.0359375 0.04765625
41 0.69375 0.51328125 0.05390625 0.0375
41 0.596875 0.49453125 0.03984375 0.0453125
41 0.6546875 0.47734375 0.028125 0.02421875
33 0.371875 0.53828125 0.16015625 0.11171875