27 0.42265625 0.7125 0.65625 0.31484375
0 0.85546875 0.53203125 0.20625 0.7484375
0 0.3765625 0.1828125 0.0625 0.1359375
0 0.4125 0.20625 0.0578125 0.1078125
0 0.41875 0.13046875 0.0203125 0.04921875
0 0.62890625 0.05390625 0.0296875 0.0984375
0 0.56484375 0.065625 0.0359375 0.12421875
0 0.44765625 0.0578125 0.0296875 0.1078125
0 0.5796875 0.18984375 0.0359375 0.13125
19 0.3078125 0.2015625 0.028125 0.05625
19 0.58984375 0.203125 0.021875 0.05390625
27 0.1671875 0.02578125 0.0546875 0.01640625
0 0.3234375 0.18984375 0.0484375 0.121875
8 0.3921875 0.22890625 0.0375 0.0609375