77 0.7671875 0.41640625 0.053125 0.0671875
0 0.7265625 0.6328125 0.38125 0.734375
38 0.63828125 0.49921875 0.04375 0.1296875
38 0.63828125 0.47578125 0.01875 0.0546875
38 0.63046875 0.46953125 0.021875 0.0640625
38 0.61015625 0.46328125 0.0203125 0.0546875
38 0.5953125 0.5234375 0.0125 0.040625
38 0.5984375 0.540625 0.025 0.071875
38 0.60703125 0.54375 0.025 0.0734375
38 0.61328125 0.54765625 0.025 0.078125
59 0.8765625 0.725 0.234375 0.359375
72 0.228125 0.24921875 0.0328125 0.0390625
38 0.6203125 0.4640625 0.0171875 0.0546875
54 0.9671875 0.43125 0.065625 0.10625
65 0.49140625 0.48203125 0.0609375 0.0734375
38 0.62421875 0.46796875 0.0171875 0.053125