1 0.35078125 0.62890625 0.3828125 0.7421875
1 0.7734375 0.35390625 0.05625 0.1203125
0 0.89765625 0.28828125 0.0375 0.084375
0 0.634375 0.3328125 0.0125 0.0328125
12 0.73515625 0.31796875 0.03125 0.0265625
12 0.31015625 0.38046875 0.234375 0.175
67 0.45546875 0.3484375 0.1578125 0.2078125
4 0.2734375 0.1953125 0.1046875 0.290625
4 0.2125 0.1875 0.134375 0.3
4 0.74921875 0.2828125 0.0265625 0.0515625
67 0.79140625 0.2921875 0.0625 0.090625
79 0.68671875 0.27578125 0.009375 0.0171875
4 0.18046875 0.39921875 0.0140625 0.0296875
4 0.53671875 0.33984375 0.0203125 0.059375
0 0.62421875 0.334375 0.015625 0.034375
0 0.44765625 0.3109375 0.0203125 0.0234375
0 0.58203125 0.3375 0.015625 0.0453125
79 0.878125 0.25 0.009375 0.01875
12 0.85859375 0.30234375 0.015625 0.0171875
12 0.86171875 0.2921875 0.028125 0.0328125