0 0.84921875 0.634375 0.1453125 0.5796875
0 0.0265625 0.58984375 0.053125 0.4421875
0 0.4546875 0.4953125 0.040625 0.1359375
0 0.3390625 0.48671875 0.03125 0.121875
0 0.62109375 0.5234375 0.0625 0.234375
0 0.48671875 0.5 0.0359375 0.128125
0 0.303125 0.46875 0.0140625 0.065625
0 0.36640625 0.471875 0.0234375 0.0734375
56 0.65078125 0.50625 0.6984375 0.6
17 0.83671875 0.54375 0.1125 0.21875
17 0.54140625 0.4890625 0.04375 0.103125
17 0.4484375 0.4890625 0.021875 0.040625
19 0.48359375 0.478125 0.0265625 0.0484375
19 0.4125 0.46640625 0.0125 0.03125
19 0.6265625 0.50625 0.0359375 0.046875
21 0.59375 0.57734375 0.0578125 0.1421875
56 0.0484375 0.45390625 0.0703125 0.096875
17 0.41640625 0.4671875 0.0203125 0.0296875
19 0.65078125 0.49765625 0.028125 0.03125
21 0.33359375 0.53046875 0.0296875 0.03125
0 0.4203125 0.4765625 0.015625 0.1
0 0.55 0.51171875 0.0453125 0.20625
0 0.65 0.52890625 0.04375 0.178125
0 0.5734375 0.5359375 0.0703125 0.2609375
19 0.32734375 0.47109375 0.0140625 0.028125
19 0.00703125 0.553125 0.0140625 0.0921875
0 0.50078125 0.53125 0.403125 0.2109375