9 0.6203125 0.69296875 0.175 0.259375
9 0.390625 0.696875 0.1796875 0.271875
0 0.6140625 0.56953125 0.2109375 0.2546875
0 0.37890625 0.57109375 0.221875 0.2828125
0 0.109375 0.6765625 0.10625 0.075
0 0.15625 0.62421875 0.0421875 0.040625
0 0.23125 0.61640625 0.0421875 0.03125
0 0.29375 0.61796875 0.05625 0.096875
5 0.0765625 0.69765625 0.0328125 0.034375
0 0.08203125 0.6 0.0125 0.0234375
0 0.18671875 0.6109375 0.0171875 0.01875
0 0.19765625 0.6234375 0.0421875 0.015625
0 0.1125 0.615625 0.0421875 0.0796875
0 0.0734375 0.615625 0.0234375 0.059375
0 0.73125 0.55390625 0.0140625 0.0171875