12 0.28515625 0.6078125 0.2203125 0.1015625
12 0.9625 0.690625 0.0453125 0.05625
23 0.33828125 0.784375 0.4 0.325
23 0.5609375 0.8203125 0.109375 0.1671875
12 0.67421875 0.63828125 0.0796875 0.0421875
2 0.7984375 0.771875 0.0609375 0.1234375
13 0.509375 0.38125 0.0875 0.159375
13 0.31953125 0.46015625 0.1046875 0.1984375
13 0.42734375 0.40703125 0.090625 0.1765625
13 0.54453125 0.3671875 0.075 0.1515625
13 0.38515625 0.44453125 0.0921875 0.1875
13 0.46796875 0.3953125 0.053125 0.14375
0 0.90390625 0.75625 0.103125 0.2875
0 0.87421875 0.7234375 0.0625 0.24375
0 0.61640625 0.646875 0.0640625 0.1390625
0 0.4359375 0.70703125 0.0796875 0.18125
0 0.5640625 0.640625 0.0765625 0.1546875
0 0.33671875 0.7671875 0.19375 0.365625
0 0.4953125 0.67421875 0.0828125 0.134375
0 0.13984375 0.57265625 0.0796875 0.209375
12 0.703125 0.6375 0.14375 0.05625
0 0.5828125 0.65390625 0.05625 0.1140625
0 0.03828125 0.61015625 0.0671875 0.1734375
0 0.709375 0.715625 0.0875 0.2109375
0 0.3296875 0.51640625 0.04375 0.071875
12 0.6625 0.6515625 0.0609375 0.0484375
12 0.8109375 0.709375 0.1515625 0.225
23 0.421875 0.76015625 0.3296875 0.28125
23 0.58203125 0.80625 0.0984375 0.1484375
13 0.57421875 0.35078125 0.05 0.13125
13 0.60703125 0.32109375 0.0609375 0.125
0 0.2421875 0.459375 0.0375 0.0765625
0 0.28359375 0.53515625 0.5671875 0.5171875