0 0.95859375 0.68046875 0.0234375 0.05
15 0.3609375 0.5640625 0.1640625 0.2703125
0 0.64765625 0.7609375 0.021875 0.05
0 0.29140625 0.84765625 0.0125 0.0546875
0 0.3015625 0.85078125 0.0125 0.05
12 0.38671875 0.91796875 0.1078125 0.1640625
12 0.4625 0.88828125 0.0984375 0.1390625
12 0.53984375 0.86171875 0.1078125 0.1328125
12 0.61171875 0.84609375 0.1234375 0.1359375
12 0.71328125 0.9265625 0.1515625 0.1203125
12 0.78671875 0.7859375 0.115625 0.090625
12 0.85390625 0.87578125 0.15 0.1109375
12 0.77265625 0.896875 0.159375 0.1578125
12 0.61875 0.94296875 0.134375 0.1109375
15 0.5203125 0.56484375 0.1765625 0.2625
12 0.98203125 0.88515625 0.0359375 0.0796875
12 0.90234375 0.8578125 0.13125 0.1
12 0.53046875 0.94296875 0.1265625 0.1140625
12 0.9546875 0.77421875 0.090625 0.0828125
12 0.52265625 0.7828125 0.9546875 0.434375