12 0.34765625 0.615625 0.5390625 0.353125
12 0.5609375 0.475 0.0953125 0.0609375
12 0.55625 0.503125 0.053125 0.0609375
0 0.14453125 0.45390625 0.0234375 0.0328125
0 0.1296875 0.465625 0.0234375 0.0375
0 0.61484375 0.49140625 0.0359375 0.0890625
0 0.0984375 0.4515625 0.021875 0.025
12 0.15 0.478125 0.059375 0.0515625
12 0.55703125 0.44375 0.0296875 0.0078125
79 0.9296875 0.35078125 0.0296875 0.04375
4 0.72734375 0.5203125 0.05625 0.2125
12 0.0671875 0.5359375 0.134375 0.18125
79 0.14609375 0.371875 0.01875 0.034375
79 0.6203125 0.38203125 0.015625 0.0265625
2 0.65234375 0.52578125 0.0328125 0.065625