56 0.48515625 0.46640625 0.525 0.11875
78 0.44140625 0.88359375 0.0875 0.134375
78 0.4203125 0.8015625 0.046875 0.04375
78 0.42421875 0.7203125 0.0296875 0.028125
78 0.675 0.73984375 0.0625 0.065625
78 0.6453125 0.66640625 0.0796875 0.09375
0 0.4203125 0.790625 0.0125 0.01875
0 0.40703125 0.790625 0.0109375 0.01875
0 0.68203125 0.72734375 0.0109375 0.01875
0 0.66640625 0.73046875 0.0125 0.0234375
0 0.446875 0.87734375 0.015625 0.028125
0 0.4421875 0.89140625 0.0171875 0.0265625
0 0.41640625 0.8 0.0125 0.0125
0 0.42734375 0.70703125 0.0078125 0.009375
0 0.67421875 0.725 0.0078125 0.0140625
78 0.72890625 0.59453125 0.0703125 0.0296875
0 0.41328125 0.86171875 0.0140625 0.0234375
0 0.45546875 0.89296875 0.0109375 0.021875
0 0.4140625 0.70859375 0.0078125 0.0109375
0 0.6578125 0.72890625 0.0078125 0.0109375
0 0.64921875 0.6734375 0.053125 0.034375