52 0.68359375 0.15703125 0.334375 0.30859375
57 0.5 0.5875 1 0.80234375
1 0.271875 0.09140625 0.1375 0.1828125
0 0.05625 0.1125 0.1125 0.22265625
43 0.3859375 0.7 0.265625 0.29765625
43 0.46953125 0.61015625 0.2921875 0.22734375
36 0.63125 0.38125 0.1390625 0.21015625
39 0.67421875 0.47890625 0.0359375 0.14375
48 0.3859375 0.70078125 0.2453125 0.27734375
1 0.36171875 0.01796875 0.01875 0.03515625
1 0.43671875 0.09765625 0.2109375 0.1953125
1 0.48984375 0.10078125 0.0890625 0.2015625
52 0.05078125 0.12890625 0.1015625 0.25