37 0.7 0.696875 0.6 0.421875
47 0.3765625 0.8109375 0.2078125 0.24375
47 0.4546875 0.84609375 0.171875 0.26875
47 0.503125 0.80859375 0.1203125 0.2109375
47 0.17265625 0.6796875 0.3390625 0.3296875
47 0.80703125 0.41015625 0.3859375 0.20625
47 0.80859375 0.5671875 0.3609375 0.284375
47 0.18671875 0.390625 0.2625 0.1984375
47 0.7265625 0.2625 0.371875 0.2921875
47 0.31171875 0.80703125 0.1671875 0.1359375
47 0.559375 0.73125 0.0796875 0.1015625
47 0.14375 0.51171875 0.234375 0.1765625
47 0.26640625 0.290625 0.19375 0.2