12 0.97421875 0.37890625 0.0515625 0.1046875
0 0.77109375 0.53359375 0.4578125 0.9328125
0 0.4375 0.384375 0.1046875 0.3
42 0.359375 0.7046875 0.03125 0.040625
42 0.3390625 0.70234375 0.234375 0.24375
42 0.18046875 0.6765625 0.2265625 0.18125
0 0.06171875 0.3734375 0.1234375 0.303125
44 0.57734375 0.5859375 0.0203125 0.025
44 0.53671875 0.634375 0.03125 0.0359375
44 0.6359375 0.596875 0.0234375 0.0234375
44 0.5296875 0.5765625 0.0265625 0.0375
44 0.63125 0.61875 0.028125 0.028125
44 0.1453125 0.46875 0.015625 0.015625
44 0.13125 0.44296875 0.0203125 0.0234375
44 0.11640625 0.4703125 0.01875 0.0109375
44 0.09765625 0.45546875 0.01875 0.0234375
44 0.178125 0.45546875 0.0171875 0.0140625
44 0.15859375 0.46640625 0.015625 0.0125
44 0.13203125 0.4609375 0.021875 0.0203125
44 0.09921875 0.43671875 0.015625 0.0203125
44 0.13046875 0.471875 0.0953125 0.121875