33 0.090625 0.0890625 0.015625 0.10703125
33 0.11171875 0.0875 0.0359375 0.10234375
33 0.178125 0.0828125 0.021875 0.11796875
33 0.128125 0.07578125 0.02421875 0.10703125
33 0.15390625 0.0828125 0.0296875 0.11015625
33 0.21015625 0.08515625 0.021875 0.11015625
33 0.440625 0.57421875 0.0359375 0.13125
33 0.365625 0.71875 0.0859375 0.13125
33 0.0703125 0.0875 0.021875 0.10703125
33 0.04375 0.08671875 0.03203125 0.11484375
33 0.025 0.07890625 0.03203125 0.12578125
0 0.184375 0.74375 0.3640625 0.47109375
0 0.31796875 0.34453125 0.21171875 0.371875
0 0.88125 0.43046875 0.1921875 0.47109375
0 0.86328125 0.36875 0.23828125 0.48984375
0 0.53671875 0.31640625 0.1796875 0.3875
70 0.12890625 0.428125 0.23984375 0.57890625
65 0.74296875 0.31953125 0.078125 0.0625
33 0.7640625 0.53125 0.05 0.1625
36 0.73203125 0.5234375 0.05234375 0.240625
65 0.4921875 0.17109375 0.1796875 0.13359375
66 0.43984375 0.46171875 0.03828125 0.1046875
33 0.19375 0.10625 0.01171875 0.0703125
53 0.6078125 0.82421875 0.77421875 0.30625
57 0.63515625 0.62578125 0.5140625 0.21953125