18 0.93515625 0.11875 0.1203125 0.2328125
43 0.471875 0.5515625 0.13125 0.1078125
43 0.60703125 0.48828125 0.1296875 0.0890625
52 0.1015625 0.4484375 0.2 0.1703125
0 0.534375 0.28046875 0.603125 0.5609375
35 0.24296875 0.57421875 0.134375 0.1859375
39 0.053125 0.91171875 0.09375 0.1609375
39 0.7140625 0.56953125 0.0546875 0.0546875
40 0.49375 0.6546875 0.1234375 0.059375
40 0.43125 0.7125 0.153125 0.05
57 0.5 0.75390625 1 0.4921875
35 0.9671875 0.73046875 0.065625 0.2703125
40 0.91328125 0.6859375 0.084375 0.0875
40 0.23359375 0.57109375 0.2390625 0.0703125
38 0.54140625 0.5828125 0.0609375 0.0265625
43 0.32109375 0.69140625 0.1640625 0.109375
46 0.534375 0.8078125 0.134375 0.0890625
46 0.70625 0.87578125 0.1375 0.125
47 0.40546875 0.8546875 0.1421875 0.125