12 0.82109375 0.56171875 0.0328125 0.02890625
12 0.8671875 0.62890625 0.075 0.11953125
79 0.59296875 0.30390625 0.04375 0.16484375
79 0.63359375 0.30390625 0.0328125 0.1359375
2 0.8734375 0.70625 0.0234375 0.071875
0 0.79765625 0.71875 0.0828125 0.33203125
0 0.7171875 0.5921875 0.0125 0.059375
12 0.82578125 0.61484375 0.0328125 0.0671875
12 0.85234375 0.5609375 0.021875 0.02421875
67 0.8671875 0.6265625 0.084375 0.10703125
0 0.83984375 0.56328125 0.0046875 0.0265625
12 0.92109375 0.6578125 0.1265625 0.1359375
12 0.9765625 0.5859375 0.040625 0.040625
12 0.80703125 0.571875 0.034375 0.02421875
12 0.68671875 0.5796875 0.0203125 0.0359375
12 0.99140625 0.58984375 0.0171875 0.0453125
12 0.94921875 0.5765625 0.034375 0.0453125
12 0.8703125 0.5640625 0.0125 0.0140625
12 0.88671875 0.559375 0.0234375 0.01875
0 0.703125 0.58984375 0.0140625 0.0671875
12 0.90703125 0.57421875 0.0171875 0.02421875
54 0.4984375 0.69609375 0.0328125 0.09296875
54 0.60703125 0.6703125 0.05 0.05