33 0.4515625 0.45546875 0.040625 0.0921875
33 0.49140625 0.4421875 0.040625 0.1125
33 0.80390625 0.525 0.0390625 0.0859375
52 0.3765625 0.315625 0.0703125 0.0859375
35 0.56640625 0.46171875 0.0359375 0.0921875
36 0.6703125 0.5109375 0.034375 0.0390625
36 0.778125 0.55390625 0.0421875 0.0609375
38 0.49921875 0.2703125 0.0375 0.11875
38 0.52578125 0.2734375 0.0265625 0.11875
39 0.82421875 0.7265625 0.0421875 0.040625
40 0.78359375 0.59609375 0.053125 0.059375
40 0.71640625 0.5578125 0.0578125 0.0609375
40 0.6390625 0.534375 0.071875 0.0546875
40 0.63828125 0.5484375 0.0859375 0.0515625
44 0.71953125 0.54296875 0.028125 0.0203125
66 0.8328125 0.828125 0.290625 0.34375
68 0.7390625 0.50625 0.096875 0.1140625
69 0.51328125 0.54921875 0.2390625 0.1375
33 0.3234375 0.409375 0.0328125 0.0671875
33 0.34140625 0.40625 0.034375 0.075
36 0.03984375 0.590625 0.040625 0.0609375
39 0.6578125 0.5328125 0.046875 0.03125
39 0.59375 0.41015625 0.0234375 0.0375
36 0.59765625 0.4984375 0.04375 0.075