12 0.740625 0.9671875 0.06171875 0.06015625
12 0.68203125 0.9625 0.05 0.0578125
79 0.92109375 0.8609375 0.0203125 0.02734375
79 0.896875 0.86875 0.0078125 0.02265625
79 0.94375 0.8609375 0.01171875 0.02265625
12 0.2671875 0.92265625 0.38984375 0.13515625
12 0.61875 0.96640625 0.1078125 0.0671875
12 0.86484375 0.95 0.13984375 0.1
12 0.45390625 0.95390625 0.05234375 0.0921875
79 0.77890625 0.86015625 0.01015625 0.025
79 0.93828125 0.87890625 0.00390625 0.01484375
79 0.8328125 0.86015625 0.00625 0.02265625