28 0.2171875 0.23671875 0.2453125 0.0609375
0 0.521875 0.53359375 0.4453125 0.81015625
0 0.91015625 0.49921875 0.1296875 0.15234375
0 0.68125 0.54921875 0.046875 0.06796875
0 0.81953125 0.33046875 0.059375 0.1546875
0 0.853125 0.35703125 0.0703125 0.13359375
0 0.79921875 0.47578125 0.071875 0.196875
0 0.240625 0.4625 0.078125 0.1171875
0 0.1375 0.46640625 0.0484375 0.12890625
0 0.178125 0.46953125 0.103125 0.1265625
0 0.0921875 0.5515625 0.140625 0.18515625
0 0.30859375 0.57265625 0.075 0.0890625
20 0.709375 0.540625 0.021875 0.075
29 0.04765625 0.6734375 0.0953125 0.0984375
0 0.928125 0.34453125 0.078125 0.18515625
0 0.70703125 0.48984375 0.13125 0.1875
0 0.49921875 0.3359375 0.9984375 0.671875