48 0.24765625 0.78203125 0.11875 0.18125
48 0.1046875 0.70625 0.1390625 0.1375
48 0.21953125 0.77265625 0.1015625 0.15
48 0.17421875 0.75859375 0.0734375 0.12265625
33 0.56875 0.31328125 0.0890625 0.30234375
33 0.475 0.37890625 0.0828125 0.22109375
52 0.4125 0.159375 0.1625 0.17890625
52 0.8796875 0.34453125 0.240625 0.39765625
57 0.50390625 0.59453125 0.9921875 0.76015625
37 0.34296875 0.35625 0.0125 0.04140625
40 0.68671875 0.47890625 0.1390625 0.16640625
40 0.23125 0.31171875 0.1890625 0.1625
40 0.828125 0.57734375 0.14375 0.18359375
46 0.82578125 0.57578125 0.0703125 0.04375
48 0.259375 0.515625 0.10625 0.06640625
48 0.334375 0.47265625 0.0546875 0.06015625
48 0.33828125 0.44921875 0.06875 0.08515625
48 0.25390625 0.46875 0.0234375 0.01875
71 0.090625 0.24453125 0.0890625 0.03359375
71 0.09375 0.29609375 0.0828125 0.0875