52 0.04375 0.75234375 0.0875 0.3453125
52 0.1078125 0.56328125 0.08125 0.1078125
52 0.30078125 0.63828125 0.1078125 0.1859375
52 0.6453125 0.634375 0.0828125 0.0984375
57 0.3546875 0.65234375 0.11875 0.171875
57 0.3046875 0.57421875 0.05625 0.0421875
57 0.5828125 0.58984375 0.0640625 0.021875
23 0.89140625 0.76640625 0.1859375 0.290625
52 0.52109375 0.63828125 0.0578125 0.146875
0 0.48359375 0.55078125 0.06875 0.125
0 0.89453125 0.58828125 0.059375 0.0859375
18 0.82890625 0.378125 0.2890625 0.1640625
18 0.36328125 0.26484375 0.25 0.1265625
18 0.6609375 0.42265625 0.359375 0.3734375
18 0.9296875 0.31875 0.140625 0.134375
18 0.0671875 0.259375 0.071875 0.0515625
52 0.496875 0.62578125 0.04375 0.1375
52 0.38671875 0.64765625 0.1109375 0.19375
52 0.0890625 0.5484375 0.0875 0.096875
0 0.79140625 0.64609375 0.084375 0.2046875
0 0.81796875 0.58359375 0.0296875 0.071875
0 0.23515625 0.49140625 0.04375 0.0859375
0 0.2125 0.5046875 0.0515625 0.1125
0 0.18828125 0.45859375 0.0328125 0.0453125
0 0.3328125 0.5125 0.0625 0.1171875
0 0.859375 0.58203125 0.0421875 0.078125
0 0.77578125 0.5671875 0.04375 0.071875
23 0.95390625 0.64296875 0.053125 0.046875
52 0.11171875 0.6296875 0.109375 0.209375
52 0.35546875 0.5578125 0.0234375 0.0375
52 0.8265625 0.6734375 0.0734375 0.1921875
57 0.83046875 0.65078125 0.04375 0.090625
0 0.58359375 0.54453125 0.059375 0.0859375
52 0.08984375 0.509375 0.0546875 0.0265625
57 0.27578125 0.55625 0.0640625 0.0390625
57 0.7203125 0.5859375 0.0765625 0.0265625
57 0.70234375 0.6265625 0.0859375 0.053125
57 0.62578125 0.6109375 0.071875 0.0328125
0 0.353125 0.46640625 0.059375 0.1546875
0 0.659375 0.53984375 0.040625 0.071875
52 0.478125 0.63046875 0.5578125 0.2421875