12 0.93125 0.771875 0.1375 0.10625
12 0.8359375 0.78984375 0.115625 0.08125
12 0.5 0.84921875 0.075 0.0609375
67 0.27421875 0.8703125 0.2234375 0.121875
67 0.41796875 0.8515625 0.1484375 0.090625
79 0.43046875 0.559375 0.0296875 0.0703125
79 0.43828125 0.66953125 0.01875 0.0421875
67 0.93125 0.76875 0.1375 0.096875
79 0.34765625 0.70234375 0.015625 0.0359375
79 0.275 0.6234375 0.0234375 0.0625
79 0.253125 0.7375 0.015625 0.0359375
79 0.584375 0.59921875 0.0265625 0.075
79 0.190625 0.7515625 0.0125 0.0296875
79 0.1703125 0.675 0.0328125 0.071875
79 0.134375 0.6875 0.025 0.0546875
79 0.04375 0.70078125 0.0265625 0.0625
79 0.13515625 0.7625 0.0140625 0.0296875
79 0.1046875 0.7734375 0.01875 0.025
79 0.7734375 0.52734375 0.0640625 0.090625
3 0.84296875 0.584375 0.071875 0.0859375
79 0.56171875 0.6203125 0.6578125 0.3046875