9 0.46796875 0.61484375 0.8359375 0.7703125
0 0.07890625 0.315625 0.1234375 0.19375
0 0.0875 0.628125 0.175 0.609375
0 0.61640625 0.0546875 0.0734375 0.09375
0 0.8328125 0.14296875 0.090625 0.1765625
0 0.85703125 0.69453125 0.01875 0.046875
0 0.825 0.67265625 0.0203125 0.0453125
0 0.8109375 0.65703125 0.0140625 0.0390625
67 0.55234375 0.44921875 0.6890625 0.8984375
0 0.13046875 0.33359375 0.0375 0.0578125
0 0.94609375 0.7015625 0.040625 0.1359375
5 0.58671875 0.1171875 0.3265625 0.234375
0 0.275 0.3421875 0.0265625 0.01875
0 0.740625 0.13046875 0.05625 0.13125
0 0.803125 0.65625 0.009375 0.028125
19 0.8484375 0.16015625 0.046875 0.0609375