0 0.67265625 0.578125 0.1078125 0.178125
0 0.1984375 0.546875 0.1 0.1734375
5 0.36796875 0.69765625 0.2125 0.3234375
5 0.71484375 0.71953125 0.3484375 0.4875
5 0.903125 0.7671875 0.10625 0.3734375
5 0.090625 0.76171875 0.0984375 0.096875
19 0.6296875 0.6828125 0.0765625 0.0875
17 0.62890625 0.6859375 0.0765625 0.0890625
17 0.8859375 0.58125 0.065625 0.1328125
17 0.89609375 0.7671875 0.1171875 0.1234375
64 0.71796875 0.60625 0.0265625 0.0125
57 0.75234375 0.65625 0.228125 0.340625
57 0.2484375 0.61640625 0.3203125 0.340625
60 0.26796875 0.5046875 0.0578125 0.1015625
60 0.73046875 0.5734375 0.065625 0.0640625
5 0.2453125 0.64296875 0.3234375 0.4046875
64 0.2375 0.5328125 0.009375 0.0109375