12 0.3453125 0.56484375 0.6890625 0.4796875
12 0.16796875 0.43984375 0.253125 0.175
12 0.80859375 0.415625 0.3828125 0.353125
12 0.884375 0.29453125 0.09375 0.0765625
12 0.6265625 0.353125 0.075 0.09375
12 0.60390625 0.35 0.0609375 0.0640625
23 0.07109375 0.58515625 0.1421875 0.1640625
0 0.2984375 0.3890625 0.0234375 0.03125
0 0.03828125 0.5015625 0.0765625 0.19375
0 0.35390625 0.3671875 0.03125 0.0265625
5 0.69296875 0.659375 0.340625 0.3625
12 0.4453125 0.35703125 0.209375 0.09375
0 0.2640625 0.3984375 0.015625 0.0171875
0 0.5859375 0.33359375 0.01875 0.0375
0 0.62265625 0.31640625 0.0078125 0.009375
12 0.9359375 0.26953125 0.0296875 0.0203125