33 0.83828125 0.46875 0.15625 0.3921875
33 0.76015625 0.38046875 0.1046875 0.2859375
52 0.3125 0.234375 0.209375 0.284375
52 0.06171875 0.13828125 0.1 0.16875
52 0.5265625 0.11796875 0.128125 0.071875
52 0.109375 0.1234375 0.06875 0.1609375
57 0.5 0.6 1 0.8
0 0.5125 0.2046875 0.284375 0.409375
52 0.1359375 0.1140625 0.05625 0.146875
35 0.51875 0.5859375 0.090625 0.1984375
35 0.59765625 0.58828125 0.096875 0.225
36 0.328125 0.55625 0.10625 0.2203125
37 0.36484375 0.88125 0.0953125 0.2375
38 0.759375 0.85 0.109375 0.2578125
39 0.96015625 0.80703125 0.0796875 0.0984375
36 0.3640625 0.3734375 0.053125 0.0734375
36 0.384375 0.3953125 0.0515625 0.1078125
36 0.68359375 0.65390625 0.090625 0.165625
36 0.38046875 0.5125 0.0375 0.075
39 0.3515625 0.3984375 0.0171875 0.0328125
52 0.16484375 0.10546875 0.05625 0.1375
0 0.596875 0.05859375 0.071875 0.1171875
52 0.02421875 0.1671875 0.0484375 0.221875
52 0.04296875 0.178125 0.0828125 0.1359375
52 0.36875 0.103125 0.1203125 0.0859375
52 0.3421875 0.16171875 0.15625 0.159375
53 0.3453125 0.18359375 0.16875 0.20625
73 0.5390625 0.37890625 0.1484375 0.1484375
36 0.40390625 0.5265625 0.040625 0.0796875
52 0.35703125 0.065625 0.0328125 0.040625
52 0.065625 0.08046875 0.0359375 0.0546875
53 0.3078125 0.20234375 0.1953125 0.2140625