33 0.60546875 0.51328125 0.0359375 0.090625
28 0.69375 0.265625 0.121875 0.3859375
28 0.11171875 0.528125 0.0625 0.303125
28 0.08671875 0.50390625 0.0625 0.1671875
29 0.29609375 0.5671875 0.0984375 0.125
0 0.23046875 0.63125 0.26875 0.4609375
0 0.4953125 0.4375 0.2046875 0.584375
0 0.7453125 0.55546875 0.3375 0.734375
5 0.75546875 0.64375 0.45625 0.2328125
5 0.365625 0.521875 0.0375 0.0203125
33 0.89375 0.72265625 0.0390625 0.08125
0 0.61171875 0.340625 0.2328125 0.6609375
0 0.96796875 0.534375 0.0640625 0.465625
0 0.09609375 0.40625 0.13125 0.5328125
0 0.09296875 0.35625 0.1859375 0.7125
0 0.85078125 0.3328125 0.184375 0.49375
0 0.425 0.60703125 0.2359375 0.253125
0 0.68515625 0.475 0.1640625 0.5328125