59 0.83984375 0.45234375 0.1515625 0.31875
52 0.453125 0.428125 0.1046875 0.203125
52 0.61953125 0.459375 0.096875 0.30625
52 0.4640625 0.42421875 0.0640625 0.20625
53 0.1515625 0.690625 0.303125 0.58125
0 0.5921875 0.26796875 0.09375 0.146875
60 0.59296875 0.3140625 0.0734375 0.0734375
62 0.9046875 0.603125 0.1046875 0.0375
62 0.7578125 0.53359375 0.0453125 0.0234375
36 0.328125 0.571875 0.034375 0.0640625
64 0.38359375 0.54375 0.0375 0.01875
65 0.21875 0.2359375 0.0671875 0.0640625
70 0.23671875 0.4515625 0.1203125 0.2
33 0.25078125 0.31875 0.015625 0.05625
36 0.18984375 0.35 0.015625 0.0265625
57 0.52421875 0.35546875 0.3203125 0.0546875
52 0.57265625 0.47734375 0.01875 0.1078125