33 0.7546875 0.5984375 0.06875 0.1421875
33 0.83125 0.50546875 0.09375 0.33125
33 0.8953125 0.52265625 0.0921875 0.3359375
33 0.87421875 0.50546875 0.0765625 0.315625
0 0.22578125 0.4875 0.4515625 0.975
0 0.728125 0.2625 0.4390625 0.503125
40 0.78828125 0.82421875 0.3890625 0.3515625
49 0.553125 0.65859375 0.1984375 0.153125
66 0.53671875 0.45625 0.23125 0.3390625
33 0.65859375 0.34453125 0.0234375 0.0515625
33 0.67890625 0.3171875 0.0359375 0.1015625
35 0.94296875 0.18984375 0.034375 0.0796875
38 0.6359375 0.29765625 0.0171875 0.103125
38 0.625 0.3078125 0.015625 0.0890625
38 0.6234375 0.275 0.0140625 0.059375
38 0.6390625 0.30703125 0.015625 0.0859375
38 0.62890625 0.2984375 0.015625 0.1046875
38 0.6484375 0.28828125 0.0109375 0.0515625
38 0.63984375 0.325 0.009375 0.046875
74 0.6921875 0.4515625 0.0875 0.1359375
57 0.5484375 0.796875 0.3375 0.40625