33 0.375 0.16171875 0.059375 0.1859375
36 0.5390625 0.23515625 0.14375 0.290625
36 0.7484375 0.215625 0.184375 0.3234375
36 0.91484375 0.234375 0.1421875 0.36875
36 0.65234375 0.2125 0.0953125 0.275
38 0.7234375 0.6875 0.553125 0.171875
39 0.70703125 0.7765625 0.5859375 0.178125
49 0.5171875 0.52109375 0.946875 0.4328125
0 0.0921875 0.2921875 0.184375 0.475
0 0.16328125 0.171875 0.3265625 0.29375
0 0.73203125 0.05625 0.3578125 0.1125
36 0.446875 0.1984375 0.06875 0.134375
49 0.3265625 0.31796875 0.378125 0.1390625
57 0.5 0.5 1 1