54 0.43984375 0.4953125 0.1890625 0.30234375
57 0.27109375 0.7625 0.5390625 0.45234375
36 0.45390625 0.5875 0.0546875 0.13359375
36 0.78671875 0.74140625 0.0765625 0.12890625
36 0.19375 0.540625 0.0609375 0.0703125
36 0.07265625 0.5375 0.059375 0.08671875
36 0.246875 0.29296875 0.08125 0.1359375
36 0.221875 0.6734375 0.034375 0.0890625
37 0.27265625 0.6828125 0.10625 0.075
37 0.33125 0.7515625 0.121875 0.0890625
39 0.3109375 0.71171875 0.1109375 0.07265625
39 0.31796875 0.7375 0.1125 0.08671875
36 0.19453125 0.65546875 0.0234375 0.07265625
37 0.28203125 0.68828125 0.1078125 0.0703125
40 0.0484375 0.64296875 0.096875 0.11953125
73 0.45234375 0.5890625 0.0546875 0.12890625
39 0.31171875 0.73046875 0.0796875 0.075
36 0.246875 0.66015625 0.0203125 0.065625
36 0.22421875 0.65 0.03125 0.08671875
38 0.29765625 0.7046875 0.1203125 0.07265625
36 0.2578125 0.6484375 0.03125 0.075