33 0.6671875 0.28671875 0.0796875 0.1328125
52 0.45234375 0.103125 0.26875 0.1
57 0.5 0.49453125 1 0.8609375
36 0.503125 0.4921875 0.1453125 0.14375
36 0.32421875 0.30625 0.1125 0.121875
36 0.67578125 0.52890625 0.0984375 0.1328125
36 0.734375 0.45703125 0.1265625 0.15625
36 0.58046875 0.1921875 0.0734375 0.0921875
37 0.525 0.63046875 0.7828125 0.334375
37 0.18203125 0.26875 0.1671875 0.053125
38 0.45859375 0.6734375 0.1921875 0.1703125
38 0.16796875 0.37265625 0.2 0.0453125
38 0.87109375 0.56484375 0.190625 0.0578125
36 0.74375 0.33515625 0.0796875 0.109375
36 0.40390625 0.2640625 0.071875 0.109375
33 0.4359375 0.203125 0.0875 0.1515625
52 0.87265625 0.278125 0.2546875 0.3375
33 0.325 0.175 0.0828125 0.125
38 0.66328125 0.2359375 0.15625 0.0359375
33 0.44375 0.40859375 0.096875 0.1296875
38 0.87109375 0.40859375 0.1421875 0.025