18 0.84296875 0.27734375 0.3140625 0.4734375
18 0.68359375 0.2515625 0.3015625 0.1546875
18 0.134375 0.1984375 0.2140625 0.2265625
18 0.5328125 0.23359375 0.2078125 0.1109375
0 0.2046875 0.44765625 0.3734375 0.6640625
0 0.33046875 0.46640625 0.2171875 0.5515625
0 0.54921875 0.3546875 0.0609375 0.1015625
0 0.5609375 0.5375 0.2078125 0.4296875
0 0.6953125 0.63203125 0.3875 0.7359375
0 0.42890625 0.434375 0.1203125 0.3359375
0 0.82421875 0.42265625 0.090625 0.20625
0 0.88203125 0.46171875 0.1171875 0.2015625
0 0.93828125 0.44296875 0.03125 0.0859375
44 0.61015625 0.72265625 0.0265625 0.034375
44 0.828125 0.6859375 0.025 0.03125
19 0.12734375 0.61640625 0.1375 0.190625
19 0.28359375 0.37578125 0.021875 0.05625
0 0.5203125 0.3390625 0.0546875 0.1109375
41 0.09296875 0.8890625 0.18125 0.115625
41 0.21328125 0.89140625 0.0765625 0.1234375
41 0.06328125 0.76328125 0.0671875 0.1375
41 0.09765625 0.79609375 0.08125 0.0703125
18 0.10703125 0.209375 0.1421875 0.0484375
41 0.13828125 0.78828125 0.1671875 0.2078125
41 0.02578125 0.678125 0.0515625 0.06875
41 0.065625 0.73515625 0.0796875 0.0578125
41 0.0609375 0.70390625 0.059375 0.0359375
41 0.053125 0.85625 0.0546875 0.0734375
44 0.63046875 0.7421875 0.025 0.021875
0 0.496875 0.33828125 0.040625 0.109375
0 0.47734375 0.3359375 0.0328125 0.1046875
18 0.31484375 0.23515625 0.0390625 0.05625
0 0.59609375 0.37109375 0.040625 0.05625
0 0.38515625 0.30703125 0.5296875 0.1859375