9 0.24609375 0.53359375 0.3078125 0.503125
11 0.70234375 0.55234375 0.18125 0.3015625
11 0.80859375 0.5671875 0.10625 0.2078125
11 0.5671875 0.4609375 0.1265625 0.1203125
12 0.91640625 0.53515625 0.1671875 0.2296875
0 0.46953125 0.4859375 0.1421875 0.2953125
0 0.57265625 0.39375 0.0359375 0.0546875
0 0.08828125 0.4453125 0.1453125 0.2890625
0 0.690625 0.40078125 0.0296875 0.0515625
0 0.9796875 0.49140625 0.040625 0.0515625
67 0.809375 0.4203125 0.203125 0.1703125
67 0.90859375 0.3859375 0.178125 0.159375
0 0.9890625 0.43359375 0.01875 0.025
0 0.02890625 0.42734375 0.0578125 0.2234375
0 0.9953125 0.43359375 0.00625 0.0125
11 0.71640625 0.4453125 0.16875 0.1125