23 0.5 0.5 1 1
33 0.09609375 0.3515625 0.090625 0.1984375
33 0.1921875 0.309375 0.0796875 0.1515625
33 0.1125 0.1140625 0.0953125 0.1484375
33 0.03203125 0.13359375 0.0640625 0.1640625
33 0.3046875 0.071875 0.078125 0.1109375
33 0.4 0.05390625 0.0703125 0.096875
33 0.34765625 0.24296875 0.0515625 0.134375
33 0.57109375 0.1734375 0.059375 0.1515625
33 0.09140625 0.5640625 0.0765625 0.1328125
33 0.1734375 0.53984375 0.059375 0.1203125
33 0.5125 0.18125 0.0578125 0.1296875
33 0.03125 0.4 0.0625 0.178125
33 0.6296875 0.1359375 0.0578125 0.1578125
33 0.59296875 0.1796875 0.7609375 0.359375