9 0.3296875 0.571875 0.2421875 0.26953125
9 0.371875 0.584375 0.2078125 0.2265625
78 0.48984375 0.4859375 0.6953125 0.31640625
0 0.64921875 0.43671875 0.084375 0.0984375
0 0.34609375 0.41328125 0.0375 0.0765625
0 0.403125 0.403125 0.0453125 0.11328125
0 0.1359375 0.571875 0.059375 0.134375
0 0.05703125 0.60234375 0.103125 0.203125
0 0.31484375 0.39765625 0.04375 0.10859375
0 0.4546875 0.40078125 0.0484375 0.13046875
9 0.46171875 0.55625 0.0796875 0.2203125
0 0.27890625 0.3984375 0.053125 0.0875
0 0.675 0.41484375 0.0234375 0.03203125
0 0.4890625 0.40625 0.034375 0.05546875