18 0.57578125 0.37265625 0.625 0.2890625
18 0.19453125 0.35390625 0.3890625 0.1984375
18 0.27578125 0.2828125 0.1484375 0.0453125
0 0.40625 0.6640625 0.3859375 0.653125
0 0.7109375 0.47734375 0.1453125 0.259375
0 0.11171875 0.7140625 0.21875 0.5703125
0 0.91015625 0.46796875 0.1046875 0.2640625
0 0.96875 0.509375 0.0625 0.2125
19 0.21640625 0.8296875 0.1484375 0.1890625
19 0.8328125 0.47109375 0.0328125 0.0328125
19 0.615625 0.4015625 0.05625 0.04375
0 0.7828125 0.44765625 0.0953125 0.1859375
0 0.94609375 0.759375 0.1078125 0.071875
0 0.62109375 0.471875 0.1046875 0.240625
18 0.746875 0.35078125 0.153125 0.03125
0 0.85234375 0.4203125 0.05625 0.0359375
0 0.8484375 0.40390625 0.0671875 0.053125