79 0.33984375 0.37109375 0.0234375 0.0609375
5 0.93984375 0.68671875 0.0921875 0.06875
12 0.3765625 0.60078125 0.1015625 0.1140625
0 0.4703125 0.565625 0.0171875 0.025
0 0.11796875 0.53125 0.015625 0.0171875
0 0.03203125 0.5203125 0.0359375 0.1046875
0 0.7859375 0.61875 0.0234375 0.0421875
12 0.01484375 0.4453125 0.0265625 0.0390625
12 0.61015625 0.6375 0.0796875 0.0921875
12 0.1390625 0.5546875 0.1265625 0.0890625
12 0.1078125 0.51875 0.0328125 0.03125
12 0.759375 0.6875 0.253125 0.2625
12 0.6375 0.64765625 0.0578125 0.1046875
12 0.34921875 0.575 0.0859375 0.0890625
12 0.0625 0.44375 0.0109375 0.0171875
12 0.19921875 0.559375 0.0359375 0.0625
79 0.4078125 0.2640625 0.034375 0.0921875
12 0.48203125 0.6078125 0.1515625 0.171875