57 0.5 0.57109375 1 0.8515625
0 0.66015625 0.1828125 0.471875 0.365625
0 0.115625 0.484375 0.23125 0.23125
36 0.48125 0.3171875 0.14375 0.321875
36 0.31640625 0.5234375 0.2171875 0.3890625
36 0.48203125 0.31953125 0.1390625 0.3171875
37 0.66484375 0.6625 0.0671875 0.0953125
38 0.709375 0.67734375 0.0765625 0.0578125
38 0.6859375 0.68203125 0.1046875 0.2
40 0.61875 0.55390625 0.0875 0.1078125
48 0.50625 0.87578125 0.21875 0.2484375
43 0.33046875 0.078125 0.1828125 0.1015625
43 0.58046875 0.14609375 0.1703125 0.165625
51 0.89140625 0.50859375 0.2171875 0.1640625
48 0.578125 0.15 0.1703125 0.1671875
51 0.896875 0.70859375 0.2015625 0.265625