1 0.11796875 0.5640625 0.0203125 0.065625
1 0.92578125 0.74296875 0.096875 0.1953125
1 0.06640625 0.5609375 0.01875 0.059375
12 0.7484375 0.740625 0.3578125 0.328125
12 0.64921875 0.6015625 0.2203125 0.175
23 0.5015625 0.81640625 0.2296875 0.353125
23 0.3765625 0.70625 0.071875 0.1453125
23 0.3109375 0.690625 0.0796875 0.1578125
23 0.26015625 0.659375 0.0609375 0.1234375
23 0.196875 0.559375 0.0375 0.065625
0 0.49609375 0.71640625 0.228125 0.5078125
0 0.11875 0.534375 0.05 0.1140625
0 0.2515625 0.60625 0.09375 0.2328125
0 0.30390625 0.62421875 0.103125 0.271875
0 0.38125 0.5953125 0.1046875 0.2140625
0 0.4109375 0.6703125 0.1421875 0.375
0 0.9140625 0.5625 0.09375 0.178125
0 0.78671875 0.5515625 0.0578125 0.1125
0 0.85703125 0.55859375 0.05625 0.1265625
0 0.95 0.58828125 0.0671875 0.1171875
0 0.3546875 0.53125 0.0390625 0.0671875
12 0.04375 0.475 0.0328125 0.034375
12 0.14453125 0.48359375 0.040625 0.0328125
12 0.57421875 0.51953125 0.2484375 0.1359375
12 0.409375 0.53828125 0.0375 0.0515625
12 0.01328125 0.48125 0.0234375 0.0328125
17 0.9578125 0.61171875 0.0421875 0.0828125
0 0.71796875 0.5203125 0.01875 0.0265625
23 0.22265625 0.5796875 0.021875 0.0609375
23 0.17890625 0.5234375 0.0078125 0.01875
67 0.57578125 0.51953125 0.25 0.13125
0 0.240625 0.58671875 0.0625 0.19375
12 0.0984375 0.4796875 0.028125 0.028125
12 0.115625 0.47734375 0.021875 0.0140625
23 0.3484375 0.64453125 0.028125 0.0625
0 0.49375 0.55546875 0.9703125 0.3625