59 0.1234375 0.56640625 0.1703125 0.178125
57 0.6484375 0.9171875 0.703125 0.165625
0 0.853125 0.66953125 0.2109375 0.478125
52 0.9640625 0.83125 0.071875 0.203125
52 0.8421875 0.875 0.1828125 0.1046875
62 0.52109375 0.68046875 0.0421875 0.0546875
62 0.79375 0.61171875 0.0484375 0.0296875
19 0.82109375 0.9046875 0.09375 0.0890625
40 0.965625 0.91328125 0.06875 0.0515625
62 0.19140625 0.75234375 0.025 0.01875
0 0.596875 0.70234375 0.1953125 0.440625
36 0.75625 0.94765625 0.0390625 0.065625
62 0.20859375 0.7484375 0.0140625 0.0109375