28 0.56015625 0.425 0.08125 0.0953125
29 0.84453125 0.4046875 0.0171875 0.0171875
29 0.20703125 0.72109375 0.03125 0.0328125
29 0.43046875 0.45078125 0.0140625 0.0171875
0 0.1859375 0.68671875 0.309375 0.4703125
0 0.321875 0.67265625 0.14375 0.29375
0 0.6890625 0.53125 0.3890625 0.3734375
0 0.73125 0.35625 0.0328125 0.0484375
0 0.34296875 0.3953125 0.0296875 0.0578125
0 0.803125 0.36953125 0.0359375 0.0671875
0 0.428125 0.42421875 0.0421875 0.0828125
0 0.9296875 0.3484375 0.0484375 0.140625
0 0.003125 0.4171875 0.00625 0.059375
26 0.69609375 0.30859375 0.0125 0.0140625
0 0.11875 0.41875 0.0421875 0.13125
29 0.35 0.4 0.0078125 0.0109375