9 0.39453125 0.42734375 0.0890625 0.078125
9 0.4875 0.42734375 0.078125 0.0890625
9 0.3265625 0.42265625 0.028125 0.0734375
9 0.43984375 0.4296875 0.0234375 0.0703125
11 0.40078125 0.4265625 0.115625 0.0828125
0 0.484375 0.3609375 0.0359375 0.05
0 0.72890625 0.478125 0.0125 0.01875
0 0.7921875 0.48828125 0.0125 0.0234375
0 0.82265625 0.496875 0.009375 0.021875
0 0.85625 0.50390625 0.0125 0.025
0 0.65390625 0.52734375 0.025 0.0515625
67 0.75625 0.609375 0.3546875 0.159375
0 0.7921875 0.5109375 0.01875 0.0265625
0 0.22265625 0.425 0.0171875 0.0203125
0 0.24609375 0.4234375 0.0203125 0.0234375
0 0.9921875 0.571875 0.009375 0.0125
0 0.9703125 0.5703125 0.01875 0.015625
9 0.35859375 0.421875 0.0625 0.084375
11 0.33359375 0.421875 0.040625 0.0796875
0 0.95390625 0.56328125 0.015625 0.028125
0 0.49609375 0.5015625 0.9921875 0.29375