33 0.71640625 0.5921875 0.1546875 0.3
33 0.871875 0.61328125 0.1578125 0.2859375
33 0.6421875 0.6109375 0.0890625 0.20625
33 0.7578125 0.51015625 0.09375 0.146875
33 0.8125 0.57578125 0.128125 0.253125
70 0.76015625 0.3203125 0.4796875 0.590625
57 0.50234375 0.70234375 0.9953125 0.5953125
0 0.4703125 0.39609375 0.64375 0.7546875
36 0.021875 0.3921875 0.04375 0.0875
51 0.60390625 0.8421875 0.1078125 0.0671875
51 0.46171875 0.8078125 0.10625 0.0671875
51 0.628125 0.784375 0.1265625 0.059375
51 0.73359375 0.87890625 0.13125 0.0828125
33 0.5421875 0.63671875 0.1453125 0.2640625
33 0.8625 0.515625 0.1046875 0.18125
36 0.9546875 0.6046875 0.090625 0.1375
51 0.48671875 0.90234375 0.1125 0.065625
51 0.415625 0.865625 0.103125 0.05
51 0.41171875 0.89375 0.1109375 0.05625
51 0.8046875 0.8015625 0.0859375 0.0640625
51 0.16953125 0.88828125 0.16875 0.084375
51 0.29609375 0.90625 0.165625 0.0703125
65 0.0265625 0.48515625 0.053125 0.1171875
51 0.66796875 0.01953125 0.2203125 0.0390625