1 0.1421875 0.6484375 0.021875 0.065625
1 0.959375 0.63984375 0.08125 0.1953125
1 0.09140625 0.65703125 0.0203125 0.059375
12 0.79609375 0.67890625 0.3625 0.334375
12 0.66875 0.56484375 0.221875 0.178125
23 0.57265625 0.80859375 0.234375 0.35625
23 0.42578125 0.72890625 0.075 0.1453125
23 0.35859375 0.728125 0.0828125 0.159375
23 0.30234375 0.709375 0.0625 0.1234375
23 0.21796875 0.62578125 0.0390625 0.065625
0 0.54453125 0.71171875 0.2359375 0.509375
0 0.1359375 0.61953125 0.0515625 0.1140625
0 0.28203125 0.659375 0.096875 0.234375
0 0.33671875 0.66484375 0.1078125 0.271875
0 0.40625 0.61953125 0.1078125 0.2140625
0 0.4515625 0.6859375 0.1484375 0.3765625
0 0.9171875 0.46796875 0.096875 0.1796875
0 0.79140625 0.48515625 0.059375 0.1140625
0 0.8609375 0.4765625 0.0578125 0.1265625
0 0.95859375 0.484375 0.0703125 0.11875
0 0.365625 0.56328125 0.040625 0.06875
12 0.05 0.578125 0.0328125 0.034375
12 0.15 0.5640625 0.040625 0.0328125
12 0.5765625 0.50234375 0.25 0.140625
12 0.4203125 0.5578125 0.0390625 0.0515625
12 0.021875 0.590625 0.0234375 0.0328125
17 0.97109375 0.50625 0.04375 0.0828125
0 0.7171875 0.47109375 0.01875 0.0265625
23 0.24765625 0.640625 0.0234375 0.0609375
23 0.1921875 0.5953125 0.0078125 0.01875
67 0.578125 0.50234375 0.2515625 0.134375
0 0.26640625 0.64296875 0.065625 0.19375
12 0.10390625 0.5703125 0.028125 0.028125
12 0.1203125 0.56484375 0.021875 0.015625
23 0.384375 0.675 0.0296875 0.0625
0 0.50625 0.55546875 0.9734375 0.378125