18 0.6234375 0.20234375 0.628125 0.3703125
0 0.878125 0.51484375 0.05 0.078125
0 0.76484375 0.49453125 0.04375 0.06875
41 0.48046875 0.66171875 0.21875 0.1078125
41 0.51015625 0.51875 0.1078125 0.0578125
41 0.57734375 0.3640625 0.31875 0.1265625
41 0.5609375 0.5203125 0.3140625 0.175
19 0.86953125 0.50625 0.025 0.025
0 0.8078125 0.4828125 0.0125 0.0265625
0 0.79296875 0.4828125 0.025 0.0375
0 0.7453125 0.471875 0.0140625 0.025
0 0.71796875 0.46875 0.009375 0.0203125
0 0.73359375 0.4703125 0.0125 0.0234375
41 0.49140625 0.54765625 0.2109375 0.0921875
41 0.62265625 0.80703125 0.0890625 0.0765625
41 0.4515625 0.79609375 0.1328125 0.0640625
41 0.48828125 0.76796875 0.0640625 0.059375
41 0.57578125 0.8015625 0.0765625 0.0609375
41 0.6296875 0.70703125 0.1171875 0.0796875
41 0.39375 0.6734375 0.0671875 0.0625
0 0.9046875 0.5125 0.05 0.0890625
0 0.7546875 0.475 0.01875 0.0296875
0 0.78046875 0.4734375 0.0140625 0.021875