40 0.27421875 0.1 0.2015625 0.075
40 0.25703125 0.18515625 0.15625 0.06875
66 0.76328125 0.765625 0.4609375 0.46875
71 0.21640625 0.8171875 0.03125 0.08125
71 0.19375 0.815625 0.025 0.0828125
0 0.0421875 0.44140625 0.084375 0.3265625
33 0.934375 0.525 0.059375 0.1125
33 0.87890625 0.52421875 0.05 0.075
33 0.98203125 0.55703125 0.0359375 0.0890625
33 0.21328125 0.71796875 0.0484375 0.0921875
33 0.1453125 0.71953125 0.053125 0.1015625
33 0.1515625 0.603125 0.0546875 0.1046875
33 0.17734375 0.7359375 0.0328125 0.0640625
33 0.4609375 0.4046875 0.034375 0.040625
33 0.9609375 0.53828125 0.0609375 0.109375
33 0.24140625 0.5609375 0.0515625 0.0546875
40 0.24453125 0.328125 0.16875 0.0984375
65 0.884375 0.3625 0.23125 0.215625
71 0.2515625 0.81953125 0.03125 0.090625
71 0.234375 0.81640625 0.0296875 0.0890625
71 0.109375 0.82578125 0.0234375 0.090625
71 0.153125 0.821875 0.0515625 0.0984375
71 0.17734375 0.82109375 0.0203125 0.078125
33 0.1890625 0.50546875 0.05625 0.040625
33 0.43828125 0.40078125 0.0328125 0.05625
33 0.25078125 0.62109375 0.0625 0.08125
33 0.365625 0.30078125 0.315625 0.49375