52 0.31484375 0.590625 0.065625 0.12109375
52 0.42890625 0.59296875 0.01875 0.01640625
52 0.07890625 0.60703125 0.0390625 0.12265625
52 0.390625 0.590625 0.065625 0.11484375
52 0.43515625 0.58515625 0.0265625 0.11640625
0 0.475 0.503125 0.028125 0.12265625
0 0.49921875 0.5 0.0203125 0.1
0 0.0609375 0.50234375 0.0640625 0.14609375
0 0.1109375 0.49296875 0.0390625 0.15
0 0.440625 0.49375 0.01875 0.06875
52 0.34609375 0.58671875 0.0609375 0.12265625
55 0.32578125 0.67421875 0.3234375 0.21015625
6 0.5625 0.56015625 0.0171875 0.0125
52 0.18359375 0.59140625 0.0359375 0.09140625
57 0.371875 0.559375 0.0546875 0.0125
0 0.7875 0.50390625 0.04375 0.1375
0 0.4578125 0.490625 0.0140625 0.05390625
57 0.3265625 0.56171875 0.0359375 0.01015625
0 0.84140625 0.48984375 0.0296875 0.02890625
0 0.4234375 0.48671875 0.009375 0.03515625
0 0.015625 0.51328125 0.03125 0.16875
6 0.565625 0.89140625 0.078125 0.05234375