0 0.6578125 0.39375 0.575 0.7875
0 0.903125 0.78046875 0.06875 0.1921875
0 0.9296875 0.7625 0.06875 0.2234375
0 0.96640625 0.75703125 0.0671875 0.2140625
0 0.99140625 0.74609375 0.0171875 0.2265625
0 0.521875 0.775 0.0265625 0.059375
0 0.30859375 0.87734375 0.0984375 0.1921875
0 0.134375 0.88046875 0.0484375 0.209375
0 0.07890625 0.9 0.0296875 0.0765625
0 0.421875 0.91328125 0.0296875 0.06875
0 0.98359375 0.75703125 0.0328125 0.1609375
30 0.7 0.6921875 0.453125 0.509375
0 0.1921875 0.90078125 0.0296875 0.0921875
0 0.1625 0.9109375 0.03125 0.1140625
0 0.5109375 0.83984375 0.975 0.30625