0 0.60390625 0.9125 0.1609375 0.10859375
0 0.46953125 0.83671875 0.021875 0.13671875
0 0.3484375 0.9625 0.046875 0.075
0 0.71875 0.77734375 0.0375 0.14765625
0 0.76484375 0.77265625 0.0328125 0.13125
0 0.9046875 0.9203125 0.1203125 0.15859375
0 0.82890625 0.7671875 0.0421875 0.1671875
0 0.7875 0.78671875 0.0203125 0.11171875
0 0.86484375 0.73984375 0.0234375 0.08671875
0 0.30234375 0.91328125 0.06875 0.14453125
0 0.53203125 0.83828125 0.0265625 0.1140625
1 0.25625 0.9265625 0.0328125 0.06953125
12 0.0515625 0.87890625 0.0984375 0.1140625
27 0.3578125 0.51640625 0.134375 0.14453125
27 0.31171875 0.09765625 0.03125 0.04140625
27 0.0671875 0.17109375 0.0328125 0.028125
27 0.4 0.678125 0.1421875 0.1421875
27 0.728125 0.2421875 0.009375 0.01640625
27 0.79765625 0.4765625 0.046875 0.04765625
27 0.7359375 0.23515625 0.0078125 0.01640625
27 0.796875 0.52265625 0.00625 0.0109375
27 0.42265625 0.628125 0.1421875 0.13671875
27 0.73359375 0.61953125 0.021875 0.01953125
27 0.6921875 0.24375 0.0109375 0.0140625
27 0.571875 0.246875 0.0640625 0.08359375
0 0.55703125 0.8625 0.021875 0.0671875
12 0.35703125 0.8625 0.0203125 0.0609375
27 0.653125 0.1890625 0.00625 0.0140625
0 0.55390625 0.87734375 0.1 0.13125
0 0.53515625 0.84375 0.8859375 0.28984375
27 0.51015625 0.40078125 0.9328125 0.590625