0 0.5015625 0.92734375 0.0125 0.0390625
0 0.784375 0.9328125 0.0140625 0.0515625
0 0.86953125 0.93828125 0.01875 0.0578125
0 0.19375 0.9015625 0.028125 0.0671875
27 0.75078125 0.55234375 0.16875 0.190625
27 0.20546875 0.1921875 0.08125 0.0625
27 0.59296875 0.6734375 0.0328125 0.05
27 0.70703125 0.7234375 0.2203125 0.1640625
0 0.33359375 0.94765625 0.0453125 0.075
0 0.04140625 0.90703125 0.0484375 0.1265625
12 0.10703125 0.88515625 0.14375 0.1328125
12 0.41015625 0.8953125 0.0296875 0.0171875
0 0.55859375 0.92578125 0.0078125 0.0328125
0 0.55078125 0.921875 0.0125 0.0296875
12 0.26640625 0.90625 0.040625 0.0359375
12 0.49296875 0.89453125 0.0125 0.01875
27 0.6671875 0.425 0.00625 0.009375
27 0.6890625 0.39609375 0.0265625 0.0234375
0 0.21953125 0.875 0.0078125 0.01875
0 0.71015625 0.9375 0.0046875 0.021875