1 0.01171875 0.62421875 0.0234375 0.1015625
45 0.5078125 0.5421875 0.2078125 0.1171875
0 0.01953125 0.57734375 0.0390625 0.1234375
0 0.29609375 0.61953125 0.0453125 0.040625
0 0.6 0.7125 0.0671875 0.0640625
0 0.79765625 0.73515625 0.0671875 0.0796875
12 0.47890625 0.79609375 0.4140625 0.4078125
12 0.8296875 0.76328125 0.315625 0.2609375
12 0.3015625 0.6890625 0.2 0.2359375
12 0.64609375 0.68984375 0.1578125 0.1609375
12 0.265625 0.60703125 0.15625 0.2
12 0.1625 0.58671875 0.0421875 0.0875
12 0.1390625 0.55390625 0.0578125 0.065625
12 0.10546875 0.54375 0.06875 0.0609375
12 0.50234375 0.60390625 0.128125 0.0484375
12 0.04609375 0.559375 0.0546875 0.0859375
12 0.1921875 0.60625 0.04375 0.1296875
45 0.42421875 0.50546875 0.14375 0.1546875
67 0.79765625 0.4484375 0.4046875 0.4375
79 0.121875 0.46953125 0.0203125 0.0484375
12 0.23515625 0.49765625 0.034375 0.0296875
67 0.7421875 0.8671875 0.46875 0.265625
12 0.02890625 0.58515625 0.0578125 0.1328125
12 0.2515625 0.50703125 0.4359375 0.296875