59 0.58515625 0.46875 0.0765625 0.11015625
0 0.1859375 0.534375 0.2296875 0.375
0 0.78671875 0.54140625 0.4265625 0.61015625
36 0.12265625 0.74140625 0.096875 0.13984375
36 0.9234375 0.92578125 0.153125 0.13984375
37 0.71015625 0.68671875 0.06875 0.06015625
40 0.45234375 0.68828125 0.1109375 0.09609375
42 0.4203125 0.39140625 0.1 0.1375
42 0.6609375 0.87578125 0.09375 0.16875
42 0.23984375 0.90234375 0.0984375 0.18125
40 0.4296875 0.81328125 0.1421875 0.08359375
52 0.03828125 0.66171875 0.0296875 0.15625
36 0.584375 0.67578125 0.046875 0.06875
42 0.45859375 0.73203125 0.0765625 0.07109375
52 0.06875 0.59921875 0.05 0.18984375
57 0.5953125 0.79765625 0.5046875 0.39765625
57 0.15 0.9125 0.1328125 0.175
37 0.18671875 0.609375 0.0484375 0.02734375