53 0.67890625 0.809375 0.5609375 0.38125
52 0.01953125 0.71796875 0.0390625 0.3953125
52 0.078125 0.61484375 0.15625 0.2421875
36 0.3703125 0.5859375 0.0296875 0.0390625
73 0.39609375 0.5875 0.0234375 0.028125
36 0.39609375 0.5875 0.021875 0.0265625
52 0.25703125 0.69921875 0.228125 0.2390625
73 0.4890625 0.590625 0.0484375 0.065625
52 0.30625 0.871875 0.6 0.25625
53 0.2578125 0.696875 0.2234375 0.240625
73 0.3703125 0.58515625 0.03125 0.0390625
73 0.5578125 0.74375 0.05625 0.0765625
73 0.45859375 0.57421875 0.0375 0.0890625
73 0.340625 0.57421875 0.01875 0.0375
73 0.35546875 0.56875 0.034375 0.059375
36 0.45625 0.58515625 0.03125 0.0640625
53 0.3015625 0.8734375 0.603125 0.253125