8 0.5125 0.50546875 0.075 0.16875
22 0.51171875 0.4453125 0.025 0.028125
0 0.22109375 0.7453125 0.2640625 0.4265625
0 0.47890625 0.7796875 0.2109375 0.4375
0 0.52421875 0.821875 0.2640625 0.35625
18 0.56796875 0.07578125 0.2703125 0.1515625
18 0.75234375 0.09609375 0.2109375 0.146875
18 0.88828125 0.13671875 0.2234375 0.1765625
18 0.359375 0.0625 0.328125 0.125
18 0.665625 0.2390625 0.059375 0.05
33 0.128125 0.14140625 0.0109375 0.03125
52 0.50078125 0.26015625 0.0828125 0.1109375
52 0.29609375 0.20234375 0.0484375 0.0453125
0 0.7671875 0.7859375 0.246875 0.428125
0 0.878125 0.825 0.196875 0.35
0 0.8921875 0.590625 0.1171875 0.165625
0 0.35 0.2421875 0.059375 0.125
0 0.91796875 0.2765625 0.0453125 0.0671875
0 0.5875 0.65546875 0.1640625 0.2515625
0 0.38203125 0.2421875 0.0453125 0.0828125
0 0.1265625 0.1328125 0.0609375 0.128125
0 0.1625 0.165625 0.0625 0.0828125
22 0.19609375 0.37421875 0.025 0.0125
0 0.03203125 0.8546875 0.0640625 0.14375
8 0.77265625 0.31875 0.0546875 0.0734375
0 0.55703125 0.209375 0.8859375 0.328125