39 0.8953125 0.16171875 0.209375 0.2421875
46 0.8421875 0.5890625 0.315625 0.375
46 0.55859375 0.38125 0.3328125 0.4125
46 0.21640625 0.740625 0.2421875 0.2859375
46 0.15078125 0.26171875 0.2484375 0.328125
46 0.134375 0.61484375 0.0703125 0.1109375
46 0.53671875 0.7 0.21875 0.2953125
46 0.2703125 0.3046875 0.2109375 0.30625
46 0.83125 0.278125 0.16875 0.140625
46 0.48828125 0.16640625 0.3078125 0.328125
37 0.896875 0.159375 0.20625 0.2375
40 0.5 0.5 1 1
57 0.5 0.5 1 1
46 0.3609375 0.8171875 0.2046875 0.2453125