9 0.78515625 0.5 0.146875 0.3609375
9 0.859375 0.48515625 0.0875 0.259375
9 0.66953125 0.51875 0.2046875 0.440625
9 0.70859375 0.36328125 0.0921875 0.115625
9 0.4375 0.5109375 0.378125 0.75
9 0.22421875 0.48984375 0.309375 0.6578125
9 0.55625 0.3234375 0.0640625 0.1140625
12 0.05390625 0.52578125 0.1078125 0.2015625
0 0.878125 0.6375 0.1828125 0.4484375
0 0.98046875 0.52578125 0.0390625 0.1265625
0 0.14453125 0.52578125 0.1078125 0.3375
0 0.85078125 0.35234375 0.0765625 0.11875
0 0.8875 0.35390625 0.05 0.11875
0 0.8734375 0.30390625 0.0328125 0.0640625
0 0.925 0.32265625 0.05625 0.0984375
0 0.07734375 0.40234375 0.028125 0.040625
0 0.88828125 0.3078125 0.0203125 0.0390625
17 0.10546875 0.4484375 0.0484375 0.103125
20 0.8890625 0.3453125 0.0109375 0.0375
20 0.84453125 0.3453125 0.01875 0.040625
0 0.0578125 0.39921875 0.0265625 0.040625
0 0.95234375 0.47890625 0.0140625 0.01875
0 0.9921875 0.52265625 0.015625 0.0734375
0 0.10703125 0.5140625 0.075 0.2734375