23 0.65546875 0.80546875 0.1359375 0.3890625
23 0.890625 0.628125 0.075 0.1859375
23 0.76875 0.67265625 0.1015625 0.26875
23 0.04921875 0.6671875 0.0984375 0.115625
23 0.44609375 0.58515625 0.0640625 0.1609375
23 0.05546875 0.6265625 0.1109375 0.115625
23 0.03125 0.83828125 0.0625 0.2765625
23 0.1515625 0.80859375 0.284375 0.3609375
0 0.35078125 0.5390625 0.05625 0.18125
0 0.44765625 0.53984375 0.0703125 0.184375
0 0.2625 0.73203125 0.13125 0.5140625
0 0.228125 0.753125 0.1171875 0.46875
0 0.1828125 0.7265625 0.190625 0.496875
0 0.58671875 0.5140625 0.040625 0.128125
0 0.778125 0.58125 0.15625 0.2859375
0 0.83671875 0.50078125 0.05625 0.0984375
0 0.8875 0.58671875 0.109375 0.275
0 0.3875 0.51484375 0.05 0.1265625
0 0.65078125 0.64921875 0.1671875 0.4734375
23 0.82890625 0.59765625 0.0625 0.1421875
23 0.38125 0.53828125 0.0453125 0.0859375
0 0.96796875 0.58359375 0.053125 0.2640625
23 0.5 0.50703125 0.0234375 0.0453125
23 0.04765625 0.75 0.0953125 0.165625
0 0.725 0.4828125 0.025 0.053125
23 0.95859375 0.61640625 0.078125 0.11875
19 0.98125 0.54140625 0.0375 0.075
0 0.48671875 0.5484375 0.44375 0.2046875