61 0.6078125 0.559375 0.03125 0.01640625
63 0.63125 0.53203125 0.0546875 0.05
71 0.1765625 0.38359375 0.0125 0.04609375
71 0.14453125 0.38359375 0.0125 0.05
71 0.18515625 0.46640625 0.0203125 0.0375
71 0.1546875 0.38515625 0.0125 0.04765625
71 0.1328125 0.3875 0.0125 0.05
71 0.10703125 0.390625 0.009375 0.04609375
71 0.075 0.39140625 0.009375 0.05390625
71 0.13984375 0.38671875 0.0125 0.05234375
0 0.475 0.571875 0.2296875 0.32890625
71 0.12734375 0.29609375 0.0296875 0.05234375
71 0.16796875 0.38203125 0.0125 0.05390625
71 0.1421875 0.47578125 0.0125 0.03125
71 0.13984375 0.4625 0.0203125 0.04765625
72 0.9609375 0.35859375 0.0296875 0.05625
59 0.69296875 0.446875 0.059375 0.17265625
52 0.38671875 0.47578125 0.3890625 0.68125
71 0.10703125 0.47734375 0.028125 0.04375
71 0.1453125 0.37734375 0.2 0.25