15 0.64609375 0.384375 0.43984375 0.50859375
15 0.86015625 0.33046875 0.20234375 0.41640625
15 0.3390625 0.45078125 0.4359375 0.425
15 0.49296875 0.2078125 0.20234375 0.1109375
15 0.22578125 0.184375 0.09375 0.078125
15 0.18125 0.18984375 0.09765625 0.071875
15 0.17734375 0.20234375 0.078125 0.06015625
15 0.16328125 0.29609375 0.2921875 0.2875
15 0.3671875 0.19453125 0.1140625 0.08359375
15 0.89921875 0.35 0.07421875 0.18828125
15 0.97578125 0.30234375 0.04765625 0.20390625
15 0.18125 0.140625 0.08203125 0.06875
15 0.03125 0.15234375 0.06171875 0.065625
15 0.44609375 0.25625 0.88828125 0.5