1 0.971875 0.18125 0.05625 0.07890625
12 0.21328125 0.22265625 0.184375 0.09140625
12 0.425 0.20546875 0.21875 0.10234375
0 0.3140625 0.45390625 0.1265625 0.24375
0 0.89375 0.140625 0.0265625 0.14609375
1 0.67578125 0.190625 0.0765625 0.06015625
2 0.428125 0.4625 0.0859375 0.27109375
36 0.303125 0.61171875 0.0234375 0.04375
36 0.40625 0.590625 0.0234375 0.04375
19 0.51796875 0.56875 0.0546875 0.10859375
36 0.31640625 0.61015625 0.0046875 0.03515625
0 0.02109375 0.209375 0.021875 0.07890625
0 0.46015625 0.13125 0.0265625 0.05234375
4 0.5984375 0.14921875 0.0109375 0.03359375
17 0.58125 0.6125 0.1453125 0.1375