7 0.53203125 0.33515625 0.29375 0.3171875
33 0.7203125 0.46953125 0.05625 0.1453125
33 0.67890625 0.48125 0.03125 0.128125
33 0.7859375 0.4671875 0.0453125 0.15
33 0.81953125 0.4625 0.03125 0.1625
70 0.734375 0.76015625 0.25 0.4421875
40 0.0953125 0.975 0.071875 0.0328125
65 0.90703125 0.84609375 0.1859375 0.2359375
33 0.69453125 0.44453125 0.0171875 0.059375
69 0.171875 0.96015625 0.2125 0.0796875
33 0.28359375 0.85625 0.05625 0.1265625
33 0.70859375 0.42265625 0.0171875 0.0625
33 0.1421875 0.85546875 0.04375 0.1125