12 0.04453125 0.65546875 0.0421875 0.0421875
23 0.90859375 0.83671875 0.059375 0.1484375
45 0.26171875 0.60625 0.3140625 0.5265625
19 0.6375 0.74140625 0.0421875 0.0890625
0 0.66875 0.79375 0.0671875 0.26875
0 0.6375 0.79140625 0.0828125 0.2984375
0 0.790625 0.8078125 0.078125 0.275
0 0.41953125 0.7421875 0.0484375 0.18125
0 0.828125 0.828125 0.0828125 0.3078125
0 0.8265625 0.853125 0.0953125 0.29375
0 0.26484375 0.6296875 0.0609375 0.0796875
0 0.521875 0.75625 0.0640625 0.2265625
0 0.56484375 0.725 0.0453125 0.128125
0 0.4859375 0.73515625 0.0421875 0.1546875
0 0.44140625 0.728125 0.03125 0.1390625
17 0.53671875 0.7125 0.0296875 0.0796875
12 0.015625 0.66875 0.03125 0.06875
12 0.0125 0.6359375 0.025 0.05625
0 0.51328125 0.665625 0.01875 0.03125
0 0.4609375 0.73359375 0.053125 0.1828125
0 0.45625 0.73671875 0.2140625 0.2453125