33 0.45 0.45703125 0.0375 0.0921875
33 0.48984375 0.4421875 0.0359375 0.1125
33 0.8046875 0.5140625 0.0359375 0.0859375
52 0.3703125 0.31953125 0.0671875 0.084375
35 0.56484375 0.459375 0.0328125 0.0921875
36 0.6703125 0.50546875 0.0328125 0.0375
36 0.7796875 0.54453125 0.040625 0.059375
38 0.49140625 0.2703125 0.034375 0.11875
38 0.51796875 0.27265625 0.021875 0.11875
39 0.83203125 0.71484375 0.040625 0.0390625
40 0.7875 0.5859375 0.05 0.0578125
40 0.71875 0.55078125 0.05625 0.059375
40 0.63984375 0.5296875 0.0703125 0.053125
40 0.63984375 0.54375 0.084375 0.05
44 0.72109375 0.53515625 0.028125 0.01875
66 0.8453125 0.8234375 0.278125 0.353125
68 0.7390625 0.49765625 0.09375 0.1125
69 0.515625 0.5484375 0.2359375 0.1296875
33 0.3203125 0.415625 0.0296875 0.0671875
33 0.33828125 0.41171875 0.0328125 0.075
36 0.04375 0.60703125 0.0390625 0.059375
39 0.659375 0.5265625 0.046875 0.0296875
39 0.590625 0.40625 0.021875 0.0375
36 0.59765625 0.4953125 0.0421875 0.075