0 0.21875 0.19765625 0.384375 0.3953125
0 0.4984375 0.71953125 0.1421875 0.165625
0 0.11953125 0.51640625 0.1609375 0.153125
0 0.09765625 0.8953125 0.1953125 0.19375
0 0.503125 0.89453125 0.178125 0.1921875
0 0.1 0.6921875 0.2 0.209375
0 0.29296875 0.7171875 0.1890625 0.171875
0 0.71484375 0.3078125 0.1796875 0.190625
0 0.2953125 0.9015625 0.196875 0.1875
76 0.053125 0.51875 0.08125 0.0875
0 0.8171875 0.8 0.3609375 0.390625
0 0.31796875 0.509375 0.15625 0.178125
0 0.49921875 0.50234375 0.2015625 0.2046875
0 0.50859375 0.3046875 0.196875 0.19375