0 0.53125 0.9265625 0.01015625 0.0390625
0 0.8140625 0.91171875 0.01015625 0.05078125
0 0.89921875 0.91171875 0.0140625 0.05703125
0 0.22265625 0.921875 0.02421875 0.06640625
27 0.75390625 0.534375 0.15625 0.18046875
27 0.184375 0.21328125 0.078125 0.05703125
27 0.6046875 0.66640625 0.0296875 0.0484375
27 0.721875 0.70859375 0.21015625 0.15
0 0.36484375 0.9578125 0.03984375 0.071875
0 0.07109375 0.93828125 0.03984375 0.1234375
12 0.13515625 0.91171875 0.1359375 0.1234375
12 0.43828125 0.90078125 0.028125 0.01484375
0 0.58828125 0.9203125 0.00625 0.0328125
0 0.5796875 0.9171875 0.01015625 0.0296875
12 0.2953125 0.921875 0.03828125 0.0328125
12 0.5203125 0.89375 0.01171875 0.01796875
27 0.66171875 0.41328125 0.00625 0.009375
27 0.68125 0.3828125 0.02578125 0.02109375
0 0.24609375 0.89375 0.00625 0.01796875
0 0.73984375 0.921875 0.00390625 0.02109375