54 0.86328125 0.43125 0.065625 0.1140625
6 0.0140625 0.48125 0.028125 0.05234375
70 0.98515625 0.7984375 0.0296875 0.38515625
65 0.965625 0.45078125 0.06875 0.1484375
66 0.7140625 0.6671875 0.1796875 0.43515625
69 0.27890625 0.5953125 0.24375 0.13125
13 0.1109375 0.4046875 0.0296875 0.0375
36 0.1796875 0.6234375 0.0546875 0.0984375
36 0.13125 0.6265625 0.0375 0.0703125
36 0.33125 0.32421875 0.028125 0.05
36 0.35 0.31875 0.0359375 0.0484375
36 0.3046875 0.3296875 0.0375 0.0546875
36 0.390625 0.31328125 0.0265625 0.05
36 0.40703125 0.3078125 0.0265625 0.05234375
36 0.4328125 0.4078125 0.0328125 0.05703125
36 0.37109375 0.31484375 0.025 0.0484375
36 0.40703125 0.40625 0.0234375 0.0484375
36 0.4359375 0.4421875 0.025 0.04140625
36 0.41171875 0.44765625 0.0359375 0.05234375
38 0.37890625 0.4078125 0.00625 0.01328125
38 0.37109375 0.40390625 0.00625 0.01953125
38 0.365625 0.415625 0.009375 0.0328125
33 0.290625 0.48828125 0.03125 0.07890625