1 0.021875 0.6671875 0.0203125 0.10078125
45 0.51171875 0.54140625 0.2 0.10078125
0 0.021875 0.6203125 0.0421875 0.11953125
0 0.30703125 0.63671875 0.0421875 0.0375
0 0.61796875 0.703125 0.06171875 0.05859375
0 0.8171875 0.70859375 0.06171875 0.07421875
12 0.5046875 0.8 0.38203125 0.38203125
12 0.8515625 0.73359375 0.296875 0.2359375
12 0.31875 0.70546875 0.18203125 0.2203125
12 0.66171875 0.6765625 0.14609375 0.1484375
12 0.27578125 0.62734375 0.13984375 0.18828125
12 0.17109375 0.615625 0.034375 0.08515625
12 0.1453125 0.58515625 0.05234375 0.0609375
12 0.1109375 0.578125 0.0640625 0.05546875
12 0.51171875 0.603125 0.12578125 0.0375
12 0.053125 0.5984375 0.04765625 0.08203125
12 0.20234375 0.6328125 0.03203125 0.12734375
45 0.425 0.51171875 0.13203125 0.14296875
67 0.803125 0.421875 0.3921875 0.40546875
79 0.1203125 0.50234375 0.015625 0.04765625
12 0.2359375 0.52109375 0.03203125 0.0265625
67 0.775 0.865625 0.446875 0.26875
12 0.03203125 0.62734375 0.06171875 0.12734375
12 0.253125 0.52890625 0.4140625 0.2625