12 0.0765625 0.446875 0.1515625 0.07890625
12 0.79140625 0.39296875 0.0140625 0.015625
45 0.37265625 0.53046875 0.65 0.5390625
0 0.5859375 0.63125 0.0875 0.34453125
0 0.68046875 0.49296875 0.05625 0.1515625
0 0.74921875 0.575 0.046875 0.2953125
0 0.86640625 0.62890625 0.0859375 0.31875
0 0.95703125 0.46328125 0.046875 0.12578125
0 0.74375 0.62421875 0.1015625 0.31328125
0 0.6390625 0.6015625 0.05625 0.325
0 0.96796875 0.59765625 0.0640625 0.3265625
0 0.825 0.5203125 0.0484375 0.1578125
0 0.93359375 0.46640625 0.028125 0.11796875
17 0.68203125 0.58046875 0.03125 0.0671875
19 0.89296875 0.65546875 0.05625 0.06875
19 0.9390625 0.5578125 0.053125 0.1375
0 0.83125 0.43828125 0.03125 0.0671875
0 0.89765625 0.5 0.0328125 0.1140625
19 0.71171875 0.6484375 0.0640625 0.07265625
19 0.53984375 0.7203125 0.0375 0.13359375
0 0.91171875 0.49375 0.0234375 0.09453125
21 0.71015625 0.64375 0.0578125 0.075
0 0.59296875 0.4171875 0.6109375 0.121875