0 0.32421875 0.6171875 0.3 0.54375
0 0.43203125 0.28515625 0.02890625 0.0375
0 0.234375 0.17578125 0.01015625 0.0203125
0 0.29453125 0.17265625 0.00625 0.0140625
0 0.34140625 0.1921875 0.01484375 0.015625
0 0.56875 0.20625 0.01640625 0.0203125
0 0.63203125 0.22109375 0.01484375 0.0265625
24 0.40625 0.91015625 0.22890625 0.1390625
24 0.43671875 0.30390625 0.01640625 0.0046875
0 0.73359375 0.1265625 0.0125 0.0171875
0 0.36875 0.184375 0.00859375 0.0125
0 0.25 0.18828125 0.0125 0.01875
24 0.340625 0.2 0.02265625 0.0015625
0 0.33984375 0.16171875 0.00859375 0.0140625
0 0.13359375 0.1515625 0.12109375 0.05