26 0.528125 0.2421875 0.021875 0.0125
52 0.63125 0.2828125 0.028125 0.090625
5 0.04453125 0.115625 0.0890625 0.009375
32 0.48046875 0.296875 0.065625 0.13125
17 0.82421875 0.3421875 0.090625 0.046875
0 0.55390625 0.42265625 0.215625 0.40625
0 0.603125 0.26640625 0.078125 0.13125
0 0.75078125 0.13828125 0.08125 0.10625
0 0.32421875 0.13984375 0.090625 0.1046875
0 0.39765625 0.13984375 0.071875 0.103125
0 0.46484375 0.09765625 0.071875 0.090625
0 0.67890625 0.13359375 0.08125 0.109375
0 0.534375 0.1515625 0.065625 0.0828125
0 0.89453125 0.13671875 0.075 0.0984375
0 0.60625 0.0828125 0.078125 0.071875
0 0.11640625 0.14765625 0.090625 0.0984375
0 0.82734375 0.13515625 0.090625 0.1140625
52 0.9546875 0.30546875 0.090625 0.1109375
5 0.040625 0.078125 0.075 0.0125
0 0.25546875 0.1421875 0.096875 0.1046875
0 0.53046875 0.278125 0.934375 0.55625