29 0.71015625 0.96875 0.0765625 0.05
0 0.4515625 0.73046875 0.2578125 0.5234375
0 0.65078125 0.828125 0.0953125 0.2234375
0 0.76640625 0.86171875 0.115625 0.16875
0 0.834375 0.85546875 0.33125 0.2796875
0 0.28984375 0.78359375 0.103125 0.0921875
0 0.16875 0.73984375 0.0453125 0.0875
0 0.946875 0.578125 0.084375 0.0859375
0 0.3515625 0.5328125 0.071875 0.11875
0 0.1984375 0.54296875 0.0703125 0.071875
0 0.45859375 0.4453125 0.0265625 0.040625
0 0.215625 0.428125 0.0859375 0.13125
0 0.39765625 0.3046875 0.0484375 0.109375
5 0.57421875 0.88046875 0.0796875 0.1
5 0.8265625 0.88046875 0.0421875 0.05625
5 0.3078125 0.859375 0.1640625 0.1015625
28 0.25078125 0.74765625 0.175 0.0921875
29 0.3515625 0.70625 0.05 0.0546875
0 0.66328125 0.56328125 0.071875 0.09375
0 0.5 0.4953125 1 0.990625