0 0.571875 0.4953125 0.85 0.9859375
0 0.14140625 0.50234375 0.2828125 0.9734375
28 0.22890625 0.11796875 0.3 0.2140625
50 0.4125 0.7484375 0.13125 0.0921875
50 0.4625 0.6328125 0.13125 0.0953125
50 0.6625 0.653125 0.1375 0.0890625
50 0.6875 0.7421875 0.10859375 0.0953125
50 0.40625 0.85859375 0.12734375 0.1
50 0.540625 0.08046875 0.15625 0.1
50 0.29140625 0.703125 0.07734375 0.0859375
50 0.28671875 0.79296875 0.07890625 0.1
50 0.603125 0.8625 0.12890625 0.0875
50 0.959375 0.61015625 0.08125 0.103125
50 0.390625 0.0875 0.11015625 0.1046875
50 0.296875 0.584375 0.07265625 0.090625
50 0.503125 0.3578125 0.13359375 0.096875