28 0.2015625 0.51953125 0.015625 0.0421875
29 0.17578125 0.640625 0.009375 0.0171875
12 0.36640625 0.2 0.028125 0.0265625
12 0.3453125 0.19921875 0.025 0.0265625
29 0.796875 0.5171875 0.0109375 0.0140625
0 0.1234375 0.61484375 0.0359375 0.1203125
0 0.1546875 0.62890625 0.0484375 0.084375
0 0.80859375 0.3890625 0.025 0.071875
0 0.1890625 0.2703125 0.0125 0.0421875
0 0.059375 0.1015625 0.0140625 0.0421875
0 0.0609375 0.95390625 0.05625 0.0921875
0 0.2109375 0.5859375 0.0609375 0.125
0 0.8 0.5234375 0.0484375 0.1046875
0 0.13671875 0.3078125 0.0140625 0.0296875
0 0.2015625 0.2765625 0.01875 0.0453125
0 0.159375 0.46015625 0.025 0.06875
0 0.0484375 0.38671875 0.0203125 0.0296875
0 0.1734375 0.209375 0.009375 0.0234375
0 0.43984375 0.51171875 0.8796875 0.9765625