33 0.421875 0.5453125 0.01875 0.0390625
33 0.503125 0.57421875 0.02890625 0.09375
33 0.48203125 0.590625 0.05390625 0.153125
70 0.84765625 0.49140625 0.29375 0.4984375
72 0.309375 0.24140625 0.05234375 0.0390625
52 0.92578125 0.8125 0.14765625 0.371875
52 0.71171875 0.60703125 0.07265625 0.215625
52 0.04921875 0.71875 0.09765625 0.31875
66 0.67421875 0.5109375 0.03359375 0.153125
69 0.52890625 0.40625 0.13515625 0.0109375
33 0.54765625 0.3765625 0.01640625 0.0484375
52 0.790625 0.69453125 0.1125 0.3296875
57 0.46171875 0.7875 0.91015625 0.4015625
71 0.24140625 0.6328125 0.07890625 0.0328125
33 0.43828125 0.54609375 0.02890625 0.0421875