53 0.84375 0.75546875 0.3125 0.4515625
52 0.653125 0.58125 0.065625 0.1078125
52 0.60390625 0.584375 0.040625 0.1015625
53 0.8015625 0.57421875 0.1359375 0.0859375
57 0.621875 0.5515625 0.078125 0.059375
54 0.56640625 0.56015625 0.0453125 0.0765625
54 0.9515625 0.41953125 0.0296875 0.090625
70 0.10703125 0.784375 0.2109375 0.43125
71 0.253125 0.23125 0.025 0.0921875
71 0.2421875 0.23125 0.025 0.0875
71 0.209375 0.21328125 0.025 0.096875
71 0.1625 0.2078125 0.025 0.0828125
71 0.1375 0.1875 0.0359375 0.109375
71 0.18671875 0.21015625 0.021875 0.0890625
71 0.22265625 0.23359375 0.025 0.075
71 0.1796875 0.2125 0.015625 0.078125
71 0.19765625 0.21328125 0.015625 0.084375
59 0.50234375 0.4578125 0.084375 0.1546875
54 0.95625 0.71796875 0.0875 0.4109375