0 0.76640625 0.5296875 0.0328125 0.0265625
0 0.4765625 0.6859375 0.1953125 0.46875
0 0.35078125 0.71484375 0.303125 0.5328125
0 0.82421875 0.58203125 0.0609375 0.1109375
17 0.921875 0.63046875 0.0484375 0.05625
0 0.86640625 0.63359375 0.0984375 0.2421875
0 0.21171875 0.653125 0.225 0.3953125
0 0.92734375 0.63984375 0.0609375 0.2
0 0.1625 0.5765625 0.146875 0.2390625
0 0.0578125 0.48671875 0.115625 0.0796875
0 0.90703125 0.62578125 0.1203125 0.2296875
19 0.91875 0.63515625 0.059375 0.0609375
0 0.7 0.72734375 0.25 0.5453125
0 0.9546875 0.59453125 0.0546875 0.125