12 0.2546875 0.81953125 0.3890625 0.23125
12 0.65625 0.72734375 0.134375 0.12890625
12 0.54921875 0.67421875 0.065625 0.05234375
12 0.3921875 0.62421875 0.025 0.02734375
23 0.7140625 0.88828125 0.04375 0.11875
23 0.77578125 0.96015625 0.1296875 0.075
23 0.33828125 0.671875 0.0171875 0.03984375
0 0.7078125 0.803125 0.0734375 0.17109375
0 0.43828125 0.753125 0.0453125 0.1125
0 0.52109375 0.86953125 0.0828125 0.15234375
0 0.4703125 0.66875 0.0140625 0.03359375
0 0.42109375 0.659375 0.0203125 0.03984375
0 0.615625 0.85078125 0.115625 0.22734375
0 0.7734375 0.86640625 0.1171875 0.26640625
0 0.5703125 0.77265625 0.0734375 0.125
17 0.79140625 0.85703125 0.065625 0.14609375
0 0.93984375 0.8640625 0.1140625 0.271875
0 0.38125 0.68984375 0.028125 0.04140625
79 0.684375 0.49921875 0.0234375 0.07734375
79 0.04140625 0.496875 0.021875 0.06015625
0 0.4625 0.73828125 0.03125 0.06015625
12 0.3296875 0.65234375 0.0515625 0.06015625
23 0.57421875 0.87265625 0.0359375 0.1125
23 0.9109375 0.91640625 0.178125 0.16640625
79 0.4953125 0.57265625 0.0109375 0.01640625
17 0.63046875 0.875 0.06875 0.15859375
0 0.81875 0.79921875 0.0546875 0.16484375
23 0.30390625 0.69609375 0.03125 0.0375
23 0.44296875 0.85078125 0.0359375 0.10390625
79 0.6265625 0.41328125 0.03125 0.08359375
0 0.503125 0.7875 0.0796875 0.16875
3 0.9640625 0.48984375 0.071875 0.10390625
0 0.475 0.684375 0.91875 0.17734375