52 0.67265625 0.38046875 0.1015625 0.0921875
0 0.49140625 0.5734375 0.6109375 0.853125
0 0.2296875 0.3671875 0.0984375 0.175
32 0.61484375 0.6796875 0.5671875 0.1359375
26 0.98828125 0.553125 0.0234375 0.05625
52 0.61015625 0.38671875 0.09375 0.1
52 0.1015625 0.14375 0.0765625 0.0671875
52 0.3453125 0.1328125 0.0640625 0.0609375
0 0.24375 0.12734375 0.0734375 0.078125
5 0.55625 0.128125 0.2609375 0.06875
52 0.22109375 0.43359375 0.0921875 0.075
52 0.41484375 0.12734375 0.0765625 0.065625
0 0.35390625 0.2953125 0.0984375 0.1
52 0.0046875 0.1515625 0.009375 0.053125