58 0.68125 0.84609375 0.59140625 0.2796875
58 0.7828125 0.8078125 0.434375 0.35
58 0.390625 0.76328125 0.51640625 0.3015625
58 0.28203125 0.5671875 0.1875 0.15625
58 0.51953125 0.47890625 0.20234375 0.04375
58 0.61953125 0.45390625 0.04375 0.0265625
58 0.47421875 0.46796875 0.14375 0.0421875
58 0.334375 0.4734375 0.13984375 0.05
58 0.27109375 0.4625 0.13515625 0.0609375
58 0.72421875 0.528125 0.20859375 0.153125
58 0.55546875 0.42421875 0.19765625 0.0578125
58 0.41015625 0.44453125 0.11640625 0.040625
58 0.53515625 0.56171875 0.31875 0.159375
58 0.509375 0.50234375 0.40625 0.2578125