54 0.6328125 0.33046875 0.1484375 0.4671875
35 0.90703125 0.1625 0.04375 0.084375
35 0.86796875 0.14921875 0.05 0.0796875
35 0.94375 0.16875 0.0515625 0.0875
35 0.98359375 0.17890625 0.0328125 0.0671875
36 0.91640625 0.409375 0.040625 0.0421875
36 0.88671875 0.3921875 0.0296875 0.0328125
36 0.9578125 0.41328125 0.0359375 0.0359375
36 0.9859375 0.4234375 0.028125 0.0625
60 0.50390625 0.50390625 0.625 0.7203125
36 0.84375 0.38203125 0.034375 0.0328125
36 0.80703125 0.36484375 0.0328125 0.0328125
5 0.88359375 0.83125 0.2109375 0.3375
57 0.48125 0.671875 0.9625 0.65625