36 0.95078125 0.38828125 0.0984375 0.425
41 0.39921875 0.18359375 0.1421875 0.22109375
42 0.20625 0.54375 0.1890625 0.2625
44 0.1171875 0.41484375 0.23125 0.40390625
41 0.26875 0.18203125 0.2296875 0.24609375
41 0.4609375 0.08828125 0.1703125 0.11484375
41 0.496875 0.234375 0.10625 0.22890625
47 0.6921875 0.46640625 0.5375 0.39375
41 0.30390625 0.94296875 0.075 0.08359375
47 0.39453125 0.89375 0.1109375 0.12265625
47 0.334375 0.946875 0.13125 0.10625
47 0.23359375 0.959375 0.121875 0.08125
47 0.18828125 0.94375 0.096875 0.1125
47 0.26796875 0.878125 0.096875 0.04609375
47 0.275 0.77890625 0.384375 0.16484375
49 0.69140625 0.69453125 0.303125 0.19765625