46 0.8765625 0.11953125 0.246875 0.2390625
47 0.528125 0.559375 0.08671875 0.1703125
47 0.340625 0.5296875 0.1171875 0.171875
47 0.49453125 0.4671875 0.04921875 0.05
47 0.7 0.4921875 0.11015625 0.1078125
47 0.653125 0.9046875 0.19921875 0.1671875
47 0.3140625 0.8296875 0.11484375 0.0671875
47 0.75546875 0.696875 0.1875 0.215625
47 0.3796875 0.6390625 0.084375 0.121875
47 0.3125 0.5796875 0.12421875 0.159375
47 0.2375 0.446875 0.0890625 0.1078125
47 0.89140625 0.73671875 0.15703125 0.125
47 0.375 0.728125 0.07734375 0.0609375
47 0.24140625 0.75078125 0.09140625 0.1171875
47 0.49921875 0.5921875 0.99765625 0.6125