59 0.91015625 0.59453125 0.125 0.146875
53 0.44375 0.76328125 0.484375 0.4734375
71 0.59921875 0.48125 0.0109375 0.046875
71 0.58671875 0.53828125 0.0078125 0.0421875
71 0.61953125 0.53359375 0.00625 0.0421875
71 0.615625 0.52734375 0.0078125 0.028125
71 0.6078125 0.478125 0.00625 0.0421875
71 0.6015625 0.5375 0.0265625 0.0484375
60 0.54453125 0.675 0.0875 0.0953125
62 0.628125 0.815625 0.0375 0.0359375
62 0.78046875 0.53203125 0.0125 0.0109375
64 0.6109375 0.80703125 0.046875 0.0375
71 0.56875 0.4859375 0.015625 0.05
71 0.6046875 0.47890625 0.00625 0.0421875
71 0.6109375 0.478125 0.0046875 0.0375
71 0.615625 0.478125 0.0078125 0.0421875
71 0.58046875 0.4859375 0.009375 0.0484375
55 0.16953125 0.8953125 0.3109375 0.209375
71 0.59296875 0.48359375 0.0078125 0.046875
71 0.5765625 0.4859375 0.0078125 0.05
53 0.1765625 0.89375 0.31875 0.2125
71 0.58125 0.6546875 0.159375 0.378125