12 0.10234375 0.615625 0.2015625 0.71875
2 0.3859375 0.74140625 0.109375 0.29921875
0 0.3546875 0.60234375 0.1421875 0.5671875
19 0.4265625 0.52734375 0.0625 0.22421875
54 0.653125 0.68984375 0.08125 0.11171875
54 0.4328125 0.3328125 0.115625 0.20625
54 0.54921875 0.17890625 0.1921875 0.33828125
54 0.8546875 0.18125 0.1203125 0.2265625
54 0.6640625 0.58203125 0.065625 0.10078125
12 0.65234375 0.759375 0.6953125 0.48125
54 0.68984375 0.2515625 0.08125 0.15625
54 0.27578125 0.65859375 0.1109375 0.140625
0 0.11328125 0.43828125 0.096875 0.31875
54 0.3046875 0.54375 0.0109375 0.0375
54 0.265625 0.54375 0.03125 0.04140625