26 0.42890625 0.3390625 0.0171875 0.021875
32 0.39375 0.43515625 0.053125 0.0703125
18 0.7234375 0.2921875 0.09375 0.05
18 0.93359375 0.35 0.1171875 0.1375
32 0.6171875 0.5078125 0.065625 0.071875
32 0.4859375 0.47109375 0.0234375 0.0375
0 0.71171875 0.57109375 0.2078125 0.4546875
0 0.94765625 0.43515625 0.059375 0.103125
0 0.284375 0.4078125 0.0375 0.084375
0 0.2578125 0.61015625 0.3375 0.4953125
0 0.25859375 0.40625 0.04375 0.1078125
0 0.90234375 0.45859375 0.0765625 0.11875
0 0.09375 0.43359375 0.040625 0.1234375
0 0.18359375 0.39453125 0.0265625 0.0421875
0 0.0703125 0.403125 0.0234375 0.0515625
0 0.00703125 0.4109375 0.0140625 0.0625
0 0.31875 0.475 0.1140625 0.2390625
26 0.20625 0.20703125 0.003125 0.0046875
0 0.51875 0.45078125 0.0875 0.221875