45 0.7125 0.5421875 0.5671875 0.56484375
0 0.32578125 0.81328125 0.1109375 0.3421875
0 0.46015625 0.65859375 0.0515625 0.10078125
0 0.634375 0.81015625 0.109375 0.375
0 0.54140625 0.77734375 0.1578125 0.4453125
0 0.4359375 0.82265625 0.08125 0.3546875
0 0.8015625 0.80390625 0.1234375 0.39140625
0 0.91484375 0.81015625 0.084375 0.37734375
0 0.9671875 0.79609375 0.0546875 0.37734375
0 0.7546875 0.8015625 0.1125 0.396875
0 0.7046875 0.80625 0.0890625 0.35078125
0 0.4859375 0.6375 0.0421875 0.0578125
0 0.8609375 0.80078125 0.071875 0.375
79 0.27578125 0.3734375 0.0625 0.15859375
0 0.31015625 0.7671875 0.1203125 0.3734375
0 0.509375 0.75703125 0.7875 0.46171875