43 0.28046875 0.63515625 0.0390625 0.0515625
52 0.30703125 0.48125 0.05625 0.1671875
52 0.69453125 0.4359375 0.1640625 0.1375
57 0.50625 0.72421875 0.9875 0.5515625
0 0.46015625 0.3703125 0.2859375 0.3609375
0 0.8859375 0.42109375 0.228125 0.3828125
36 0.29765625 0.9015625 0.0765625 0.196875
36 0.8421875 0.79453125 0.0734375 0.08125
36 0.78828125 0.5375 0.04375 0.0734375
36 0.5125 0.5203125 0.0359375 0.1015625
36 0.6640625 0.496875 0.0359375 0.0953125
36 0.35859375 0.740625 0.0515625 0.1328125
36 0.35234375 0.66171875 0.04375 0.040625
36 0.715625 0.4859375 0.0359375 0.0671875
38 0.496875 0.90390625 0.171875 0.0578125
38 0.87421875 0.5953125 0.0359375 0.0484375
39 0.88125 0.82734375 0.05 0.0421875
51 0.4515625 0.69765625 0.0328125 0.0234375
78 0.634375 0.18984375 0.721875 0.3796875
33 0.453125 0.53203125 0.040625 0.1421875
36 0.9890625 0.5796875 0.021875 0.103125
38 0.50390625 0.52578125 0.0640625 0.0359375
52 0.03125 0.54453125 0.0625 0.2140625
64 0.5828125 0.47578125 0.0515625 0.0625
64 0.50859375 0.56171875 0.6296875 0.1125
64 0.9609375 0.71875 0.078125 0.04375
43 0.28515625 0.68515625 0.046875 0.0296875
36 0.67109375 0.69765625 0.08125 0.109375
36 0.7890625 0.6109375 0.0546875 0.0890625
0 0.13671875 0.44140625 0.2421875 0.4046875
43 0.2265625 0.64375 0.03125 0.0515625