59 0.54453125 0.521875 0.3328125 0.303125
60 0.20546875 0.6296875 0.2671875 0.2703125
61 0.828125 0.81328125 0.0640625 0.0609375
63 0.65078125 0.853125 0.3296875 0.1109375
71 0.371875 0.23828125 0.1359375 0.065625
71 0.61171875 0.04375 0.0453125 0.0625
71 0.58359375 0.04765625 0.0515625 0.059375
36 0.76015625 0.65234375 0.0890625 0.084375
60 0.15 0.77421875 0.221875 0.0875
71 0.69921875 0.02890625 0.1640625 0.0578125
71 0.37734375 0.20703125 0.15 0.046875
71 0.56328125 0.26171875 0.053125 0.01875
71 0.72421875 0.0078125 0.0921875 0.015625
71 0.725 0.0328125 0.1359375 0.0484375
71 0.50078125 0.2640625 0.075 0.025
71 0.48984375 0.0546875 0.1109375 0.0328125
71 0.5828125 0.72421875 0.2390625 0.0828125