33 0.5671875 0.309375 0.03125 0.075
33 0.66875 0.703125 0.0140625 0.03125
70 0.471875 0.5515625 0.65 0.7546875
33 0.68671875 0.45546875 0.04375 0.0484375
33 0.64921875 0.45 0.0515625 0.053125
33 0.503125 0.38046875 0.059375 0.1015625
33 0.66171875 0.84453125 0.0375 0.0625
33 0.6171875 0.8234375 0.053125 0.084375
33 0.6296875 0.703125 0.025 0.0734375
33 0.59296875 0.8140625 0.0328125 0.090625
33 0.63984375 0.83359375 0.025 0.0734375
33 0.68125 0.7234375 0.025 0.053125
33 0.52421875 0.48984375 0.0234375 0.0421875
33 0.67265625 0.8328125 0.0234375 0.0703125
33 0.58125 0.57421875 0.33125 0.3578125