41 0.39921875 0.5359375 0.321875 0.1109375
41 0.675 0.69375 0.2984375 0.153125
41 0.66484375 0.73046875 0.3734375 0.153125
42 0.6015625 0.35390625 0.184375 0.1390625
42 0.90859375 0.55 0.1484375 0.146875
44 0.6015625 0.48046875 0.1890625 0.1328125
44 0.75625 0.53046875 0.1453125 0.109375
44 0.58203125 0.85234375 0.134375 0.071875
41 0.890625 0.45703125 0.215625 0.0609375
41 0.8734375 0.62265625 0.2109375 0.2265625
41 0.234375 0.478125 0.0640625 0.0515625
42 0.76484375 0.41796875 0.1265625 0.103125
42 0.940625 0.7 0.11875 0.109375
44 0.978125 0.584375 0.04375 0.0875
41 0.71328125 0.70859375 0.15625 0.0515625