12 0.3015625 0.85078125 0.4171875 0.2828125
12 0.68671875 0.703125 0.1515625 0.146875
12 0.57265625 0.665625 0.071875 0.0609375
12 0.41015625 0.63828125 0.028125 0.03125
23 0.76640625 0.8546875 0.059375 0.1234375
23 0.8375 0.9171875 0.1390625 0.0921875
23 0.3640625 0.69296875 0.021875 0.0421875
0 0.74765625 0.77109375 0.096875 0.1796875
0 0.47421875 0.759375 0.0609375 0.1171875
0 0.57265625 0.86328125 0.103125 0.1625
0 0.49375 0.67109375 0.01875 0.0359375
0 0.44375 0.66875 0.025 0.0421875
0 0.66328125 0.83125 0.146875 0.240625
0 0.821875 0.825 0.153125 0.2796875
0 0.6078125 0.76015625 0.090625 0.134375
17 0.83828125 0.81328125 0.0859375 0.153125
0 0.9546875 0.7984375 0.090625 0.284375
0 0.40859375 0.7046875 0.034375 0.0453125
79 0.6828125 0.4734375 0.034375 0.0796875
79 0.0453125 0.5609375 0.0296875 0.0625
0 0.49609375 0.74140625 0.0390625 0.0640625
12 0.35234375 0.67421875 0.059375 0.0671875
23 0.625 0.85859375 0.0515625 0.1171875
23 0.93203125 0.85546875 0.1359375 0.1890625
79 0.50546875 0.57265625 0.0125 0.0171875
17 0.68125 0.853125 0.090625 0.1671875
0 0.85703125 0.7515625 0.0765625 0.1703125
23 0.3328125 0.72109375 0.0359375 0.0421875
23 0.4921875 0.85546875 0.05 0.1078125
79 0.61328125 0.396875 0.0421875 0.0875
0 0.54296875 0.784375 0.103125 0.178125
3 0.95703125 0.425 0.0859375 0.1125
0 0.50078125 0.6859375 0.934375 0.303125