20 0.20234375 0.23671875 0.0171875 0.046875
57 0.6125 0.859375 0.425 0.28125
0 0.32578125 0.2 0.35625 0.290625
0 0.87578125 0.8078125 0.21875 0.384375
0 0.56875 0.31328125 0.2953125 0.4875
0 0.896875 0.37578125 0.20625 0.4484375
0 0.31328125 0.13984375 0.0328125 0.071875
0 0.896875 0.3328125 0.0875 0.0953125
36 0.61328125 0.74609375 0.1265625 0.1796875
36 0.521875 0.5578125 0.0859375 0.1609375
40 0.64375 0.96328125 0.1875 0.0734375
49 0.2828125 0.36171875 0.4265625 0.175
49 0.2640625 0.5984375 0.528125 0.3375
49 0.23125 0.8171875 0.4625 0.328125
49 0.784375 0.3625 0.2921875 0.09375
49 0.68359375 0.47265625 0.153125 0.0921875
49 0.659375 0.578125 0.18125 0.1265625
0 0.73828125 0.11171875 0.0578125 0.0625
36 0.66640625 0.7578125 0.0703125 0.1640625
36 0.4640625 0.96171875 0.159375 0.0765625
36 0.63984375 0.9640625 0.1859375 0.071875
37 0.70859375 0.94921875 0.1828125 0.1015625
49 0.65234375 0.30078125 0.0375 0.04375
0 0.17109375 0.1890625 0.2640625 0.3078125
0 0.4765625 0.08359375 0.14375 0.1671875
49 0.91953125 0.640625 0.1453125 0.1328125
49 0.79140625 0.6015625 0.13125 0.1015625
0 0.26796875 0.1171875 0.0671875 0.109375
0 0.13671875 0.08671875 0.06875 0.121875
0 0.76015625 0.1859375 0.2296875 0.3296875
0 0.08203125 0.09375 0.0703125 0.0921875
38 0.80390625 0.83515625 0.1234375 0.0703125
36 0.94375 0.62578125 0.1046875 0.184375