54 0.59453125 0.55703125 0.0796875 0.0984375
59 0.71328125 0.56171875 0.08125 0.0984375
33 0.5875 0.66640625 0.01875 0.0984375
52 0.58671875 0.87734375 0.1640625 0.22265625
52 0.29765625 0.896875 0.203125 0.20625
52 0.95390625 0.93125 0.0921875 0.11484375
52 0.6203125 0.696875 0.0453125 0.04921875
52 0.97421875 0.66953125 0.0515625 0.12890625
57 0.440625 0.85 0.39375 0.28828125
35 0.57890625 0.69921875 0.028125 0.05390625
35 0.55234375 0.6875 0.0203125 0.06796875
40 0.86953125 0.7609375 0.0546875 0.03984375
41 0.3796875 0.7046875 0.0546875 0.04453125
65 0.8265625 0.63671875 0.1140625 0.103125
42 0.36328125 0.734375 0.0171875 0.01640625
42 0.38828125 0.7234375 0.0203125 0.0328125
52 0.34140625 0.71875 0.0640625 0.0796875
42 0.35234375 0.72734375 0.0140625 0.02109375