11 0.171875 0.75625 0.21875 0.4
11 0.42109375 0.74453125 0.0984375 0.2390625
11 0.4734375 0.75078125 0.059375 0.178125
11 0.49375 0.734375 0.0921875 0.21875
11 0.53203125 0.74375 0.10625 0.2171875
11 0.6046875 0.70546875 0.0421875 0.13125
11 0.63671875 0.71484375 0.0671875 0.1421875
11 0.68359375 0.70234375 0.0484375 0.11875
11 0.2796875 0.7640625 0.1125 0.2875
11 0.575 0.72890625 0.0671875 0.1828125
11 0.72421875 0.67890625 0.0421875 0.0890625
11 0.77734375 0.6734375 0.03125 0.0734375
11 0.70078125 0.6828125 0.0375 0.0921875
11 0.94296875 0.634375 0.021875 0.0453125
11 0.86875 0.653125 0.015625 0.046875
11 0.6625 0.69921875 0.0375 0.109375
11 0.6328125 0.7 0.734375 0.409375