54 0.6015625 0.54296875 0.0921875 0.1078125
59 0.71953125 0.53125 0.09375 0.109375
33 0.61015625 0.65234375 0.0328125 0.1
52 0.63828125 0.86171875 0.19375 0.24375
52 0.35390625 0.90234375 0.2296875 0.1953125
52 0.97734375 0.86328125 0.0453125 0.1265625
52 0.646875 0.678125 0.0515625 0.0546875
52 0.97890625 0.6015625 0.0421875 0.134375
57 0.48984375 0.8421875 0.4296875 0.315625
35 0.60625 0.6859375 0.0359375 0.0578125
35 0.578125 0.678125 0.0296875 0.0703125
40 0.90234375 0.70703125 0.059375 0.046875
41 0.409375 0.71953125 0.0609375 0.0515625
65 0.8421875 0.58984375 0.1265625 0.11875
42 0.396875 0.75078125 0.01875 0.01875
42 0.4203125 0.73671875 0.025 0.0359375
52 0.3734375 0.7390625 0.075 0.0875
42 0.38515625 0.7453125 0.0171875 0.0234375