8 0.51328125 0.503125 0.04765625 0.1625
22 0.50234375 0.44375 0.0203125 0.025
0 0.26796875 0.78984375 0.19765625 0.39765625
0 0.528125 0.77890625 0.13984375 0.4203125
0 0.58203125 0.81953125 0.2078125 0.3390625
18 0.4921875 0.0640625 0.25234375 0.1234375
18 0.678125 0.05859375 0.19375 0.11484375
18 0.85859375 0.06796875 0.2828125 0.1296875
18 0.28203125 0.06875 0.31171875 0.1234375
18 0.61796875 0.2140625 0.05234375 0.0421875
33 0.071875 0.21171875 0.00625 0.03046875
52 0.459375 0.26328125 0.065625 0.10078125
52 0.24765625 0.2421875 0.0421875 0.0390625
0 0.8171875 0.76015625 0.1703125 0.45625
0 0.93515625 0.78828125 0.1296875 0.40078125
0 0.90234375 0.52109375 0.0921875 0.1515625
0 0.3078125 0.271875 0.03984375 0.1203125
0 0.87265625 0.20703125 0.034375 0.06171875
0 0.61328125 0.6375 0.12578125 0.2328125
0 0.3390625 0.26640625 0.03203125 0.078125
0 0.06875 0.203125 0.03984375 0.1234375
0 0.109375 0.2296875 0.05 0.07578125
22 0.17890625 0.42890625 0.02421875 0.00859375
0 0.06875 0.93671875 0.11015625 0.12578125
8 0.73671875 0.27421875 0.04375 0.0671875
0 0.528125 0.2 0.915625 0.17109375