0 0.19921875 0.6265625 0.3984375 0.725
0 0.27109375 0.23125 0.2390625 0.265625
0 0.73671875 0.24375 0.4234375 0.4640625
35 0.5984375 0.50390625 0.08125 0.153125
36 0.7359375 0.9578125 0.140625 0.078125
36 0.7890625 0.871875 0.125 0.16875
36 0.60703125 0.653125 0.096875 0.1625
51 0.52734375 0.8546875 0.4140625 0.2515625
0 0.65625 0.1578125 0.471875 0.315625
20 0.671875 0.28046875 0.0546875 0.04375
39 0.71484375 0.453125 0.13125 0.0203125
39 0.55625 0.734375 0.0390625 0.0796875
40 0.84921875 0.4828125 0.2515625 0.1515625
51 0.7734375 0.36484375 0.221875 0.1578125
0 0.97421875 0.296875 0.0515625 0.0875
35 0.7859375 0.615625 0.08125 0.146875
39 0.85078125 0.459375 0.0953125 0.0375
36 0.728125 0.4 0.06875 0.09375
57 0.71484375 0.753125 0.5578125 0.49375