52 0.97265625 0.51875 0.0546875 0.128125
45 0.49921875 0.421875 0.7421875 0.490625
45 0.1015625 0.51171875 0.203125 0.2484375
0 0.15546875 0.57421875 0.1015625 0.2390625
0 0.08515625 0.59453125 0.125 0.2875
0 0.4296875 0.53515625 0.1015625 0.2171875
0 0.49140625 0.58203125 0.0640625 0.15
67 0.50703125 0.43828125 0.7375 0.4953125
19 0.0734375 0.55546875 0.0703125 0.128125
19 0.43359375 0.5109375 0.0421875 0.065625
67 0.11484375 0.5078125 0.2296875 0.334375
52 0.98984375 0.49453125 0.0203125 0.1140625
57 0.990625 0.46953125 0.01875 0.0359375