0 0.8 0.61015625 0.1984375 0.4296875
32 0.69609375 0.509375 0.115625 0.1125
26 0.25078125 0.4125 0.0140625 0.0203125
26 0.259375 0.8703125 0.0171875 0.025
26 0.39609375 0.8484375 0.0140625 0.0203125
26 0.275 0.82109375 0.0140625 0.0171875
26 0.090625 0.85390625 0.0125 0.021875
26 0.66875 0.75625 0.0140625 0.015625
26 0.75703125 0.78359375 0.0125 0.0203125
26 0.19921875 0.8703125 0.015625 0.0203125
26 0.95546875 0.7265625 0.0125 0.0171875
26 0.56953125 0.7671875 0.0140625 0.021875
26 0.509375 0.621875 0.93125 0.575