8 0.24921875 0.3609375 0.1890625 0.14375
57 0.49921875 0.78671875 0.99765625 0.2484375
43 0.6578125 0.671875 0.26640625 0.090625
43 0.4921875 0.80234375 0.12578125 0.109375
43 0.6515625 0.51171875 0.16328125 0.1
36 0.41953125 0.671875 0.13515625 0.1875
36 0.18359375 0.74453125 0.18203125 0.0796875
43 0.53359375 0.63671875 0.084375 0.05
43 0.46953125 0.5265625 0.07265625 0.078125
43 0.48515625 0.68515625 0.13515625 0.0609375
43 0.75546875 0.803125 0.11015625 0.075
43 0.540625 0.83359375 0.07734375 0.090625
36 0.97421875 0.73828125 0.046875 0.0828125
43 0.67265625 0.81484375 0.09140625 0.090625
43 0.46171875 0.7859375 0.15390625 0.0859375
51 0.5984375 0.8078125 0.0984375 0.1078125
0 0.40390625 0.48828125 0.621875 0.4046875
43 0.60078125 0.80859375 0.09140625 0.1125
43 0.7234375 0.76015625 0.065625 0.04375
43 0.52890625 0.53125 0.0890625 0.078125
43 0.43671875 0.771875 0.05859375 0.0609375