36 0.32890625 0.16484375 0.08125 0.19140625
36 0.1609375 0.20078125 0.1 0.19140625
36 0.33046875 0.01953125 0.0484375 0.0390625
39 0.3859375 0.375 0.2328125 0.07734375
40 0.50703125 0.3515625 0.271875 0.3078125
40 0.44453125 0.7703125 0.278125 0.4375
57 0.50078125 0.67578125 0.9984375 0.63984375
57 0.47890625 0.18828125 0.8265625 0.3765625
42 0.4515625 0.146875 0.0734375 0.10234375
64 0.14296875 0.5375 0.1640625 0.11328125
64 0.17421875 0.43046875 0.1421875 0.1109375
42 0.415625 0.10546875 0.059375 0.09453125