26 0.69296875 0.28359375 0.01875 0.0265625
0 0.328125 0.67890625 0.30625 0.6078125
0 0.740625 0.68828125 0.15 0.5859375
0 0.78515625 0.11328125 0.08125 0.09375
0 0.86484375 0.10546875 0.0859375 0.1015625
0 0.815625 0.0765625 0.0640625 0.10625
0 0.96640625 0.0859375 0.0671875 0.1125
32 0.159375 0.6015625 0.15625 0.1890625
32 0.659375 0.871875 0.0765625 0.2046875
0 0.940625 0.12578125 0.0890625 0.1015625
0 0.74453125 0.08828125 0.0734375 0.140625
52 0.22578125 0.07421875 0.096875 0.146875
52 0.1015625 0.0765625 0.165625 0.153125
0 0.6890625 0.125 0.0609375 0.071875
0 0.56640625 0.096875 0.078125 0.1734375
0 0.671875 0.07578125 0.0921875 0.1234375
0 0.53671875 0.0671875 0.0296875 0.0578125
0 0.61328125 0.12265625 0.0890625 0.10625