70 0.13828125 0.44921875 0.0640625 0.3953125
52 0.50625 0.73359375 0.1140625 0.51875
65 0.56171875 0.36640625 0.1375 0.1765625
68 0.4546875 0.52109375 0.028125 0.046875
36 0.33828125 0.51796875 0.01875 0.04375
36 0.3234375 0.528125 0.0125 0.01875
36 0.3109375 0.5171875 0.021875 0.040625
69 0.20703125 0.52265625 0.096875 0.01875
71 0.58828125 0.13515625 0.04375 0.0609375
36 0.31328125 0.48671875 0.0171875 0.0078125
36 0.3171875 0.44921875 0.0203125 0.00625
36 0.3140625 0.47265625 0.0171875 0.0078125
36 0.3140625 0.4671875 0.0171875 0.0078125
36 0.3171875 0.4546875 0.0171875 0.0078125
52 0.78125 0.5359375 0.078125 0.078125
52 0.4625 0.71484375 0.084375 0.48125
52 0.69296875 0.53984375 0.053125 0.06875
66 0.50546875 0.67578125 0.2046875 0.421875
57 0.7109375 0.778125 0.425 0.44375