8 0.56953125 0.61484375 0.4640625 0.34765625
8 0.184375 0.60703125 0.3421875 0.20859375
59 0.06875 0.10625 0.128125 0.2
53 0.44921875 0.31796875 0.4546875 0.39140625
0 0.4296875 0.81015625 0.309375 0.35859375
71 0.8875 0.42265625 0.078125 0.01484375
71 0.8875 0.41015625 0.0734375 0.01484375
71 0.82421875 0.428125 0.0328125 0.01015625
8 0.77109375 0.49609375 0.20625 0.17734375
36 0.6421875 0.225 0.0375 0.06015625
36 0.3984375 0.50546875 0.01875 0.04375
71 0.82890625 0.39921875 0.0609375 0.04609375
71 0.753125 0.37578125 0.05 0.02265625
71 0.87734375 0.390625 0.05 0.02890625
71 0.771875 0.38125 0.05625 0.03125
71 0.759375 0.39765625 0.065625 0.025
0 0.59765625 0.23515625 0.2453125 0.46015625