24 0.2328125 0.715625 0.06875 0.103125
24 0.90859375 0.89609375 0.1828125 0.1515625
17 0.225 0.68203125 0.0734375 0.090625
0 0.3015625 0.621875 0.2234375 0.5109375
0 0.3015625 0.37734375 0.109375 0.1390625
0 0.3984375 0.525 0.153125 0.540625
0 0.44921875 0.61953125 0.1671875 0.5375
0 0.51171875 0.39453125 0.1 0.2328125
0 0.575 0.60859375 0.234375 0.6203125
0 0.665625 0.5671875 0.140625 0.575
0 0.70546875 0.5609375 0.1203125 0.5453125
0 0.77421875 0.29765625 0.121875 0.18125
0 0.79609375 0.5453125 0.19375 0.5703125
17 0.9328125 0.88046875 0.134375 0.1703125