79 0.45625 0.06484375 0.065625 0.1296875
0 0.18984375 0.59609375 0.196875 0.4609375
0 0.290625 0.540625 0.0921875 0.234375
0 0.4859375 0.603125 0.1859375 0.49375
0 0.69296875 0.61953125 0.24375 0.5421875
40 0.81484375 0.72734375 0.0671875 0.053125
67 0.5 0.56796875 1 0.8640625
0 0.38515625 0.59921875 0.184375 0.509375
66 0.42890625 0.553125 0.0796875 0.15625
0 0.1625 0.50859375 0.1 0.234375
0 0.84609375 0.66484375 0.1359375 0.43125
79 0.2671875 0.01328125 0.05625 0.0265625
0 0.934375 0.65078125 0.0296875 0.0765625
0 0.0765625 0.55 0.1328125 0.3546875