33 0.44609375 0.4625 0.028125 0.08984375
33 0.48359375 0.44375 0.025 0.11015625
33 0.8046875 0.48203125 0.028125 0.08359375
52 0.35234375 0.334375 0.059375 0.07890625
35 0.56015625 0.453125 0.0234375 0.08984375
36 0.6703125 0.4875 0.0296875 0.03515625
36 0.7828125 0.51484375 0.034375 0.05625
38 0.4671875 0.27265625 0.021875 0.11640625
38 0.49375 0.271875 0.009375 0.11875
39 0.85234375 0.67890625 0.0375 0.03515625
40 0.79453125 0.55546875 0.0453125 0.05390625
40 0.72265625 0.52734375 0.0515625 0.05390625
40 0.6421875 0.51484375 0.065625 0.04609375
40 0.64375 0.52890625 0.08125 0.04140625
44 0.7234375 0.51171875 0.0265625 0.01640625
66 0.87890625 0.80234375 0.2421875 0.3625
68 0.7375 0.47265625 0.0828125 0.10390625
69 0.5203125 0.546875 0.2265625 0.10625
33 0.3125 0.43515625 0.0234375 0.06484375
33 0.3296875 0.42890625 0.025 0.07265625
36 0.05703125 0.65390625 0.0328125 0.05625
39 0.6609375 0.51015625 0.04375 0.025
39 0.58046875 0.39765625 0.01875 0.03515625
36 0.596875 0.48515625 0.034375 0.07109375