43 0.2953125 0.65703125 0.04375 0.0546875
52 0.30625 0.5015625 0.071875 0.1703125
52 0.68671875 0.41640625 0.1765625 0.1515625
57 0.50625 0.6984375 0.9875 0.603125
0 0.446875 0.375 0.3203125 0.3875
0 0.87109375 0.38046875 0.2578125 0.4015625
36 0.3421875 0.909375 0.096875 0.18125
36 0.87109375 0.75703125 0.08125 0.0875
36 0.790625 0.50703125 0.05 0.078125
36 0.51484375 0.51953125 0.046875 0.103125
36 0.6625 0.4796875 0.0453125 0.096875
36 0.384375 0.75390625 0.0640625 0.1359375
36 0.3703125 0.67578125 0.046875 0.0453125
36 0.7125 0.4640625 0.04375 0.0703125
38 0.5390625 0.90234375 0.1765625 0.075
38 0.88203125 0.55625 0.040625 0.0515625
39 0.91328125 0.7859375 0.053125 0.046875
51 0.47265625 0.7015625 0.0359375 0.0265625
78 0.6 0.2015625 0.753125 0.403125
33 0.45703125 0.53671875 0.0546875 0.1453125
36 0.9890625 0.52734375 0.021875 0.1046875
38 0.50703125 0.525 0.0671875 0.0421875
52 0.040625 0.59375 0.08125 0.21875
64 0.5796875 0.4671875 0.0578125 0.0671875
64 0.51484375 0.56015625 0.6328125 0.178125
64 0.9703125 0.66875 0.059375 0.053125
43 0.30546875 0.70625 0.0484375 0.0328125
36 0.690625 0.678125 0.0921875 0.115625
36 0.79921875 0.58046875 0.0625 0.09375
0 0.13671875 0.4796875 0.2734375 0.425
43 0.24296875 0.671875 0.0359375 0.053125