8 0.90234375 0.58359375 0.1671875 0.13515625
52 0.8265625 0.34921875 0.0328125 0.07109375
52 0.884375 0.36015625 0.05625 0.08125
52 0.8 0.33203125 0.0296875 0.03359375
52 0.8625 0.34609375 0.0390625 0.06875
57 0.803125 0.30703125 0.103125 0.01640625
0 0.4671875 0.42734375 0.50625 0.78515625
0 0.7390625 0.28125 0.04375 0.04765625
0 0.60234375 0.28203125 0.05625 0.15625
0 0.65078125 0.32734375 0.0328125 0.07890625
19 0.30546875 0.55859375 0.1015625 0.5375
0 0.559375 0.26875 0.03125 0.10390625
0 0.3625 0.25078125 0.0125 0.07890625
0 0.65703125 0.284375 0.0125 0.03125
0 0.6984375 0.32109375 0.0453125 0.21484375
17 0.61015625 0.26640625 0.0421875 0.06484375
42 0.9015625 0.72578125 0.0515625 0.06640625
42 0.8359375 0.81875 0.065625 0.07890625
42 0.2859375 0.24765625 0.0484375 0.07109375
42 0.9140625 0.82421875 0.059375 0.08515625
42 0.6953125 0.93046875 0.0734375 0.08984375
42 0.31015625 0.90703125 0.3765625 0.16484375
42 0.6578125 0.84140625 0.0625 0.07734375
42 0.04609375 0.94375 0.0921875 0.1125
42 0.55625 0.92265625 0.0640625 0.08125
0 0.6390625 0.271875 0.0234375 0.0375
0 0.89140625 0.25859375 0.0265625 0.06640625
18 0.5875 0.19375 0.1234375 0.12109375
0 0.75859375 0.25390625 0.0296875 0.06484375
0 0.68203125 0.23828125 0.0078125 0.04140625
42 0.790625 0.78515625 0.0578125 0.075
42 0.6875 0.8796875 0.4 0.240625
42 0.97109375 0.834375 0.0578125 0.08359375
0 0.67109375 0.23359375 0.0140625 0.03515625
19 0.5671875 0.54375 0.1890625 0.46015625
0 0.48125 0.32890625 0.521875 0.23359375