0 0.63984375 0.509375 0.271875 0.98125
40 0.35 0.5296875 0.1359375 0.1109375
49 0.31484375 0.8421875 0.375 0.2234375
66 0.27421875 0.7 0.5484375 0.56484375
69 0.821875 0.50234375 0.1375 0.0609375
49 0.3875 0.65859375 0.2640625 0.1390625
69 0.9171875 0.5140625 0.0828125 0.03984375
48 0.35703125 0.84453125 0.021875 0.046875
48 0.40078125 0.66796875 0.04375 0.0515625
48 0.4453125 0.6140625 0.015625 0.02578125
48 0.34609375 0.634375 0.021875 0.028125
48 0.3203125 0.6515625 0.0203125 0.02578125
48 0.27734375 0.7421875 0.025 0.03515625
48 0.46640625 0.53671875 0.084375 0.05625
48 0.33515625 0.7859375 0.021875 0.03046875
48 0.39140625 0.753125 0.0203125 0.03515625
48 0.47265625 0.6421875 0.0171875 0.028125
48 0.37734375 0.60234375 0.0203125 0.0234375
48 0.36953125 0.64140625 0.0296875 0.03515625
48 0.31875 0.80859375 0.078125 0.06328125
48 0.40625 0.63046875 0.015625 0.02578125