27 0.39375 0.7 0.69375 0.403125
0 0.846875 0.58046875 0.30625 0.7703125
0 0.421875 0.16875 0.08125 0.14375
0 0.45390625 0.196875 0.071875 0.1140625
0 0.47109375 0.12265625 0.0265625 0.0515625
0 0.68984375 0.0765625 0.04375 0.1015625
0 0.625 0.07890625 0.053125 0.128125
0 0.509375 0.0546875 0.04375 0.109375
0 0.621875 0.20390625 0.053125 0.134375
19 0.3515625 0.17734375 0.0359375 0.059375
19 0.63046875 0.21875 0.0296875 0.05625
0 0.36796875 0.16796875 0.065625 0.128125
8 0.43125 0.21640625 0.0453125 0.065625