23 0.715625 0.76640625 0.1734375 0.396875
23 0.90859375 0.54453125 0.09375 0.190625
23 0.7984375 0.61328125 0.128125 0.275
23 0.0875 0.75859375 0.1203125 0.125
23 0.46484375 0.59375 0.0796875 0.165625
23 0.0875 0.71796875 0.1296875 0.1265625
23 0.09921875 0.8953125 0.1171875 0.209375
23 0.2234375 0.840625 0.31875 0.31875
0 0.3625 0.56953125 0.075 0.184375
0 0.45703125 0.54921875 0.0890625 0.1890625
0 0.31640625 0.75859375 0.1828125 0.4828125
0 0.2859375 0.78359375 0.165625 0.4328125
0 0.2359375 0.76640625 0.240625 0.4671875
0 0.5875 0.4953125 0.053125 0.1296875
0 0.7890625 0.52109375 0.184375 0.296875
0 0.82890625 0.43046875 0.065625 0.103125
0 0.896875 0.5046875 0.1359375 0.2828125
0 0.39296875 0.53828125 0.0625 0.1296875
0 0.67890625 0.61484375 0.2140625 0.484375
23 0.8421875 0.52734375 0.0765625 0.146875
23 0.3921875 0.5625 0.053125 0.0890625
0 0.9671875 0.48359375 0.065625 0.2640625
23 0.50078125 0.50703125 0.028125 0.046875
23 0.1015625 0.840625 0.1296875 0.175
0 0.71640625 0.43671875 0.0296875 0.0546875
23 0.9640625 0.51875 0.071875 0.125
19 0.978125 0.43984375 0.04375 0.0765625
0 0.496875 0.55 0.4578125 0.2484375