7 0.5140625 0.38984375 0.26875 0.34609375
7 0.8859375 0.74609375 0.228125 0.24765625
70 0.6546875 0.471875 0.690625 0.93515625
33 0.68671875 0.38671875 0.0953125 0.35859375
33 0.77421875 0.390625 0.09375 0.36015625
33 0.89296875 0.35859375 0.103125 0.36015625
33 0.9609375 0.32578125 0.0609375 0.29140625
33 0.83203125 0.36484375 0.0640625 0.36015625
33 0.640625 0.35859375 0.0703125 0.34609375
33 0.58671875 0.296875 0.04375 0.23515625
33 0.528125 0.721875 0.0796875 0.21015625
33 0.740625 0.24375 0.0515625 0.12734375
33 0.9796875 0.328125 0.040625 0.30390625
33 0.81953125 0.053125 0.125 0.10234375
33 0.7015625 0.046875 0.1109375 0.09375
33 0.4578125 0.715625 0.071875 0.2125
33 0.93046875 0.05078125 0.1359375 0.1015625