1 0.46328125 0.7734375 0.05 0.1203125
12 0.73984375 0.7234375 0.178125 0.228125
12 0.9796875 0.64296875 0.040625 0.1015625
12 0.79921875 0.65 0.0546875 0.0734375
12 0.8828125 0.63125 0.0625 0.065625
12 0.9296875 0.61328125 0.053125 0.065625
23 0.85703125 0.81953125 0.11875 0.21875
23 0.87890625 0.6859375 0.046875 0.0609375
23 0.959375 0.75234375 0.08125 0.1515625
0 0.8421875 0.709375 0.0984375 0.1609375
0 0.528125 0.53515625 0.075 0.1375
0 0.353125 0.75859375 0.0453125 0.1609375
0 0.30625 0.78828125 0.05625 0.1421875
0 0.32421875 0.77265625 0.0515625 0.1203125
0 0.36796875 0.71953125 0.0375 0.0546875
0 0.39296875 0.76640625 0.0640625 0.1515625
0 0.465625 0.7359375 0.05 0.1390625
18 0.3609375 0.64296875 0.0921875 0.0734375
13 0.54375 0.70234375 0.178125 0.33125
0 0.96015625 0.70390625 0.0796875 0.1859375
0 0.87890625 0.68828125 0.05625 0.14375
0 0.82109375 0.65703125 0.0359375 0.06875
18 0.4421875 0.63984375 0.0640625 0.0515625
18 0.3640625 0.40234375 0.0859375 0.0796875
1 0.39921875 0.79609375 0.0671875 0.115625
1 0.3734375 0.8 0.021875 0.09375
23 0.81796875 0.6765625 0.0203125 0.0296875
23 0.60859375 0.73046875 0.071875 0.0546875
67 0.93203125 0.615625 0.0578125 0.071875
67 0.2265625 0.7609375 0.221875 0.2203125
12 0.9515625 0.6125 0.0265625 0.0609375
12 0.228125 0.75859375 0.24375 0.2390625
67 0.0859375 0.76171875 0.1359375 0.2203125
0 0.07578125 0.8140625 0.0875 0.2125
12 0.96640625 0.61328125 0.0265625 0.053125
0 0.5 0.6515625 1 0.584375