52 0.8515625 0.41015625 0.296875 0.3796875
52 0.69375 0.27421875 0.19375 0.190625
52 0.2703125 0.25625 0.221875 0.3171875
0 0.7984375 0.165625 0.165625 0.253125
0 0.84921875 0.1546875 0.0890625 0.190625
35 0.76640625 0.4359375 0.1921875 0.2625
41 0.2515625 0.51640625 0.228125 0.14375
41 0.496875 0.57890625 0.5796875 0.4140625
42 0.525 0.853125 0.2421875 0.278125
42 0.14140625 0.64921875 0.1984375 0.2296875
42 0.23046875 0.7328125 0.175 0.228125
0 0.92890625 0.21328125 0.1421875 0.2953125
0 0.921875 0.16796875 0.1375 0.18125
0 0.2859375 0.03984375 0.121875 0.0796875
42 0.84921875 0.71328125 0.090625 0.1296875
57 0.5 0.61484375 1 0.7703125
0 0.13828125 0.2140625 0.2578125 0.428125
0 0.234375 0.0546875 0.103125 0.109375
0 0.6828125 0.05390625 0.0890625 0.0703125
0 0.51171875 0.22421875 0.5234375 0.4484375