45 0.11328125 0.5546875 0.2265625 0.590625
19 0.603125 0.74296875 0.0359375 0.10625
19 0.40546875 0.6953125 0.03125 0.1328125
0 0.61875 0.75703125 0.1046875 0.359375
0 0.7609375 0.8203125 0.0875 0.359375
0 0.64453125 0.74375 0.071875 0.31875
0 0.38828125 0.71015625 0.0609375 0.30625
0 0.415625 0.7203125 0.071875 0.29375
0 0.83359375 0.81015625 0.0984375 0.3796875
0 0.296875 0.7125 0.0609375 0.265625
0 0.2625 0.715625 0.0625 0.2703125
0 0.5828125 0.7359375 0.0890625 0.365625
5 0.4296875 0.7453125 0.0390625 0.1109375
17 0.3765625 0.6796875 0.021875 0.1
17 0.76328125 0.74140625 0.0140625 0.05625
0 0.459375 0.71640625 0.0703125 0.33125
19 0.81015625 0.8875 0.0375 0.10625
19 0.65625 0.73125 0.015625 0.0671875
19 0.2578125 0.70078125 0.0140625 0.046875
19 0.309375 0.67421875 0.0109375 0.0515625