33 0.32421875 0.5875 0.08125 0.2890625
52 0.84609375 0.6109375 0.1375 0.2609375
52 0.78671875 0.678125 0.1234375 0.3
52 0.60234375 0.79375 0.3140625 0.4125
57 0.32890625 0.8265625 0.4859375 0.346875
57 0.80703125 0.51328125 0.1171875 0.0375
0 0.5578125 0.6015625 0.478125 0.796875
38 0.4578125 0.7640625 0.0609375 0.0359375
38 0.4515625 0.71640625 0.075 0.028125
49 0.4328125 0.7390625 0.0796875 0.034375
49 0.36484375 0.75 0.0859375 0.034375
37 0.4 0.76484375 0.0890625 0.0640625
37 0.434375 0.69609375 0.040625 0.0484375