53 0.1578125 0.6140625 0.315625 0.3375
53 0.765625 0.61328125 0.2953125 0.3453125
57 0.4625 0.7390625 0.328125 0.315625
78 0.85234375 0.2296875 0.034375 0.0234375
0 0.42421875 0.434375 0.2234375 0.3625
0 0.58359375 0.53515625 0.4046875 0.5109375
0 0.31328125 0.5390625 0.1484375 0.259375
37 0.41953125 0.72734375 0.0375 0.0421875
37 0.23828125 0.85859375 0.05 0.059375
38 0.10546875 0.77890625 0.04375 0.046875
40 0.3609375 0.6890625 0.0890625 0.0578125
37 0.12578125 0.7765625 0.046875 0.0296875
38 0.434375 0.72890625 0.0296875 0.040625
40 0.065625 0.81640625 0.0578125 0.0578125
40 0.0921875 0.87421875 0.096875 0.084375
53 0.69296875 0.79453125 0.6140625 0.4109375
57 0.1953125 0.853125 0.33125 0.29375
38 0.35703125 0.6453125 0.04375 0.0359375
38 0.51328125 0.63359375 0.05 0.0296875
38 0.25546875 0.8609375 0.0390625 0.0484375
40 0.35234375 0.7109375 0.040625 0.0421875
40 0.4421875 0.66953125 0.1140625 0.0703125
53 0.91015625 0.53984375 0.1796875 0.2671875
0 0.5640625 0.57578125 0.1390625 0.3140625
37 0.36171875 0.6421875 0.0390625 0.03125