0 0.63984375 0.4984375 0.3734375 0.996875
40 0.35390625 0.5453125 0.146875 0.125
49 0.3515625 0.859375 0.396875 0.2609375
66 0.29921875 0.70625 0.5984375 0.5875
69 0.8203125 0.46875 0.14375 0.075
49 0.4046875 0.66953125 0.2765625 0.165625
69 0.91640625 0.4703125 0.0859375 0.0484375
48 0.39375 0.8578125 0.0265625 0.0484375
48 0.41875 0.67734375 0.0484375 0.05625
48 0.4578125 0.61953125 0.01875 0.0265625
48 0.3609375 0.65 0.025 0.0296875
48 0.3375 0.66953125 0.0234375 0.028125
48 0.30390625 0.7640625 0.028125 0.0375
48 0.4703125 0.53984375 0.0890625 0.0640625
48 0.365625 0.8015625 0.025 0.0328125
48 0.41875 0.76328125 0.0234375 0.0375
48 0.4875 0.64453125 0.0203125 0.0296875
48 0.3890625 0.61484375 0.021875 0.025
48 0.38515625 0.65390625 0.0328125 0.0375
48 0.35234375 0.82578125 0.084375 0.071875
48 0.4203125 0.63984375 0.01875 0.0265625