4 0.6125 0.384375 0.084375 0.2078125
0 0.9125 0.25703125 0.05 0.103125
0 0.85625 0.2578125 0.034375 0.096875
0 0.62421875 0.175 0.0234375 0.0484375
0 0.81484375 0.05703125 0.015625 0.021875
0 0.78984375 0.0484375 0.0125 0.0203125
0 0.2578125 0.18125 0.0375 0.0234375
0 0.63984375 0.1765625 0.015625 0.04375
12 0.10703125 0.70703125 0.2140625 0.5484375
12 0.328125 0.43359375 0.51875 0.4328125
4 0.1078125 0.1609375 0.028125 0.021875
0 0.109375 0.16015625 0.021875 0.0203125
0 0.03125 0.16640625 0.040625 0.0390625
0 0.2890625 0.17890625 0.028125 0.028125
0 0.80625 0.0734375 0.0125 0.015625
12 0.74765625 0.28125 0.1953125 0.1359375
12 0.27890625 0.21328125 0.153125 0.05
12 0.353125 0.215625 0.1265625 0.0609375
12 0.22890625 0.525 0.4578125 0.56875
12 0.1078125 0.19453125 0.1796875 0.0609375
12 0.678125 0.2921875 0.2203125 0.14375
12 0.80078125 0.13359375 0.0484375 0.03125
12 0.425 0.22265625 0.0734375 0.05625
12 0.05546875 0.21875 0.09375 0.0734375
0 0.81953125 0.05078125 0.0109375 0.0171875