33 0.1203125 0.1125 0.0546875 0.1609375
33 0.2 0.11328125 0.0515625 0.175
33 0.53125 0.07421875 0.05 0.1484375
33 0.5734375 0.07421875 0.05 0.1484375
57 0.4828125 0.81015625 0.934375 0.3796875
0 0.18828125 0.50625 0.3765625 0.490625
0 0.06484375 0.20390625 0.1296875 0.3328125
0 0.34296875 0.23046875 0.290625 0.45625
0 0.78203125 0.29921875 0.3984375 0.5984375
5 0.03359375 0.53203125 0.0671875 0.1734375
36 0.89296875 0.86796875 0.1359375 0.20625
49 0.57890625 0.72734375 0.1375 0.1078125
49 0.1375 0.19921875 0.0578125 0.0484375
19 0.63359375 0.265625 0.1453125 0.396875
19 0.29921875 0.2484375 0.2265625 0.478125
5 0.5671875 0.2703125 0.0890625 0.1546875
36 0.4796875 0.7671875 0.1046875 0.2
36 0.9578125 0.740625 0.084375 0.215625
49 0.22109375 0.7984375 0.078125 0.1
57 0.165625 0.1546875 0.1765625 0.265625
0 0.46953125 0.40078125 0.2765625 0.59375
57 0.54453125 0.14765625 0.16875 0.096875
0 0.94296875 0.021875 0.0390625 0.04375
5 0.5625 0.39921875 0.096875 0.0828125
33 0.221875 0.0734375 0.0375 0.103125
0 0.82734375 0.384375 0.3453125 0.65
37 0.50625 0.42109375 0.1171875 0.2203125