12 0.42109375 0.228125 0.30625 0.2125
12 0.8140625 0.196875 0.2 0.140625
0 0.440625 0.53984375 0.290625 0.496875
0 0.6078125 0.35703125 0.1625 0.2578125
0 0.696875 0.50703125 0.1875 0.2953125
0 0.72578125 0.346875 0.1234375 0.2515625
0 0.81328125 0.43828125 0.1484375 0.2234375
0 0.3640625 0.34375 0.0421875 0.1125
0 0.23828125 0.47734375 0.0265625 0.0765625
5 0.496875 0.434375 0.1578125 0.1796875
5 0.7765625 0.36328125 0.221875 0.15625
12 0.73125 0.1890625 0.1046875 0.09375
79 0.375 0.0703125 0.0265625 0.053125
79 0.421875 0.09453125 0.0203125 0.0484375
54 0.91015625 0.38125 0.0734375 0.159375
0 0.69609375 0.17421875 0.0375 0.0515625
67 0.10859375 0.2734375 0.2171875 0.1875
54 0.17890625 0.71171875 0.2109375 0.4828125
54 0.88359375 0.42578125 0.034375 0.05
54 0.9484375 0.39765625 0.0546875 0.1015625
54 0.165625 0.90546875 0.1296875 0.184375
54 0.12890625 0.728125 0.2578125 0.54375
54 0.23046875 0.61015625 0.0609375 0.134375
54 0.2390625 0.71484375 0.0453125 0.0828125
0 0.540625 0.4609375 0.18125 0.2640625
0 0.678125 0.1796875 0.0203125 0.0625
67 0.91328125 0.15390625 0.0734375 0.0640625
79 0.8125 0.07578125 0.01875 0.0328125
5 0.97421875 0.38671875 0.0453125 0.1125