12 0.73984375 0.734375 0.05625 0.06640625
67 0.8953125 0.73828125 0.1796875 0.13046875
67 0.628125 0.7453125 0.11171875 0.0796875
27 0.38203125 0.56953125 0.40625 0.5625
12 0.778125 0.76015625 0.0703125 0.053125
0 0.6171875 0.8203125 0.0296875 0.10703125
0 0.9609375 0.86015625 0.078125 0.2796875
0 0.55390625 0.79609375 0.03203125 0.1015625
0 0.52578125 0.809375 0.01171875 0.06640625
0 0.578125 0.80390625 0.02421875 0.090625
0 0.3453125 0.84296875 0.03203125 0.0640625
0 0.9109375 0.76015625 0.02421875 0.09296875
0 0.29375 0.81484375 0.04375 0.1203125
0 0.37421875 0.81875 0.034375 0.0796875
0 0.25234375 0.84375 0.0203125 0.06640625
0 0.4046875 0.74921875 0.01796875 0.05625
67 0.32734375 0.74921875 0.15625 0.109375
0 0.2453125 0.78125 0.0140625 0.06953125
12 0.43671875 0.765625 0.04375 0.0453125
0 0.0640625 0.8171875 0.05 0.1015625
12 0.79921875 0.7 0.04609375 0.04296875
12 0.02421875 0.790625 0.0421875 0.04765625
12 0.4828125 0.73984375 0.0859375 0.034375
12 0.55390625 0.734375 0.0203125 0.02421875
12 0.64296875 0.6984375 0.021875 0.01875
0 0.6171875 0.7375 0.3421875 0.071875