1 0.85859375 0.72734375 0.040625 0.084375
1 0.94921875 0.73984375 0.078125 0.0875
1 0.809375 0.7171875 0.040625 0.090625
1 0.72265625 0.715625 0.0390625 0.0765625
1 0.7578125 0.7171875 0.034375 0.0765625
45 0.490625 0.6296875 0.5046875 0.4890625
0 0.625 0.5953125 0.059375 0.075
5 0.9578125 0.76796875 0.0546875 0.046875
5 0.75859375 0.7390625 0.0671875 0.0578125
1 0.92109375 0.72734375 0.046875 0.0859375
1 0.8796875 0.72578125 0.0328125 0.09375
1 0.7734375 0.70859375 0.028125 0.0484375
5 0.0890625 0.7265625 0.0171875 0.0328125
5 0.01171875 0.7234375 0.0234375 0.04375