70 0.7625 0.45703125 0.3890625 0.79765625
65 0.28046875 0.16015625 0.3234375 0.25234375
66 0.28828125 0.640625 0.3609375 0.40859375
68 0.10859375 0.42265625 0.09375 0.11015625
69 0.3625 0.93125 0.5578125 0.10859375
38 0.50546875 0.44765625 0.015625 0.02734375
38 0.50390625 0.38125 0.0328125 0.04765625
38 0.50078125 0.44375 0.015625 0.03359375
38 0.49296875 0.44140625 0.0140625 0.02734375
38 0.46875 0.43671875 0.0234375 0.03359375
38 0.47890625 0.440625 0.01875 0.02890625
38 0.48515625 0.440625 0.0203125 0.03359375
38 0.46953125 0.40859375 0.0234375 0.03359375
38 0.4734375 0.403125 0.03125 0.05390625
38 0.48359375 0.38984375 0.0359375 0.05
38 0.48359375 0.37265625 0.0296875 0.04140625