54 0.046875 0.16953125 0.09375 0.1796875
0 0.6171875 0.49765625 0.659375 0.9953125
35 0.90390625 0.084375 0.053125 0.0578125
40 0.1078125 0.4671875 0.215625 0.109375
40 0.8703125 0.434375 0.0859375 0.0421875
33 0.21015625 0.896875 0.0515625 0.0984375
36 0.775 0.20546875 0.05625 0.046875
36 0.7890625 0.16640625 0.065625 0.0328125
36 0.671875 0.1203125 0.05 0.05625
36 0.82890625 0.20546875 0.025 0.0234375
65 0.2125 0.45390625 0.309375 0.15
35 0.85 0.065625 0.059375 0.0578125
35 0.81328125 0.08125 0.0453125 0.075
35 0.75546875 0.109375 0.0296875 0.05625
36 0.8546875 0.10390625 0.0515625 0.034375
36 0.90078125 0.1796875 0.1 0.0671875
36 0.85234375 0.04921875 0.0296875 0.021875
33 0.084375 0.7578125 0.10625 0.0828125
33 0.08984375 0.88046875 0.1015625 0.075
33 0.1140625 0.90078125 0.05625 0.0515625
35 0.9453125 0.07578125 0.01875 0.0546875
35 0.74609375 0.0671875 0.0328125 0.0203125