54 0.890625 0.44453125 0.21875 0.3984375
53 0.8546875 0.8015625 0.2625 0.396875
53 0.3453125 0.59140625 0.6765625 0.403125
40 0.809375 0.6359375 0.1265625 0.1078125
42 0.8109375 0.61640625 0.1140625 0.0640625
42 0.81796875 0.5984375 0.0390625 0.0453125
44 0.81875 0.6046875 0.0265625 0.0265625
44 0.83046875 0.63515625 0.0171875 0.0203125
73 0.1390625 0.58203125 0.140625 0.2484375
73 0.97578125 0.60546875 0.0296875 0.0609375
73 0.4359375 0.625 0.1265625 0.2546875
44 0.84921875 0.62734375 0.03125 0.03125