64 0.6640625 0.5203125 0.209375 0.459375
64 0.4578125 0.5515625 0.146875 0.390625
64 0.08125 0.3375 0.084375 0.1890625
64 0.5171875 0.3984375 0.090625 0.209375
12 0.68359375 0.1421875 0.128125 0.0453125
52 0.76484375 0.2640625 0.140625 0.1921875
52 0.9109375 0.32109375 0.1703125 0.3046875
0 0.1234375 0.20859375 0.1078125 0.159375
0 0.11171875 0.32734375 0.2234375 0.5890625
0 0.465625 0.81640625 0.25625 0.3671875
36 0.8671875 0.3796875 0.1078125 0.2234375
36 0.0828125 0.83984375 0.13125 0.3203125
0 0.81015625 0.61953125 0.3796875 0.3234375
12 0.7890625 0.1375 0.0734375 0.025
36 0.746875 0.40859375 0.1390625 0.15625
36 0.04609375 0.253125 0.0265625 0.0328125
0 0.5453125 0.31328125 0.40625 0.6265625
57 0.51015625 0.7359375 0.9796875 0.528125
52 0.19140625 0.2578125 0.04375 0.028125
57 0.12890625 0.28203125 0.046875 0.0171875