46 0.16796875 0.5828125 0.3359375 0.46875
46 0.54921875 0.75234375 0.5375 0.45625
46 0.88828125 0.67734375 0.2234375 0.5765625
46 0.21796875 0.66640625 0.23125 0.215625
46 0.82421875 0.21953125 0.3359375 0.4390625
46 0.26796875 0.1453125 0.3296875 0.2671875
46 0.33984375 0.3640625 0.23125 0.3984375
47 0.12109375 0.9203125 0.1734375 0.159375
46 0.25625 0.72109375 0.23125 0.2625
47 0.62265625 0.03203125 0.1015625 0.0640625
46 0.11015625 0.35703125 0.215625 0.2765625
46 0.7484375 0.90625 0.1515625 0.128125
46 0.5984375 0.59453125 0.109375 0.1609375
47 0.446875 0.63671875 0.190625 0.3