1 0.4859375 0.725 0.07421875 0.29609375
1 0.696875 0.73359375 0.10625 0.28203125
1 0.30703125 0.721875 0.08984375 0.3125
20 0.7671875 0.41328125 0.015625 0.01640625
20 0.87578125 0.365625 0.01015625 0.03359375
71 0.83515625 0.60859375 0.065625 0.07578125
0 0.3109375 0.56953125 0.128125 0.475
0 0.5703125 0.5953125 0.09609375 0.50859375
0 0.89921875 0.64140625 0.11171875 0.496875
0 0.69296875 0.60234375 0.1296875 0.475
0 0.62109375 0.57109375 0.04375 0.3828125
0 0.48671875 0.578125 0.121875 0.45
0 0.4390625 0.62578125 0.06796875 0.365625
0 0.38515625 0.6078125 0.078125 0.471875
0 0.4203125 0.39921875 0.06796875 0.11484375
0 0.034375 0.67734375 0.06796875 0.6453125
0 0.19296875 0.59921875 0.11171875 0.528125
0 0.10078125 0.54765625 0.11015625 0.265625
0 0.80703125 0.5765625 0.15 0.5109375
20 0.4296875 0.42890625 0.0078125 0.025
20 0.6609375 0.42890625 0.01015625 0.0109375
0 0.51875 0.5421875 0.7859375 0.57578125