59 0.07421875 0.390625 0.140625 0.42265625
59 0.590625 0.70234375 0.084375 0.11015625
53 0.48515625 0.85 0.9640625 0.28125
0 0.69609375 0.59609375 0.2796875 0.625
0 0.41484375 0.54765625 0.3734375 0.69609375
62 0.5546875 0.27421875 0.103125 0.0625
62 0.57734375 0.62421875 0.0375 0.02890625
52 0.90546875 0.78984375 0.090625 0.17890625
52 0.58046875 0.78515625 0.2140625 0.25390625
52 0.80234375 0.79765625 0.078125 0.18984375
54 0.93046875 0.690625 0.0953125 0.05859375
57 0.9015625 0.72578125 0.1515625 0.0375
62 0.778125 0.49375 0.0140625 0.02265625
63 0.596875 0.75859375 0.0828125 0.01640625
52 0.22734375 0.85390625 0.4453125 0.29140625
71 0.05703125 0.70625 0.1 0.03359375
71 0.11640625 0.67890625 0.040625 0.07890625
71 0.0953125 0.6875 0.0484375 0.06484375