20 0.4515625 0.7890625 0.0328125 0.2296875
12 0.890625 0.71328125 0.0578125 0.0328125
0 0.29296875 0.75390625 0.196875 0.4734375
0 0.4546875 0.7671875 0.1453125 0.440625
50 0.54140625 0.28203125 0.384375 0.540625
0 0.59140625 0.78984375 0.1390625 0.4203125
79 0.94375 0.58046875 0.0125 0.0375
79 0.7796875 0.521875 0.0140625 0.03515625
79 0.8515625 0.5328125 0.021875 0.04453125
12 0.82265625 0.81484375 0.3265625 0.23203125
12 0.109375 0.86796875 0.21875 0.26015625
12 0.9453125 0.7796875 0.0984375 0.13125
0 0.99140625 0.75546875 0.0171875 0.2109375