6 0.35 0.634375 0.1296875 0.2828125
6 0.475 0.60859375 0.1796875 0.2890625
6 0.16953125 0.51796875 0.128125 0.328125
6 0.0859375 0.478125 0.128125 0.28125
6 0.671875 0.5671875 0.1140625 0.25625
6 0.7671875 0.48984375 0.0984375 0.240625
6 0.62890625 0.3625 0.125 0.2015625
6 0.5703125 0.24296875 0.1421875 0.2390625
6 0.6734375 0.1546875 0.0921875 0.23125
6 0.70546875 0.73359375 0.1609375 0.1921875
6 0.77109375 0.73984375 0.1328125 0.2765625
6 0.234375 0.50390625 0.06875 0.125
6 0.984375 0.353125 0.03125 0.209375