52 0.28203125 0.4859375 0.15 0.290625
52 0.55234375 0.4625 0.2015625 0.2359375
57 0.55703125 0.1890625 0.8859375 0.36875
0 0.7890625 0.4078125 0.421875 0.815625
0 0.07421875 0.4125 0.1359375 0.75625
35 0.32890625 0.740625 0.159375 0.51875
36 0.1203125 0.796875 0.128125 0.296875
36 0.4984375 0.8265625 0.1265625 0.346875
38 0.58828125 0.43046875 0.134375 0.284375
51 0.4265625 0.775 0.4421875 0.434375
33 0.1703125 0.19453125 0.040625 0.1578125
52 0.6796875 0.58359375 0.2078125 0.1625
64 0.02890625 0.0625 0.0578125 0.084375
19 0.909375 0.72421875 0.18125 0.51875
33 0.2015625 0.1828125 0.0328125 0.159375
33 0.240625 0.18515625 0.0296875 0.16875
36 0.68046875 0.821875 0.1609375 0.35625
57 0.2046875 0.828125 0.05 0.1671875