33 0.67265625 0.4484375 0.0546875 0.125
33 0.60625 0.45546875 0.0484375 0.128125
72 0.36796875 0.1625 0.0765625 0.0796875
0 0.2671875 0.54375 0.4328125 0.5765625
0 0.246875 0.5765625 0.49375 0.846875
0 0.50625 0.4125 0.2734375 0.290625
0 0.3375 0.43828125 0.15625 0.3390625
0 0.7234375 0.3046875 0.15 0.1578125
36 0.91953125 0.740625 0.1609375 0.14375
36 0.64609375 0.65390625 0.0828125 0.1296875
36 0.60703125 0.54453125 0.0734375 0.0609375
36 0.596875 0.50390625 0.059375 0.0359375
36 0.9375 0.8640625 0.125 0.178125
36 0.84375 0.603125 0.08125 0.0859375
51 0.52890625 0.590625 0.1640625 0.1015625
0 0.44921875 0.37734375 0.0578125 0.090625
36 0.946875 0.6984375 0.10625 0.19375
36 0.91328125 0.6234375 0.0671875 0.0734375
36 0.57265625 0.52265625 0.04375 0.05
36 0.6078125 0.48984375 0.028125 0.0171875
39 0.8890625 0.68671875 0.03125 0.0671875
64 0.771875 0.38828125 0.053125 0.0359375
0 0.96484375 0.31796875 0.021875 0.0359375
0 0.81953125 0.3453125 0.1203125 0.16875
0 0.96640625 0.50859375 0.0671875 0.2265625
0 0.34609375 0.54765625 0.2046875 0.271875
57 0.709375 0.6375 0.58125 0.559375
0 0.86015625 0.42421875 0.2796875 0.4296875
0 0.34453125 0.6015625 0.2515625 0.2953125
36 0.64765625 0.50234375 0.0375 0.065625
33 0.9203125 0.64140625 0.01875 0.03125