20 0.66171875 0.3015625 0.0296875 0.0234375
20 0.84296875 0.29140625 0.028125 0.021875
20 0.89296875 0.478125 0.0265625 0.0265625
52 0.25859375 0.81015625 0.084375 0.2125
52 0.50859375 0.81953125 0.0875 0.1828125
0 0.1203125 0.45234375 0.1703125 0.2640625
0 0.32890625 0.6484375 0.25 0.6203125
0 0.4921875 0.62109375 0.2515625 0.6203125
0 0.67421875 0.5484375 0.2046875 0.80625
0 0.85234375 0.66796875 0.259375 0.640625
0 0.81484375 0.534375 0.228125 0.7125
20 0.31796875 0.4578125 0.01875 0.0234375
20 0.5140625 0.4578125 0.015625 0.0234375
20 0.11484375 0.44296875 0.0234375 0.028125
52 0.83984375 0.7390625 0.03125 0.0484375