20 0.6390625 0.6109375 0.1296875 0.4140625
0 0.72109375 0.53515625 0.5578125 0.8953125
0 0.37890625 0.621875 0.5171875 0.75625
0 0.10546875 0.59921875 0.2109375 0.4328125
71 0.884375 0.8421875 0.1515625 0.1703125
36 0.79453125 0.24453125 0.040625 0.025
36 0.84765625 0.23671875 0.0421875 0.0265625
36 0.89140625 0.2296875 0.04375 0.0265625
36 0.93984375 0.22265625 0.0421875 0.0265625
40 0.88125 0.328125 0.0375 0.028125
40 0.715625 0.25234375 0.0484375 0.0359375
36 0.82421875 0.2421875 0.028125 0.0203125
0 0.103125 0.45 0.1453125 0.178125
36 0.22265625 0.3203125 0.0375 0.046875
19 0.29453125 0.9171875 0.2640625 0.165625