17 0.31328125 0.4265625 0.0796875 0.0984375
0 0.55 0.55625 0.165625 0.49296875
19 0.96328125 0.6171875 0.0703125 0.1171875
59 0.2453125 0.31875 0.05390625 0.05859375
0 0.709375 0.5109375 0.121875 0.44296875
0 0.88671875 0.6265625 0.17578125 0.64296875
0 0.3078125 0.51484375 0.121875 0.4078125
0 0.1703125 0.5 0.07421875 0.290625
0 0.06875 0.490625 0.06796875 0.25859375
0 0.6203125 0.44296875 0.071875 0.21328125
0 0.20234375 0.3984375 0.05234375 0.1171875
0 0.1390625 0.39765625 0.06796875 0.13359375
0 0.26015625 0.4828125 0.07578125 0.3546875
17 0.95859375 0.61953125 0.0828125 0.1296875
17 0.32890625 0.70234375 0.08984375 0.071875
17 0.20234375 0.5 0.05390625 0.09609375
17 0.1 0.4265625 0.0296875 0.06640625
17 0.696875 0.75234375 0.1 0.12265625
17 0.30234375 0.528125 0.07421875 0.0796875
19 0.6109375 0.57734375 0.0421875 0.090625
19 0.19375 0.44140625 0.03984375 0.13828125
19 0.59765625 0.475 0.0296875 0.165625
21 0.32734375 0.7015625 0.09609375 0.0796875
19 0.1671875 0.43203125 0.034375 0.05859375
19 0.04765625 0.46796875 0.0203125 0.05859375
19 0.20703125 0.475 0.04609375 0.06171875