43 0.2671875 0.48828125 0.4890625 0.53125
57 0.5 0.5 1 1
37 0.584375 0.7078125 0.484375 0.41875
41 0.55234375 0.5109375 0.453125 0.209375
42 0.5734375 0.39453125 0.2234375 0.2078125
44 0.44140625 0.6671875 0.1046875 0.1140625
44 0.4359375 0.72578125 0.128125 0.078125
44 0.48828125 0.67890625 0.08125 0.0703125
44 0.51015625 0.621875 0.084375 0.04375
44 0.6359375 0.6171875 0.096875 0.1078125
44 0.53203125 0.6609375 0.078125 0.0484375
44 0.571875 0.6265625 0.053125 0.0546875
44 0.56484375 0.684375 0.10625 0.0765625
36 0.86328125 0.32578125 0.2671875 0.2828125