57 0.47265625 0.8609375 0.9421875 0.2515625
0 0.40390625 0.57265625 0.25 0.359375
0 0.63515625 0.51015625 0.0734375 0.1875
36 0.37890625 0.66328125 0.0625 0.07265625
50 0.4859375 0.7953125 0.0609375 0.04765625
50 0.40703125 0.9078125 0.1109375 0.09765625
60 0.58125 0.5625 0.109375 0.0890625
73 0.71171875 0.7953125 0.0640625 0.1578125
40 0.3671875 0.7671875 0.0765625 0.04609375
50 0.4421875 0.78828125 0.0546875 0.05625
57 0.60390625 0.63515625 0.1765625 0.10390625
64 0.63671875 0.47421875 0.0171875 0.02890625
73 0.66171875 0.5765625 0.0265625 0.0625
0 0.0328125 0.42109375 0.065625 0.1953125
0 0.33515625 0.4296875 0.0515625 0.11640625
0 0.178125 0.37734375 0.046875 0.06875
36 0.07890625 0.49921875 0.028125 0.03125