46 0.13515625 0.584375 0.2703125 0.21328125
46 0.08359375 0.4375 0.1515625 0.14140625
46 0.83203125 0.37265625 0.275 0.18359375
46 0.39140625 0.225 0.1171875 0.134375
46 0.1734375 0.134375 0.0890625 0.08828125
47 0.6171875 0.42890625 0.0625 0.1390625
49 0.49921875 0.51171875 0.9890625 0.9515625
46 0.6921875 0.55546875 0.2203125 0.17421875
47 0.8734375 0.57890625 0.1296875 0.13671875
47 0.36640625 0.13125 0.1296875 0.20859375
47 0.3125 0.43125 0.075 0.0484375
46 0.71640625 0.2515625 0.153125 0.115625
47 0.228125 0.25546875 0.0421875 0.08359375
47 0.915625 0.2515625 0.153125 0.2015625