53 0.08828125 0.4015625 0.1765625 0.290625
1 0.8 0.4234375 0.4 0.559375
59 0.4609375 0.2203125 0.1578125 0.196875
36 0.88203125 0.72578125 0.19375 0.2390625
60 0.47421875 0.671875 0.5546875 0.6546875
61 0.84296875 0.91015625 0.1765625 0.1796875
62 0.12265625 0.81640625 0.1703125 0.296875
0 0.50078125 0.51171875 0.184375 0.2296875
33 0.840625 0.60234375 0.1359375 0.26875
33 0.88515625 0.41015625 0.09375 0.1453125
54 0.30546875 0.37109375 0.0625 0.0640625
62 0.0578125 0.77890625 0.115625 0.2015625
64 0.6890625 0.57265625 0.078125 0.046875
62 0.25390625 0.6625 0.11875 0.175