33 0.1671875 0.340625 0.0328125 0.0859375
33 0.37109375 0.34921875 0.0234375 0.071875
33 0.39453125 0.3375 0.028125 0.0921875
1 0.490625 0.69140625 0.91796875 0.4265625
40 0.33359375 0.025 0.14765625 0.05
68 0.89375 0.45625 0.07734375 0.0640625
36 0.55859375 0.4078125 0.046875 0.0453125
39 0.74609375 0.403125 0.03515625 0.0421875
40 0.64140625 0.40859375 0.05390625 0.0359375
69 0.6015625 0.490625 0.24140625 0.0390625
66 0.23515625 0.61875 0.346875 0.3625
33 0.74453125 0.45546875 0.03515625 0.0796875
33 0.46953125 0.02578125 0.07265625 0.0515625
33 0.7671875 0.0234375 0.06796875 0.046875