9 0.31171875 0.55859375 0.271875 0.2796875
12 0.946875 0.553125 0.10625 0.096875
0 0.740625 0.5328125 0.0984375 0.171875
0 0.5734375 0.4703125 0.0921875 0.1921875
0 0.69453125 0.5203125 0.0421875 0.1015625
0 0.78984375 0.50234375 0.0203125 0.0484375
0 0.80859375 0.528125 0.0359375 0.1171875
0 0.66328125 0.5359375 0.071875 0.1484375
79 0.7734375 0.38359375 0.0375 0.0859375
79 0.74765625 0.37265625 0.0203125 0.053125
5 0.04921875 0.5328125 0.0984375 0.075
0 0.884375 0.5359375 0.0203125 0.053125
0 0.67578125 0.49296875 0.0265625 0.053125
1 0.88671875 0.54609375 0.0125 0.0375
9 0.3453125 0.55703125 0.2171875 0.2421875
18 0.39296875 0.43671875 0.1203125 0.04375
19 0.6875 0.534375 0.021875 0.0453125
18 0.13984375 0.428125 0.1171875 0.0359375