45 0.10234375 0.60390625 0.1984375 0.57109375
19 0.63203125 0.72890625 0.0234375 0.10390625
19 0.4296875 0.70546875 0.015625 0.13203125
0 0.64921875 0.740625 0.0625 0.35390625
0 0.8 0.796875 0.0421875 0.37734375
0 0.6734375 0.72421875 0.0328125 0.31640625
0 0.41484375 0.721875 0.0234375 0.30625
0 0.44296875 0.72890625 0.0359375 0.2921875
0 0.86953125 0.76875 0.053125 0.37734375
0 0.32421875 0.7359375 0.0296875 0.2640625
0 0.290625 0.74296875 0.0296875 0.26875
0 0.6109375 0.72421875 0.0453125 0.36328125
5 0.46015625 0.75234375 0.0265625 0.10859375
17 0.39921875 0.69375 0.009375 0.09921875
17 0.790625 0.7078125 0.0078125 0.05625
0 0.4859375 0.71953125 0.0296875 0.33046875
19 0.85546875 0.846875 0.025 0.10390625
19 0.68359375 0.71015625 0.0078125 0.06640625
19 0.284375 0.72890625 0.0078125 0.046875
19 0.33203125 0.69609375 0.0046875 0.0515625