33 0.571875 0.346875 0.0453125 0.125
33 0.65546875 0.41484375 0.0484375 0.15
57 0.45703125 0.5703125 0.9140625 0.65625
0 0.91484375 0.3609375 0.1703125 0.675
0 0.83125 0.25390625 0.2171875 0.2859375
38 0.57890625 0.63359375 0.153125 0.071875
38 0.2703125 0.48203125 0.1453125 0.0390625
38 0.7453125 0.37265625 0.13125 0.09375
37 0.809375 0.4265625 0.128125 0.065625
39 0.7921875 0.521875 0.1015625 0.0796875
40 0.16484375 0.60546875 0.2046875 0.1984375
40 0.22109375 0.4859375 0.2171875 0.1125
49 0.765625 0.60625 0.1703125 0.109375
49 0.29140625 0.41875 0.0875 0.071875
49 0.38046875 0.62734375 0.1796875 0.1359375
49 0.5703125 0.7109375 0.171875 0.1375
49 0.5765625 0.59609375 0.1484375 0.103125
51 0.60703125 0.5171875 0.1421875 0.090625
51 0.74140625 0.4515625 0.14375 0.0953125
51 0.55703125 0.4421875 0.125 0.0625
51 0.76796875 0.60703125 0.171875 0.115625
51 0.7171875 0.5171875 0.071875 0.053125
51 0.61640625 0.3859375 0.0578125 0.0515625
52 0.90234375 0.8171875 0.1828125 0.365625
42 0.325 0.190625 0.0296875 0.0296875
65 0.3609375 0.159375 0.1578125 0.11875
49 0.56328125 0.440625 0.1265625 0.0546875