13 0.209375 0.80859375 0.1359375 0.1234375
13 0.25625 0.69453125 0.078125 0.0984375
13 0.775 0.57109375 0.04375 0.059375
13 0.64296875 0.625 0.021875 0.04375
13 0.5828125 0.64140625 0.05 0.0828125
13 0.80390625 0.82265625 0.1390625 0.1328125
13 0.9625 0.78359375 0.075 0.1234375
13 0.9140625 0.5828125 0.065625 0.0625
13 0.6140625 0.95546875 0.2140625 0.071875
13 0.70078125 0.59765625 0.0171875 0.0453125
13 0.61953125 0.61171875 0.046875 0.0796875
13 0.8984375 0.79140625 0.0859375 0.121875
13 0.8453125 0.7640625 0.1140625 0.1015625
13 0.5125 0.6625 0.975 0.675