1 0.8125 0.309375 0.2296875 0.096875
1 0.28828125 0.25703125 0.13359375 0.046875
23 0.490625 0.3640625 0.41015625 0.18125
23 0.23671875 0.428125 0.271875 0.265625
23 0.31015625 0.2484375 0.10078125 0.034375
0 0.14765625 0.2375 0.05625 0.09375
0 0.60859375 0.240625 0.046875 0.078125
0 0.32578125 0.21015625 0.05390625 0.0421875
0 0.48359375 0.22265625 0.0515625 0.078125
0 0.78828125 0.22109375 0.03984375 0.0421875
18 0.7765625 0.18828125 0.2109375 0.1
18 0.5890625 0.16796875 0.20859375 0.065625
18 0.50078125 0.165625 0.14765625 0.05625
18 0.41953125 0.1734375 0.11015625 0.0375
0 0.2953125 0.21171875 0.03515625 0.025
41 0.3796875 0.21953125 0.02109375 0.0203125
41 0.52578125 0.2640625 0.009375 0.0203125
41 0.378125 0.27890625 0.0609375 0.04375
41 0.2671875 0.2796875 0.0515625 0.0484375
41 0.5234375 0.2359375 0.009375 0.0203125
41 0.50234375 0.2484375 0.02109375 0.025
41 0.51640625 0.2203125 0.009375 0.021875
44 0.81953125 0.2859375 0.05625 0.05
44 0.89921875 0.49765625 0.06796875 0.040625
44 0.74609375 0.28359375 0.1875 0.1046875
0 0.63671875 0.22890625 0.0328125 0.0515625
12 0.23671875 0.2109375 0.08203125 0.034375
12 0.18046875 0.225 0.09609375 0.0890625
41 0.378125 0.24765625 0.028125 0.0203125
41 0.3984375 0.23515625 0.04921875 0.0296875
41 0.43359375 0.31015625 0.0609375 0.0296875
44 0.74375 0.49140625 0.13125 0.0796875
44 0.8703125 0.25078125 0.0609375 0.0359375
0 0.83125 0.23125 0.02578125 0.0265625
0 0.0875 0.26875 0.075 0.15625
12 0.39453125 0.21640625 0.121875 0.0390625
18 0.7109375 0.19296875 0.13125 0.0265625
41 0.42734375 0.278125 0.0421875 0.0359375
18 0.8734375 0.13984375 0.06796875 0.0390625
18 0.9328125 0.1671875 0.134375 0.053125
41 0.44609375 0.24765625 0.03046875 0.0125
0 0.68984375 0.21484375 0.046875 0.034375
41 0.52890625 0.21484375 0.00703125 0.0171875
41 0.42265625 0.25 0.27421875 0.125