59 0.840625 0.48671875 0.3171875 0.54375
59 0.66640625 0.3140625 0.1578125 0.22578125
59 0.54765625 0.27265625 0.1265625 0.17421875
52 0.075 0.82265625 0.15 0.33203125
52 0.39296875 0.58203125 0.2109375 0.23046875
0 0.44375 0.56484375 0.7890625 0.846875
0 0.50078125 0.47890625 0.3921875 0.50625
61 0.7859375 0.79375 0.078125 0.06796875
61 0.671875 0.46796875 0.0515625 0.028125
63 0.6 0.85859375 0.2203125 0.28203125
33 0.5203125 0.3140625 0.021875 0.11328125
63 0.621875 0.5234375 0.0625 0.065625
63 0.44765625 0.390625 0.0390625 0.0328125
52 0.3015625 0.3859375 0.0453125 0.153125
61 0.4890625 0.3578125 0.0296875 0.02109375
0 0.44140625 0.3140625 0.121875 0.2890625
0 0.43125 0.26953125 0.0203125 0.1390625