13 0.3765625 0.62734375 0.753125 0.7453125
0 0.59375 0.3125 0.0453125 0.109375
0 0.68828125 0.36875 0.1 0.1375
0 0.4046875 0.17890625 0.1 0.1375
0 0.93828125 0.8125 0.1234375 0.296875
0 0.284375 0.92890625 0.10625 0.1421875
0 0.67109375 0.94765625 0.071875 0.0859375
0 0.7703125 0.96796875 0.040625 0.03125
0 0.5375 0.28046875 0.0515625 0.10625
0 0.21328125 0.97890625 0.0671875 0.0421875
18 0.60390625 0.24765625 0.478125 0.3875
0 0.76171875 0.9546875 0.078125 0.0609375
0 0.0625 0.984375 0.0625 0.03125
0 0.13515625 0.97578125 0.0578125 0.0484375
0 0.42578125 0.95390625 0.1734375 0.0921875
0 0.66796875 0.825 0.4640625 0.35