1 0.43359375 0.77890625 0.1390625 0.4421875
41 0.55859375 0.55234375 0.0796875 0.0546875
19 0.1203125 0.60546875 0.240625 0.4546875
0 0.35 0.64296875 0.346875 0.7140625
0 0.77578125 0.44296875 0.1109375 0.3
0 0.71484375 0.46484375 0.165625 0.3609375
0 0.134375 0.590625 0.26875 0.81875
0 0.86796875 0.39375 0.1171875 0.2171875
0 0.45703125 0.42578125 0.103125 0.1890625
19 0.671875 0.46796875 0.028125 0.0796875
41 0.66015625 0.453125 0.025 0.0265625
42 0.95390625 0.59921875 0.0921875 0.0765625
44 0.9296875 0.64765625 0.05 0.059375
44 0.903125 0.628125 0.01875 0.0234375
44 0.896875 0.65859375 0.0203125 0.0203125
44 0.87890625 0.659375 0.015625 0.0171875
0 0.528125 0.41484375 0.065625 0.134375
0 0.1953125 0.43046875 0.04375 0.1078125
0 0.13984375 0.40546875 0.0453125 0.059375
0 0.3421875 0.42109375 0.05 0.103125
0 0.56328125 0.38359375 0.05625 0.10625
19 0.19765625 0.48203125 0.01875 0.0375
44 0.8234375 0.62109375 0.1546875 0.1125
44 0.728125 0.6625 0.0703125 0.0453125
44 0.90390625 0.6515625 0.01875 0.0265625
0 0.37578125 0.43828125 0.05 0.10625
42 0.953125 0.59140625 0.0109375 0.009375