70 0.37421875 0.47890625 0.121875 0.1953125
52 0.446875 0.8765625 0.178125 0.246875
66 0.809375 0.47421875 0.1328125 0.2609375
66 0.90703125 0.709375 0.1859375 0.3625
69 0.5921875 0.52890625 0.0984375 0.04375
73 0.63125 0.4890625 0.0203125 0.04375
33 0.95234375 0.51171875 0.0203125 0.0671875
33 0.99765625 0.53203125 0.0046875 0.0796875
35 0.7421875 0.43984375 0.015625 0.034375
35 0.728125 0.44296875 0.0125 0.0265625
35 0.7140625 0.44296875 0.0140625 0.03125
36 0.24765625 0.42890625 0.0203125 0.0296875
40 0.2484375 0.4265625 0.01875 0.0234375
52 0.3125 0.8734375 0.171875 0.253125