33 0.34453125 0.6625 0.0375 0.140625
33 0.46171875 0.71328125 0.0234375 0.02421875
53 0.55703125 0.85703125 0.575 0.26484375
56 0.07578125 0.33046875 0.1515625 0.65078125
0 0.86953125 0.22578125 0.134375 0.396875
0 0.46484375 0.46953125 0.2609375 0.5359375
0 0.35625 0.271875 0.075 0.17109375
0 0.18828125 0.22578125 0.0796875 0.15
5 0.309375 0.53984375 0.19375 0.16953125
35 0.41171875 0.396875 0.0359375 0.09296875
19 0.45 0.59765625 0.0828125 0.06484375
5 0.21171875 0.30546875 0.115625 0.22109375
0 0.16875 0.17109375 0.0328125 0.0609375
0 0.18515625 0.1171875 0.0359375 0.06328125
0 0.40078125 0.38203125 0.1 0.1390625
0 0.28984375 0.35703125 0.1171875 0.21015625
56 0.575 0.2046875 0.85 0.403125
5 0.64140625 0.53125 0.1203125 0.39453125
19 0.30859375 0.42109375 0.05625 0.06953125
0 0.23671875 0.22578125 0.0390625 0.1671875