33 0.5421875 0.09296875 0.10625 0.1859375
33 0.82421875 0.04765625 0.06875 0.0375
57 0.5 0.5 1 1
0 0.0703125 0.0921875 0.075 0.184375
36 0.8625 0.47578125 0.18125 0.3015625
36 0.7296875 0.059375 0.06875 0.0765625
37 0.86171875 0.68359375 0.253125 0.1453125
38 0.85859375 0.73359375 0.246875 0.128125
49 0.4796875 0.62578125 0.6046875 0.5640625
49 0.28046875 0.221875 0.390625 0.3609375
49 0.8578125 0.3171875 0.284375 0.303125
37 0.0984375 0.22890625 0.0890625 0.109375
38 0.08671875 0.303125 0.14375 0.0734375
36 0.61015625 0.15546875 0.1390625 0.2375