53 0.84296875 0.76875 0.3140625 0.44140625
52 0.65 0.58671875 0.0625 0.10546875
52 0.60078125 0.58828125 0.0375 0.10078125
53 0.7984375 0.584375 0.1328125 0.08203125
57 0.6203125 0.55546875 0.0765625 0.05625
54 0.5640625 0.5625 0.0421875 0.075
54 0.95390625 0.43515625 0.0265625 0.0890625
70 0.09765625 0.77890625 0.1953125 0.4421875
71 0.2625 0.22265625 0.021875 0.09140625
71 0.2515625 0.22265625 0.021875 0.08671875
71 0.21953125 0.203125 0.021875 0.09609375
71 0.17265625 0.19609375 0.021875 0.08203125
71 0.1484375 0.175 0.0328125 0.1078125
71 0.196875 0.19921875 0.01875 0.0890625
71 0.23203125 0.22421875 0.021875 0.075
71 0.18984375 0.2015625 0.0125 0.07734375
71 0.2078125 0.203125 0.0125 0.084375
59 0.50390625 0.4578125 0.0796875 0.15234375
54 0.95625 0.734375 0.0875 0.40859375