0 0.20390625 0.7 0.05 0.1328125
0 0.2625 0.728125 0.06875 0.1453125
0 0.2875 0.66171875 0.0578125 0.1265625
0 0.38359375 0.88984375 0.0953125 0.14375
0 0.1171875 0.55703125 0.025 0.0609375
0 0.5265625 0.4796875 0.0171875 0.0421875
25 0.803125 0.88828125 0.09375 0.15625
25 0.7515625 0.9 0.0515625 0.1390625
25 0.534375 0.53828125 0.0546875 0.046875
25 0.5171875 0.8671875 0.059375 0.1578125
25 0.2515625 0.9796875 0.096875 0.040625
0 0.72734375 0.55 0.053125 0.1390625
5 0.809375 0.44609375 0.021875 0.0109375
5 0.71875 0.465625 0.01875 0.0140625
5 0.7453125 0.45859375 0.0234375 0.0109375
25 0.78046875 0.81640625 0.0328125 0.059375
25 0.70859375 0.946875 0.0203125 0.0578125
25 0.6484375 0.93203125 0.075 0.1109375
25 0.575 0.5359375 0.040625 0.0328125
0 0.7765625 0.4671875 0.0453125 0.0828125
0 0.18359375 0.93984375 0.0765625 0.1203125
24 0.76796875 0.5625 0.0390625 0.0203125
24 0.3375 0.8921875 0.0484375 0.09375
24 0.7375 0.61171875 0.09375 0.034375
24 0.9625 0.6453125 0.075 0.034375
24 0.95703125 0.6265625 0.0859375 0.025
0 0.38515625 0.76328125 0.0703125 0.1703125
0 0.1921875 0.5125 0.0140625 0.040625
5 0.7375 0.23984375 0.009375 0.0046875
5 0.478125 0.34140625 0.040625 0.021875
5 0.54375 0.271875 0.0171875 0.01875
5 0.7375 0.29921875 0.0171875 0.0078125
5 0.7734375 0.25234375 0.0171875 0.0109375
5 0.8703125 0.28984375 0.01875 0.0125
5 0.85078125 0.25703125 0.015625 0.0078125
5 0.87578125 0.23203125 0.0125 0.0046875
5 0.83515625 0.228125 0.0109375 0.0046875
25 0.678125 0.93359375 0.040625 0.09375
25 0.2859375 0.534375 0.015625 0.0109375
25 0.7796875 0.5078125 0.0515625 0.021875
25 0.74296875 0.9265625 0.059375 0.09375
0 0.5390625 0.8515625 0.0875 0.2140625
0 0.90625 0.8046875 0.084375 0.215625
24 0.29375 0.878125 0.0421875 0.190625
24 0.27265625 0.88203125 0.04375 0.1546875
24 0.31796875 0.9 0.0453125 0.1078125
24 0.2359375 0.88828125 0.0796875 0.1421875
24 0.35625 0.7609375 0.0703125 0.128125
24 0.34375 0.78125 0.0875 0.121875
24 0.1265625 0.80078125 0.0828125 0.153125
24 0.665625 0.89921875 0.0265625 0.06875
25 0.38828125 0.63125 0.7578125 0.7375
0 0.50625 0.503125 0.9875 0.709375