52 0.93359375 0.56328125 0.0375 0.046875
0 0.33359375 0.51484375 0.2921875 0.940625
0 0.6671875 0.64453125 0.1640625 0.478125
0 0.6953125 0.653125 0.1453125 0.5296875
0 0.62265625 0.61171875 0.153125 0.4234375
0 0.23515625 0.61484375 0.053125 0.2171875
28 0.40390625 0.50078125 0.0859375 0.15625
28 0.4125 0.51640625 0.121875 0.234375
29 0.6796875 0.6953125 0.0453125 0.0984375
29 0.29921875 0.3203125 0.053125 0.0890625
29 0.75390625 0.7015625 0.059375 0.115625
29 0.62109375 0.609375 0.05 0.046875
0 0.41171875 0.56640625 0.0796875 0.33125
0 0.5171875 0.62109375 0.0703125 0.234375
0 0.94765625 0.471875 0.0546875 0.146875
0 0.60390625 0.5453125 0.0515625 0.1890625
0 0.56796875 0.61171875 0.0703125 0.3234375
29 0.58828125 0.62890625 0.0234375 0.034375
0 0.8453125 0.5203125 0.05 0.0890625
17 0.98203125 0.47734375 0.0296875 0.08125
0 0.50859375 0.5625 0.0765625 0.3
0 0.09921875 0.54765625 0.028125 0.1046875
0 0.53515625 0.621875 0.8875 0.6921875