33 0.39765625 0.58125 0.040625 0.1125
33 0.2796875 0.88828125 0.0484375 0.121875
33 0.69140625 0.88125 0.053125 0.1390625
5 0.5984375 0.59296875 0.603125 0.5546875
0 0.7203125 0.5140625 0.3078125 0.8
0 0.49296875 0.58359375 0.3375 0.8078125
0 0.2234375 0.62734375 0.3578125 0.7328125
0 0.5921875 0.1203125 0.128125 0.178125
0 0.64921875 0.084375 0.046875 0.109375
0 0.57734375 0.13828125 0.06875 0.1515625
0 0.353125 0.115625 0.0671875 0.1421875
0 0.33515625 0.115625 0.0375 0.1234375
0 0.09921875 0.146875 0.0640625 0.1015625
0 0.24140625 0.1109375 0.0484375 0.0875
0 0.31171875 0.128125 0.06875 0.1484375
5 0.0734375 0.17109375 0.0640625 0.075
19 0.6109375 0.21328125 0.0421875 0.0671875
33 0.2734375 0.10234375 0.009375 0.025
0 0.184375 0.11875 0.0421875 0.0890625
17 0.61328125 0.21171875 0.0421875 0.0671875
37 0.35 0.625 0.03125 0.01875
37 0.459375 0.5375 0.0328125 0.0125
5 0.64765625 0.1296875 0.103125 0.1171875
5 0.18984375 0.121875 0.0546875 0.040625
19 0.38125 0.153125 0.0234375 0.0296875