33 0.42265625 0.546875 0.01875 0.0390625
33 0.5046875 0.57421875 0.03125 0.09375
33 0.48359375 0.590625 0.05625 0.1546875
70 0.84765625 0.48515625 0.303125 0.503125
72 0.3046875 0.24453125 0.053125 0.040625
52 0.9265625 0.8046875 0.146875 0.375
52 0.71328125 0.603125 0.0765625 0.2171875
52 0.053125 0.7265625 0.103125 0.3203125
66 0.67421875 0.5078125 0.0359375 0.153125
69 0.52734375 0.40546875 0.1359375 0.0140625
33 0.5453125 0.37578125 0.0171875 0.0484375
52 0.79375 0.6890625 0.11875 0.33125
57 0.46640625 0.78828125 0.9171875 0.4171875
71 0.24375 0.6375 0.0796875 0.034375
33 0.4390625 0.546875 0.0296875 0.0421875