9 0.17734375 0.66171875 0.3546875 0.65546875
11 0.5125 0.7484375 0.1671875 0.46875
11 0.39609375 0.67890625 0.125 0.28359375
11 0.86484375 0.7484375 0.1234375 0.4734375
11 0.978125 0.68359375 0.04375 0.3421875
11 0.7796875 0.66484375 0.05625 0.3140625
11 0.36484375 0.55625 0.078125 0.0984375
11 0.653125 0.521875 0.071875 0.06796875
11 0.62265625 0.46015625 0.034375 0.0328125
11 0.64375 0.48359375 0.0515625 0.046875
11 0.75703125 0.54296875 0.04375 0.1546875
0 0.246875 0.51484375 0.2828125 0.81015625
0 0.5578125 0.40546875 0.015625 0.028125
0 0.59375 0.4015625 0.0109375 0.01875
0 0.57578125 0.40390625 0.0109375 0.02109375
11 0.51171875 0.48359375 0.03125 0.0609375
11 0.6703125 0.70390625 0.1703125 0.41484375
0 0.6625 0.40390625 0.0125 0.02109375
11 0.925 0.71171875 0.0765625 0.4171875
11 0.696875 0.54296875 0.590625 0.2625