33 0.4734375 0.78671875 0.1453125 0.2828125
33 0.31875 0.7515625 0.14375 0.2734375
33 0.1390625 0.5734375 0.0328125 0.0453125
33 0.7328125 0.453125 0.0421875 0.0890625
33 0.64140625 0.44453125 0.05 0.078125
33 0.58046875 0.43671875 0.05 0.0828125
33 0.54296875 0.43125 0.04375 0.0796875
33 0.36328125 0.4125 0.0421875 0.078125
33 0.28359375 0.40546875 0.0375 0.071875
33 0.45078125 0.41640625 0.0375 0.0765625
33 0.5046875 0.4265625 0.040625 0.078125
33 0.71171875 0.4484375 0.0421875 0.0859375
33 0.821875 0.459375 0.06875 0.1
0 0.3 0.6234375 0.3125 0.3515625
0 0.85625 0.70546875 0.284375 0.40625
35 0.17578125 0.771875 0.1546875 0.225
35 0.72734375 0.5328125 0.04375 0.0546875
35 0.4625 0.49765625 0.0421875 0.065625
35 0.57109375 0.509375 0.05 0.06875
35 0.52109375 0.50546875 0.034375 0.065625
35 0.4265625 0.49453125 0.053125 0.071875
35 0.6859375 0.52734375 0.0453125 0.06875
35 0.21796875 0.46328125 0.0390625 0.0609375
35 0.203125 0.4609375 0.0390625 0.0609375
33 0.8578125 0.46328125 0.059375 0.0984375
35 0.64296875 0.51953125 0.0546875 0.0703125
35 0.60390625 0.51328125 0.053125 0.06875
35 0.53125 0.50390625 0.0375 0.0625
0 0.0546875 0.57578125 0.109375 0.3234375
35 0.49296875 0.5 0.046875 0.0640625
35 0.4734375 0.57890625 0.803125 0.34375
33 0.48203125 0.4703125 0.9640625 0.6375