50 0.13203125 0.70625 0.0375 0.028125
50 0.15234375 0.740625 0.040625 0.0328125
50 0.16640625 0.70078125 0.0390625 0.028125
50 0.1828125 0.7328125 0.0359375 0.0265625
50 0.209375 0.67109375 0.0359375 0.0265625
0 0.115625 0.4171875 0.23125 0.528125
50 0.10078125 0.7875 0.046875 0.0359375
50 0.10390625 0.7625 0.0375 0.03125
50 0.18125 0.775 0.04375 0.034375
50 0.16875 0.91953125 0.0703125 0.053125
50 0.21484375 0.94765625 0.071875 0.065625
50 0.1421875 0.78125 0.046875 0.034375
50 0.221875 0.89921875 0.06875 0.0546875
50 0.1921875 0.87890625 0.0640625 0.0453125
51 0.91875 0.66171875 0.0484375 0.0484375
51 0.6984375 0.88828125 0.028125 0.03125
51 0.671875 0.89375 0.0296875 0.0296875
51 0.61953125 0.89375 0.0359375 0.05
51 0.5953125 0.89375 0.0359375 0.0546875
51 0.884375 0.6671875 0.04375 0.04375
51 0.76875 0.68046875 0.0515625 0.04375
51 0.8109375 0.67578125 0.0421875 0.0390625
51 0.846875 0.67265625 0.0453125 0.0421875
50 0.14765625 0.82890625 0.2453125 0.3421875