18 0.94140625 0.1265625 0.11640625 0.23125
43 0.47109375 0.55078125 0.12890625 0.10625
43 0.60703125 0.48984375 0.12890625 0.0875
52 0.10234375 0.44140625 0.19765625 0.1671875
0 0.53828125 0.278125 0.59375 0.55625
35 0.24140625 0.56953125 0.13125 0.184375
39 0.04609375 0.90390625 0.09140625 0.159375
39 0.7125 0.5734375 0.05390625 0.053125
40 0.49140625 0.6546875 0.12265625 0.0578125
40 0.42734375 0.7109375 0.15234375 0.046875
57 0.5 0.75859375 1 0.4828125
35 0.96640625 0.73828125 0.06640625 0.26875
40 0.91015625 0.69296875 0.08359375 0.0859375
40 0.23203125 0.56640625 0.2375 0.065625
38 0.53984375 0.58359375 0.06015625 0.025
43 0.31796875 0.68828125 0.1625 0.10625
46 0.52890625 0.80859375 0.13359375 0.0875
46 0.7 0.8796875 0.13515625 0.1234375
47 0.39921875 0.853125 0.13984375 0.121875