33 0.7390625 0.20703125 0.053125 0.1078125
33 0.72109375 0.20625 0.0421875 0.10625
33 0.79296875 0.20390625 0.053125 0.103125
33 0.93203125 0.2921875 0.128125 0.31875
57 0.18046875 0.7640625 0.3515625 0.471875
0 0.50234375 0.5234375 0.6015625 0.953125
35 0.05234375 0.709375 0.0828125 0.21875
68 0.68203125 0.228125 0.0828125 0.1390625
33 0.81796875 0.20390625 0.0328125 0.0921875
71 0.91015625 0.78828125 0.1796875 0.3234375
52 0.1375 0.49296875 0.18125 0.14375
52 0.3484375 0.7484375 0.1625 0.2890625