33 0.01875 0.48984375 0.0375 0.165625
70 0.82890625 0.6125 0.3421875 0.753125
68 0.3921875 0.609375 0.20546875 0.121875
69 0.08515625 0.725 0.16796875 0.0859375
74 0.17578125 0.42578125 0.03984375 0.04765625
33 0.63984375 0.12578125 0.0796875 0.02421875
33 0.49296875 0.13125 0.0296875 0.034375
33 0.671875 0.034375 0.12265625 0.02421875
38 0.15234375 0.475 0.02421875 0.04765625
38 0.1546875 0.425 0.01875 0.0640625
38 0.14140625 0.47265625 0.02109375 0.04765625
38 0.146875 0.42421875 0.01875 0.065625
38 0.13203125 0.47421875 0.01875 0.04375
38 0.12421875 0.47109375 0.015625 0.04765625
38 0.128125 0.42421875 0.0265625 0.05234375
40 0.24921875 0.6359375 0.09609375 0.05390625
65 0.57578125 0.58203125 0.20234375 0.16015625