53 0.4765625 0.79765625 0.23125 0.38359375
0 0.3 0.59375 0.3546875 0.79609375
0 0.7125 0.6171875 0.371875 0.765625
33 0.021875 0.72109375 0.0234375 0.09375
33 0.9671875 0.95078125 0.0296875 0.09765625
33 0.00703125 0.725 0.0140625 0.0875
62 0.875 0.54453125 0.0359375 0.03125
62 0.41953125 0.603125 0.0390625 0.03359375
17 0.82109375 0.871875 0.146875 0.1875
54 0.93984375 0.51640625 0.1203125 0.29609375
62 0.44140625 0.50234375 0.0265625 0.03515625
62 0.63359375 0.46328125 0.0546875 0.1
52 0.47578125 0.796875 0.225 0.40625