0 0.39296875 0.78125 0.0546875 0.4375
0 0.29921875 0.584375 0.078125 0.49375
0 0.21796875 0.540625 0.065625 0.6125
0 0.5703125 0.525 0.0125 0.21875
0 0.55703125 0.546875 0.0140625 0.14375
0 0.73984375 0.540625 0.0328125 0.25
24 0.296875 0.828125 0.03125 0.075
24 0.21953125 0.8375 0.115625 0.16875
0 0.55859375 0.80625 0.0578125 0.3875
0 0.5546875 0.49375 0.0125 0.125
0 0.66640625 0.51875 0.009375 0.1
0 0.01875 0.378125 0.015625 0.20625
24 0.75 0.625 0.0140625 0.0125
24 0.74296875 0.621875 0.028125 0.01875