42 0.6625 0.4796875 0.0328125 0.0484375
42 0.62890625 0.49609375 0.103125 0.0859375
44 0.971875 0.62890625 0.0140625 0.0140625
44 0.96875 0.6453125 0.0125 0.0125
44 0.9578125 0.64453125 0.0125 0.009375
44 0.98359375 0.63046875 0.0328125 0.0359375
41 0.659375 0.73359375 0.1328125 0.1890625
41 0.41796875 0.7640625 0.0375 0.1703125
41 0.478125 0.7703125 0.10625 0.1796875
41 0.51015625 0.61328125 0.1140625 0.1765625
41 0.365625 0.75390625 0.09375 0.196875
41 0.565625 0.76953125 0.090625 0.1625
41 0.615625 0.64140625 0.1140625 0.115625
44 0.065625 0.68046875 0.059375 0.0390625
42 0.26953125 0.54765625 0.103125 0.06875
42 0.0578125 0.63828125 0.1015625 0.096875
42 0.21015625 0.64453125 0.23125 0.1328125
42 0.36015625 0.52890625 0.028125 0.0296875
0 0.11484375 0.5109375 0.14375 0.2109375