20 0.52734375 0.7078125 0.140625 0.4421875
20 0.6703125 0.59140625 0.0859375 0.1921875
20 0.16796875 0.43828125 0.08125 0.2046875
20 0.2515625 0.3796875 0.05 0.090625
20 0.8265625 0.21015625 0.034375 0.0796875
0 0.49609375 0.5140625 0.4671875 0.8421875
0 0.6203125 0.44296875 0.2578125 0.5953125
0 0.91328125 0.40546875 0.1734375 0.4203125
0 0.97265625 0.33203125 0.053125 0.259375
0 0.9296875 0.15703125 0.121875 0.1515625
0 0.25390625 0.22890625 0.06875 0.2265625
0 0.8015625 0.1625 0.090625 0.1828125
0 0.22109375 0.3421875 0.1375 0.3765625
64 0.7015625 0.728125 0.0296875 0.0359375
64 0.23359375 0.79921875 0.0296875 0.0921875
0 0.89453125 0.1671875 0.071875 0.159375
52 0.1125 0.69921875 0.21875 0.225
52 0.8890625 0.48203125 0.209375 0.3328125
52 0.85 0.35546875 0.0796875 0.1390625
52 0.74765625 0.2078125 0.025 0.0359375
52 0.85234375 0.18984375 0.0328125 0.04375
0 0.15859375 0.41171875 0.271875 0.5578125
52 0.11640625 0.5046875 0.2328125 0.34375