8 0.18046875 0.459375 0.128125 0.1125
57 0.92421875 0.28359375 0.1296875 0.034375
10 0.49609375 0.4203125 0.1109375 0.190625
52 0.81015625 0.371875 0.046875 0.0890625
52 0.5984375 0.32421875 0.0484375 0.075
52 0.9859375 0.34765625 0.0203125 0.078125
0 0.15625 0.30390625 0.084375 0.2984375
0 0.06171875 0.31484375 0.0765625 0.296875
0 0.07109375 0.18828125 0.0390625 0.121875
0 0.14296875 0.171875 0.109375 0.115625
0 0.50078125 0.0921875 0.0546875 0.125
0 0.421875 0.08359375 0.0703125 0.128125
0 0.9 0.103125 0.0765625 0.1328125
0 0.48359375 0.25078125 0.05625 0.2328125
0 0.36328125 0.27109375 0.0921875 0.3640625
10 0.55 0.42734375 0.065625 0.1734375
21 0.75078125 0.2578125 0.0734375 0.059375
0 0.93046875 0.2484375 0.0953125 0.2859375
0 0.56796875 0.2171875 0.075 0.153125
52 0.3171875 0.378125 0.025 0.1359375
0 0.03203125 0.29453125 0.0640625 0.3421875
8 0.628125 0.3625 0.046875 0.10625
8 0.92734375 0.36015625 0.05 0.1
8 0.31484375 0.41171875 0.0875 0.0625
0 0.01796875 0.1640625 0.0359375 0.103125
0 0.5359375 0.2796875 0.925 0.521875