0 0.49140625 0.6265625 0.278125 0.6734375
0 0.8890625 0.69765625 0.215625 0.4984375
0 0.94296875 0.67890625 0.1140625 0.5546875
0 0.04140625 0.36875 0.0828125 0.303125
0 0.81796875 0.27734375 0.0546875 0.0890625
0 0.59765625 0.31015625 0.0640625 0.08125
0 0.9140625 0.2828125 0.075 0.096875
0 0.7875 0.44453125 0.0609375 0.078125
28 0.5078125 0.290625 0.1796875 0.2328125
0 0.60546875 0.3921875 0.053125 0.1765625
0 0.35390625 0.31328125 0.0625 0.0875
0 0.30703125 0.31640625 0.0484375 0.0859375
0 0.2375 0.30625 0.04375 0.06875
29 0.821875 0.65 0.0234375 0.0546875
0 0.18984375 0.31171875 0.0390625 0.0921875
0 0.49921875 0.27109375 0.9984375 0.5421875