64 0.8328125 0.89296875 0.1046875 0.0515625
52 0.25625 0.66796875 0.3265625 0.3515625
0 0.21328125 0.4515625 0.390625 0.784375
0 0.48046875 0.43671875 0.3234375 0.6140625
0 0.84453125 0.48515625 0.3109375 0.9234375
37 0.603125 0.88125 0.0203125 0.0390625
38 0.27578125 0.84609375 0.075 0.0796875
37 0.55859375 0.865625 0.0375 0.053125
37 0.590625 0.8640625 0.05 0.0203125
57 0.5125 0.83515625 0.975 0.3296875
37 0.57578125 0.88046875 0.0171875 0.0203125
39 0.3109375 0.82890625 0.0578125 0.084375
51 0.4984375 0.7515625 0.221875 0.2109375
52 0.99296875 0.8265625 0.0140625 0.24375