52 0.38828125 0.303125 0.265625 0.20625
57 0.64453125 0.74453125 0.7109375 0.5078125
0 0.6484375 0.32734375 0.5640625 0.578125
0 0.20078125 0.5390625 0.353125 0.715625
0 0.15390625 0.14609375 0.2140625 0.2234375
0 0.08125 0.128125 0.1125 0.125
40 0.9453125 0.7421875 0.109375 0.125
0 0.54375 0.17578125 0.134375 0.2703125
0 0.04609375 0.19375 0.0921875 0.159375
0 0.671875 0.04375 0.06875 0.05
36 0.37265625 0.390625 0.0578125 0.053125
36 0.3796875 0.428125 0.0453125 0.0125
51 0.38359375 0.49921875 0.03125 0.025
52 0.07578125 0.22109375 0.06875 0.0609375
52 0.08125 0.2921875 0.1125 0.0984375
52 0.16484375 0.81953125 0.2921875 0.3609375
0 0.73828125 0.10234375 0.0578125 0.121875