0 0.09140625 0.5578125 0.01484375 0.0265625
0 0.05 0.5515625 0.03359375 0.0671875
0 0.01484375 0.55703125 0.02890625 0.06875
0 0.23671875 0.5484375 0.02265625 0.0484375
31 0.725 0.59609375 0.26015625 0.4046875
31 0.60078125 0.4984375 0.27265625 0.5125
31 0.66484375 0.56171875 0.28984375 0.4265625
31 0.50703125 0.4578125 0.17890625 0.2734375
31 0.421875 0.5390625 0.21640625 0.35625
31 0.446875 0.44453125 0.18359375 0.2140625
0 0.321875 0.53828125 0.01015625 0.021875
0 0.33125 0.54453125 0.02109375 0.0234375
0 0.30234375 0.5390625 0.00859375 0.0109375
0 0.221875 0.56171875 0.01484375 0.0234375
0 0.178125 0.5390625 0.0125 0.009375
0 0.31328125 0.5390625 0.01484375 0.015625
31 0.52421875 0.4328125 0.14609375 0.2203125
0 0.115625 0.5421875 0.01015625 0.00625
0 0.31484375 0.55703125 0.01640625 0.01875
31 0.44375 0.6078125 0.17734375 0.334375
31 0.378125 0.496875 0.05859375 0.1296875
0 0.13671875 0.5 0.00625 0.00625
0 0.14765625 0.50078125 0.025 0.0171875