40 0.52734375 0.5 0.8859375 1
46 0.5703125 0.73671875 0.0828125 0.128125
46 0.3609375 0.64921875 0.0875 0.115625
47 0.534375 0.78984375 0.0765625 0.1109375
47 0.76875 0.46015625 0.0390625 0.065625
47 0.7203125 0.29296875 0.034375 0.05
47 0.33984375 0.4359375 0.0484375 0.0640625
47 0.54609375 0.571875 0.0703125 0.059375
47 0.4796875 0.7703125 0.0390625 0.05625
46 0.3078125 0.5734375 0.0484375 0.0640625
46 0.39609375 0.309375 0.1 0.0875
46 0.64140625 0.21328125 0.025 0.03125
46 0.48515625 0.50078125 0.0421875 0.05625
46 0.49765625 0.28828125 0.0640625 0.090625
46 0.703125 0.73203125 0.0421875 0.084375
46 0.5375 0.1765625 0.0625 0.075
46 0.24609375 0.44921875 0.09375 0.1109375
47 0.38984375 0.515625 0.06875 0.071875
47 0.44140625 0.55234375 0.084375 0.0640625