39 0.53515625 0.3234375 0.54375 0.278125
47 0.35859375 0.528125 0.1109375 0.084375
40 0.50546875 0.53046875 0.7015625 0.4859375
47 0.5203125 0.68828125 0.10625 0.0546875
47 0.71953125 0.67265625 0.075 0.0703125
47 0.73203125 0.534375 0.0640625 0.0359375
47 0.80078125 0.55625 0.06875 0.0734375
47 0.33359375 0.3984375 0.0515625 0.034375
47 0.28828125 0.41015625 0.0609375 0.0359375
36 0.234375 0.16875 0.315625 0.3375
36 0.6015625 0.19140625 0.2671875 0.2359375
38 0.87265625 0.3515625 0.2546875 0.134375
47 0.54140625 0.36328125 0.09375 0.053125
47 0.4640625 0.6265625 0.1140625 0.0796875
47 0.79296875 0.621875 0.053125 0.0734375
47 0.6828125 0.6140625 0.0703125 0.0703125
0 0.8828125 0.62890625 0.234375 0.4734375