1 0.684375 0.49609375 0.04609375 0.05859375
1 0.27265625 0.753125 0.08828125 0.2453125
12 0.178125 0.4921875 0.1921875 0.20234375
12 0.37109375 0.48671875 0.09609375 0.13359375
12 0.5203125 0.45234375 0.0859375 0.053125
12 0.4203125 0.47734375 0.06796875 0.10703125
12 0.72890625 0.41484375 0.04609375 0.04296875
12 0.4921875 0.425 0.04765625 0.04296875
12 0.02578125 0.4609375 0.0515625 0.096875
79 0.55390625 0.190625 0.0421875 0.17890625
79 0.496875 0.175 0.03984375 0.1359375
79 0.4109375 0.16796875 0.04609375 0.1359375
17 0.72265625 0.615625 0.1203125 0.21875
17 0.56484375 0.73984375 0.084375 0.14375
0 0.3671875 0.75859375 0.14375 0.4828125
0 0.28984375 0.58671875 0.09765625 0.35234375
0 0.78125 0.465625 0.05234375 0.13828125
0 0.47578125 0.54921875 0.078125 0.21328125
0 0.74375 0.7078125 0.21015625 0.57578125
0 0.58984375 0.7828125 0.15234375 0.41328125
0 0.0609375 0.60703125 0.09765625 0.4078125
0 0.9796875 0.4921875 0.03984375 0.0796875
0 0.684375 0.45078125 0.04609375 0.1359375
1 0.475 0.62421875 0.07578125 0.15703125
79 0.3453125 0.1921875 0.034375 0.1171875
4 0.42734375 0.4109375 0.02421875 0.08515625
0 0.21015625 0.4453125 0.02421875 0.03984375
0 0.353125 0.45859375 0.01796875 0.02421875
1 0.0578125 0.7640625 0.10390625 0.2453125
1 0.98046875 0.48359375 0.0390625 0.0984375
12 0.8421875 0.4171875 0.015625 0.01875
79 0.5 0.309375 0.05234375 0.06953125
12 0.56875 0.4296875 0.06015625 0.03203125
12 0.80703125 0.428125 0.01796875 0.0265625
12 0.0578125 0.4109375 0.115625 0.05078125