54 0.8921875 0.609375 0.215625 0.396875
1 0.346875 0.53984375 0.0375 0.0703125
12 0.43984375 0.5140625 0.1140625 0.1453125
30 0.61875 0.79921875 0.078125 0.059375
30 0.19921875 0.740625 0.0640625 0.046875
30 0.4890625 0.6703125 0.028125 0.01875
17 0.86953125 0.559375 0.0421875 0.0734375
19 0.79765625 0.61640625 0.0421875 0.1078125
19 0.646875 0.56171875 0.0703125 0.109375
19 0.128125 0.49375 0.0171875 0.040625
19 0.365625 0.5015625 0.01875 0.0359375
19 0.325 0.53671875 0.0203125 0.0375
0 0.65234375 0.6359375 0.1203125 0.35625
0 0.771875 0.63515625 0.09375 0.271875
0 0.490625 0.5734375 0.071875 0.2125
0 0.53828125 0.53203125 0.04375 0.1296875
0 0.596875 0.52578125 0.0328125 0.109375
0 0.25078125 0.58046875 0.1 0.21875
0 0.1765625 0.59921875 0.125 0.34375
0 0.10625 0.503125 0.065625 0.1703125
0 0.56328125 0.53359375 0.075 0.16875
0 0.36953125 0.5265625 0.040625 0.115625
12 0.64921875 0.52421875 0.0578125 0.0796875
79 0.65703125 0.40703125 0.009375 0.0171875
79 0.61875 0.4 0.009375 0.0171875
79 0.60390625 0.4 0.0078125 0.0171875
79 0.684375 0.33203125 0.03125 0.065625
17 0.65546875 0.5640625 0.0875 0.1109375
17 0.18828125 0.5125 0.0640625 0.0859375
30 0.36171875 0.66953125 0.4734375 0.3265625
54 0.74375 0.56015625 0.0515625 0.059375
0 0.08359375 0.48671875 0.0484375 0.134375
79 0.4203125 0.02734375 0.059375 0.0546875
19 0.059375 0.49296875 0.0234375 0.0734375
19 0.2828125 0.48046875 0.0109375 0.0125
0 0.04609375 0.5140625 0.0671875 0.1734375
0 0.63359375 0.48671875 0.01875 0.053125
19 0.265625 0.44140625 0.00625 0.0140625
30 0.6765625 0.65546875 0.0234375 0.01875
0 0.46640625 0.5609375 0.9328125 0.359375