12 0.8078125 0.6109375 0.0375 0.034375
12 0.8421875 0.684375 0.0921875 0.1296875
79 0.62265625 0.32109375 0.06875 0.1703125
79 0.6625 0.32734375 0.053125 0.1390625
2 0.83671875 0.7625 0.034375 0.075
0 0.76015625 0.7625 0.134375 0.340625
0 0.7 0.625 0.021875 0.0609375
12 0.80390625 0.6640625 0.0421875 0.071875
12 0.83828125 0.615625 0.025 0.0265625
67 0.84296875 0.6828125 0.1 0.11875
0 0.82578125 0.615625 0.009375 0.0265625
12 0.89140625 0.721875 0.146875 0.1546875
12 0.95703125 0.659375 0.046875 0.046875
12 0.7921875 0.61875 0.0375 0.0296875
12 0.671875 0.6078125 0.025 0.0390625
12 0.97109375 0.665625 0.0234375 0.046875
12 0.93203125 0.64609375 0.040625 0.05
12 0.85546875 0.62109375 0.0140625 0.015625
12 0.87265625 0.61875 0.0265625 0.021875
0 0.68671875 0.6203125 0.025 0.06875
12 0.890625 0.63671875 0.0203125 0.0265625
54 0.46796875 0.69375 0.046875 0.096875
54 0.57890625 0.68515625 0.0578125 0.0578125