52 0.34765625 0.296875 0.05859375 0.0515625
57 0.49921875 0.75859375 0.99765625 0.4546875
57 0.17734375 0.31640625 0.29140625 0.14375
0 0.30390625 0.22421875 0.21640625 0.1953125
36 0.9296875 0.5375 0.140625 0.20625
36 0.19765625 0.73515625 0.12265625 0.1109375
39 0.10234375 0.834375 0.20234375 0.096875
39 0.453125 0.65859375 0.07109375 0.125
0 0.96875 0.19765625 0.0625 0.1234375
0 0.05234375 0.40703125 0.10390625 0.403125
39 0.45859375 0.959375 0.125 0.08125
51 0.49609375 0.80625 0.36875 0.178125
0 0.553125 0.3421875 0.89375 0.646875
57 0.9375 0.309375 0.125 0.1859375