33 0.4234375 0.14765625 0.03359375 0.1828125
36 0.57578125 0.24296875 0.10546875 0.278125
36 0.7859375 0.253125 0.14375 0.30625
36 0.94765625 0.29453125 0.09375 0.359375
36 0.690625 0.23671875 0.05859375 0.26875
38 0.7109375 0.71953125 0.57734375 0.0921875
39 0.68828125 0.80625 0.62265625 0.0921875
49 0.5140625 0.5234375 0.91328125 0.309375
0 0.09609375 0.234375 0.18203125 0.4546875
0 0.2078125 0.12734375 0.30390625 0.2546875
0 0.79609375 0.06328125 0.34375 0.1265625
36 0.4890625 0.19375 0.0515625 0.128125
49 0.35390625 0.2953125 0.36875 0.0890625
57 0.5125 0.525 0.975 0.925