0 0.4375 0.5 0.696875 1
0 0.75234375 0.22421875 0.3328125 0.4484375
0 0.8640625 0.52421875 0.271875 0.9109375
0 0.12265625 0.11015625 0.109375 0.1765625
0 0.21953125 0.08828125 0.040625 0.1265625
0 0.2765625 0.271875 0.175 0.515625
75 0.653125 0.58046875 0.6140625 0.6625
0 0.59921875 0.0515625 0.0734375 0.103125
0 0.8765625 0.11953125 0.103125 0.2390625
0 0.17578125 0.07421875 0.0515625 0.10625
19 0.92890625 0.83515625 0.1421875 0.2765625
36 0.7 0.3875 0.0703125 0.0890625
0 0.01953125 0.10234375 0.0390625 0.1421875