45 0.7265625 0.7234375 0.08125 0.065625
0 0.76953125 0.83515625 0.1265625 0.3296875
0 0.93125 0.846875 0.1375 0.30625
0 0.39375 0.7359375 0.009375 0.034375
0 0.4171875 0.73359375 0.0109375 0.0359375
72 0.2703125 0.0953125 0.0375 0.05859375
72 0.21171875 0.10078125 0.025 0.06796875
0 0.3796875 0.73359375 0.0140625 0.040625
19 0.93203125 0.9296875 0.1046875 0.1203125
0 0.4609375 0.71640625 0.0125 0.01796875
0 0.559375 0.740625 0.009375 0.0296875
0 0.2859375 0.73046875 0.0109375 0.02265625
12 0.60234375 0.728125 0.040625 0.03203125