52 0.3640625 0.525 0.3859375 0.44765625
53 0.778125 0.703125 0.440625 0.57265625
53 0.3671875 0.51015625 0.3609375 0.39609375
53 0.471875 0.5875 0.115625 0.29765625
57 0.35859375 0.8375 0.4484375 0.29765625
0 0.35703125 0.478125 0.3390625 0.49609375
35 0.4875 0.8875 0.059375 0.18125
35 0.36875 0.67109375 0.0421875 0.12890625
40 0.2875 0.909375 0.1734375 0.15
42 0.3125 0.89140625 0.0390625 0.04609375
40 0.23046875 0.75859375 0.1328125 0.08515625
71 0.04921875 0.61640625 0.040625 0.02890625
42 0.2890625 0.9390625 0.1 0.121875
70 0.359375 0.17734375 0.06875 0.18984375
71 0.05078125 0.609375 0.0265625 0.025
71 0.04296875 0.6 0.0453125 0.02890625
71 0.0390625 0.590625 0.046875 0.02265625
71 0.040625 0.578125 0.0390625 0.02734375
71 0.028125 0.57265625 0.0546875 0.02265625