33 0.334375 0.08046875 0.071875 0.146875
33 0.9015625 0.57734375 0.153125 0.18125
70 0.5 0.4921875 1 0.984375
0 0.48359375 0.58046875 0.371875 0.8171875
33 0.4078125 0.0875 0.0734375 0.1328125
33 0.32421875 0.52578125 0.09375 0.0828125
33 0.6546875 0.5390625 0.0609375 0.134375
33 0.6796875 0.0921875 0.08125 0.175
42 0.7 0.328125 0.0859375 0.065625
33 0.9375 0.11796875 0.125 0.2109375
33 0.28359375 0.08125 0.0578125 0.1296875
33 0.746875 0.77109375 0.096875 0.1
36 0.2640625 0.125 0.06875 0.0640625
44 0.80234375 0.271875 0.0765625 0.059375
44 0.79375 0.35703125 0.0828125 0.0609375