0 0.0953125 0.57890625 0.015625 0.0265625
0 0.053125 0.575 0.0375 0.06875
0 0.01875 0.58203125 0.0328125 0.0703125
0 0.23984375 0.5625 0.025 0.05
31 0.7296875 0.584375 0.28125 0.4171875
31 0.60078125 0.49296875 0.2984375 0.5265625
31 0.66796875 0.553125 0.3125 0.440625
31 0.5046875 0.4578125 0.19375 0.2828125
31 0.42421875 0.54296875 0.234375 0.3671875
31 0.44375 0.44765625 0.1953125 0.2234375
0 0.32421875 0.54765625 0.0109375 0.021875
0 0.33359375 0.553125 0.021875 0.025
0 0.3046875 0.54921875 0.009375 0.0109375
0 0.22578125 0.5765625 0.015625 0.0234375
0 0.18046875 0.55546875 0.0125 0.009375
0 0.315625 0.5484375 0.015625 0.015625
31 0.5203125 0.43125 0.1578125 0.228125
0 0.11875 0.5625 0.0109375 0.00625
0 0.31796875 0.56640625 0.0171875 0.0203125
31 0.44921875 0.6109375 0.1953125 0.34375
31 0.378125 0.503125 0.065625 0.1328125
0 0.1375 0.51875 0.00625 0.00625
0 0.1484375 0.51953125 0.0265625 0.01875