33 0.38671875 0.0703125 0.0890625 0.140625
33 0.8890625 0.62578125 0.1734375 0.196875
70 0.5 0.5 1 1
0 0.4734375 0.5765625 0.465625 0.846875
33 0.459375 0.07890625 0.0890625 0.140625
33 0.321875 0.50390625 0.103125 0.09375
33 0.64921875 0.5578125 0.0765625 0.140625
33 0.728125 0.1171875 0.1015625 0.18125
42 0.71953125 0.35390625 0.0921875 0.075
33 0.953125 0.175 0.09375 0.225
33 0.33515625 0.0625 0.0734375 0.125
33 0.71171875 0.79921875 0.1078125 0.1109375
36 0.3109375 0.09921875 0.075 0.071875
44 0.828125 0.3109375 0.0828125 0.0671875
44 0.80859375 0.39375 0.0890625 0.0703125