54 0.30078125 0.315625 0.203125 0.209375
54 0.434375 0.2953125 0.165625 0.196875
54 0.115625 0.32109375 0.2140625 0.1609375
41 0.55546875 0.34609375 0.2015625 0.0765625
42 0.36328125 0.38984375 0.1 0.078125
42 0.4171875 0.37421875 0.0765625 0.0796875
42 0.25078125 0.40390625 0.0890625 0.0734375
44 0.046875 0.43203125 0.09375 0.1140625
60 0.6640625 0.73046875 0.540625 0.3890625
61 0.94296875 0.76796875 0.1140625 0.0609375
71 0.21171875 0.84375 0.3734375 0.190625
71 0.14296875 0.93515625 0.21875 0.10625
19 0.875 0.59375 0.25 0.29375
44 0.14921875 0.43046875 0.153125 0.1046875