54 0.3953125 0.3 0.159375 0.23125
33 0.30625 0.596875 0.0359375 0.1140625
52 0.34296875 0.84375 0.36171875 0.290625
52 0.08046875 0.6125 0.1546875 0.0765625
52 0.5875 0.80703125 0.20703125 0.35625
57 0.33125 0.79453125 0.6609375 0.4109375
33 0.71328125 0.4359375 0.02265625 0.0390625
33 0.73984375 0.43828125 0.02265625 0.025
36 0.25859375 0.63515625 0.05 0.05625
38 0.91875 0.446875 0.0421875 0.0390625
39 0.90078125 0.41015625 0.0359375 0.0875
33 0.2984375 0.5828125 0.01875 0.0640625
35 0.08125 0.34375 0.025 0.0578125
35 0.0578125 0.3453125 0.025 0.05625
36 0.465625 0.6515625 0.04375 0.0421875
36 0.08125 0.4421875 0.02734375 0.03125
36 0.04921875 0.4421875 0.01484375 0.0296875
40 0.93515625 0.5015625 0.0625 0.0296875
40 0.05234375 0.52109375 0.10234375 0.053125
35 0.02734375 0.34375 0.02265625 0.059375
35 0.00625 0.3453125 0.0125 0.0578125
35 0.04296875 0.34453125 0.01484375 0.0578125
35 0.01484375 0.34453125 0.01015625 0.0578125
52 0.14296875 0.57578125 0.16953125 0.0953125
36 0.02421875 0.44453125 0.02734375 0.0265625
36 0.0625 0.44140625 0.01484375 0.025