20 0.34765625 0.41171875 0.1484375 0.1296875
0 0.290625 0.4359375 0.58125 0.778125
0 0.61875 0.4703125 0.7625 0.809375
36 0.95546875 0.77109375 0.0890625 0.1734375
0 0.9375 0.29140625 0.1203125 0.3421875
35 0.08046875 0.76328125 0.053125 0.1265625
36 0.540625 0.77109375 0.128125 0.240625
38 0.92578125 0.91015625 0.08125 0.0328125
46 0.55546875 0.8875 0.0390625 0.034375
57 0.5984375 0.846875 0.775 0.30625
36 0.81796875 0.8296875 0.15625 0.2734375
37 0.753125 0.84921875 0.0703125 0.05625
38 0.1890625 0.81953125 0.115625 0.075
52 0.56953125 0.53515625 0.403125 0.5171875