3 0.51796875 0.39921875 0.0765625 0.059375
0 0.19609375 0.803125 0.3796875 0.39375
0 0.38671875 0.8171875 0.2578125 0.365625
0 0.790625 0.74375 0.1640625 0.2921875
0 0.55 0.65 0.0609375 0.065625
0 0.2578125 0.68203125 0.1125 0.16875
0 0.51328125 0.71953125 0.1046875 0.259375
0 0.47265625 0.715625 0.128125 0.225
0 0.88984375 0.725 0.0953125 0.2609375
36 0.07109375 0.98203125 0.0734375 0.0359375
0 0.61796875 0.75390625 0.165625 0.290625
0 0.96640625 0.7546875 0.0671875 0.275
0 0.71328125 0.728125 0.0953125 0.265625
0 0.05859375 0.6859375 0.0984375 0.146875
0 0.0625 0.79296875 0.109375 0.1484375
17 0.55859375 0.759375 0.0265625 0.053125
0 0.48671875 0.7375 0.965625 0.328125