52 0.915625 0.77578125 0.06875 0.31015625
52 0.91171875 0.628125 0.0703125 0.14296875
52 0.83671875 0.60546875 0.034375 0.11015625
52 0.8609375 0.6140625 0.03125 0.11953125
0 0.325 0.4140625 0.30625 0.82421875
0 0.15703125 0.56953125 0.203125 0.33359375
0 0.95234375 0.8046875 0.0953125 0.390625
0 0.60703125 0.62109375 0.49375 0.63359375
0 0.7859375 0.51875 0.071875 0.12421875
38 0.1984375 0.88046875 0.178125 0.05390625
38 0.23984375 0.6921875 0.0328125 0.04453125
49 0.3703125 0.89453125 0.325 0.1875
49 0.5 0.76875 0.15625 0.07265625
57 0.46171875 0.84140625 0.9234375 0.3171875
57 0.91875 0.575 0.121875 0.03515625
0 0.084375 0.87890625 0.165625 0.13125
36 0.0890625 0.75390625 0.0546875 0.159375
36 0.03125 0.77578125 0.0625 0.16875
36 0.671875 0.87265625 0.0875 0.2546875
52 0.98359375 0.59140625 0.0328125 0.05390625
57 0.89609375 0.74765625 0.0703125 0.12421875
33 0.86640625 0.96328125 0.025 0.07265625
36 0.734375 0.95078125 0.115625 0.0984375
36 0.1140625 0.6875 0.0390625 0.1171875