20 0.36171875 0.39140625 0.134375 0.1125
0 0.30078125 0.4078125 0.4875 0.71796875
0 0.64375 0.48984375 0.7125 0.71640625
36 0.92890625 0.834375 0.0984375 0.1609375
0 0.9625 0.3546875 0.075 0.334375
35 0.04765625 0.70234375 0.0359375 0.1234375
36 0.50234375 0.77421875 0.096875 0.2296875
38 0.86484375 0.965625 0.078125 0.02265625
46 0.50078125 0.89140625 0.0359375 0.02890625
57 0.54609375 0.8765625 0.7484375 0.2421875
36 0.76875 0.8703125 0.121875 0.25859375
37 0.70234375 0.88125 0.0640625 0.04765625
38 0.14765625 0.7734375 0.1078125 0.06015625
52 0.5640625 0.54453125 0.340625 0.47421875