33 0.353125 0.6703125 0.0453125 0.1421875
33 0.47265625 0.71484375 0.025 0.025
53 0.575 0.853125 0.5875 0.29375
56 0.0796875 0.35234375 0.159375 0.6578125
0 0.8546875 0.20703125 0.1546875 0.403125
0 0.46328125 0.47109375 0.2890625 0.5484375
0 0.34453125 0.2796875 0.084375 0.175
0 0.17421875 0.2421875 0.0875 0.1546875
5 0.31171875 0.55 0.203125 0.1796875
35 0.40625 0.4015625 0.040625 0.0953125
19 0.45546875 0.6 0.0859375 0.06875
5 0.2015625 0.32109375 0.1265625 0.2265625
0 0.15234375 0.1890625 0.0359375 0.0625
0 0.165625 0.134375 0.0390625 0.065625
0 0.39453125 0.3875 0.1078125 0.14375
0 0.2828125 0.36796875 0.128125 0.215625
56 0.55859375 0.21171875 0.8703125 0.4234375
5 0.64296875 0.5234375 0.140625 0.4
19 0.3046875 0.43125 0.059375 0.071875
0 0.22265625 0.23984375 0.0484375 0.16875