10 0.4296875 0.59921875 0.184375 0.1625
10 0.59140625 0.56328125 0.1296875 0.140625
10 0.796875 0.50078125 0.084375 0.15234375
10 0.72734375 0.5140625 0.075 0.14609375
0 0.08515625 0.509375 0.153125 0.575
0 0.0859375 0.44296875 0.0734375 0.25859375
0 0.1828125 0.48984375 0.0921875 0.34453125
0 0.2796875 0.41484375 0.0984375 0.23828125
0 0.24921875 0.35390625 0.0296875 0.10859375
0 0.375 0.38671875 0.0859375 0.21640625
0 0.46171875 0.3734375 0.096875 0.23828125
0 0.57265625 0.49375 0.1484375 0.3046875
0 0.5265625 0.33671875 0.053125 0.1
20 0.88671875 0.29453125 0.00625 0.021875
0 0.58359375 0.321875 0.0671875 0.07578125
0 0.66640625 0.30859375 0.0578125 0.08984375
0 0.796875 0.321875 0.0390625 0.0921875
10 0.2828125 0.634375 0.225 0.20859375
20 0.74453125 0.3328125 0.0125 0.0296875
20 0.67734375 0.3484375 0.009375 0.0140625
20 0.8296875 0.30859375 0.003125 0.01015625
20 0.465625 0.3296875 0.009375 0.028125
20 0.3859375 0.36171875 0.0109375 0.03203125
20 0.28515625 0.359375 0.01875 0.01015625
20 0.19765625 0.39296875 0.00625 0.021875
20 0.96796875 0.3328125 0.0078125 0.0203125
20 0.928125 0.340625 0.00625 0.01640625
20 0.52109375 0.3453125 0.0078125 0.02578125
20 0.95 0.2796875 0.009375 0.03984375
0 0.71484375 0.35078125 0.05 0.20234375
20 0.80546875 0.4171875 0.0046875 0.01015625
0 0.6390625 0.45703125 0.71875 0.509375