23 0.3078125 0.54609375 0.0796875 0.20625
23 0.58046875 0.56796875 0.109375 0.18515625
23 0.4125 0.5796875 0.0546875 0.1125
23 0.50546875 0.5890625 0.053125 0.0984375
0 0.803125 0.453125 0.3421875 0.56328125
0 0.16328125 0.46796875 0.2203125 0.47890625
0 0.571875 0.546875 0.1125 0.22265625
0 0.3265625 0.54609375 0.065625 0.20859375
0 0.47265625 0.58828125 0.0375 0.09375
0 0.43046875 0.55546875 0.0171875 0.0421875
12 0.44375 0.60078125 0.0421875 0.06796875
23 0.4703125 0.59609375 0.01875 0.06796875
0 0.40390625 0.53203125 0.05 0.03984375
0 0.50625 0.53203125 0.03125 0.046875
23 0.165625 0.475 0.2375 0.490625
23 0.8109375 0.490625 0.26875 0.56796875