43 0.26953125 0.4640625 0.440625 0.4875
57 0.50078125 0.49296875 0.9984375 0.96875
37 0.5625 0.715625 0.4484375 0.3734375
41 0.55078125 0.51640625 0.4390625 0.1640625
42 0.584375 0.403125 0.2046875 0.1875
44 0.42421875 0.66015625 0.09375 0.1046875
44 0.4125 0.71796875 0.121875 0.065625
44 0.46953125 0.6765625 0.075 0.0625
44 0.49765625 0.62265625 0.08125 0.0359375
44 0.62265625 0.63046875 0.0875 0.0984375
44 0.51484375 0.66328125 0.075 0.040625
44 0.55859375 0.63359375 0.0484375 0.05
44 0.5453125 0.68984375 0.1 0.0671875
36 0.8796875 0.36484375 0.240625 0.259375