9 0.61328125 0.696875 0.16640625 0.253125
9 0.38359375 0.69296875 0.17109375 0.265625
0 0.61171875 0.5734375 0.203125 0.2484375
0 0.3765625 0.5671875 0.2125 0.275
0 0.103125 0.6625 0.10390625 0.071875
0 0.15234375 0.6125 0.04140625 0.0390625
0 0.22734375 0.60703125 0.04140625 0.0296875
0 0.28984375 0.6109375 0.053125 0.0953125
5 0.06953125 0.6828125 0.03203125 0.0328125
0 0.07890625 0.58515625 0.01171875 0.0234375
0 0.1828125 0.6 0.01640625 0.01875
0 0.19375 0.6125 0.04140625 0.0140625
0 0.10859375 0.60234375 0.0390625 0.078125
0 0.06953125 0.60078125 0.02109375 0.059375
0 0.72890625 0.56171875 0.0140625 0.0171875