27 0.62109375 0.596875 0.428125 0.6046875
0 0.4171875 0.51171875 0.365625 0.9765625
0 0.06328125 0.303125 0.1265625 0.471875
0 0.19609375 0.1609375 0.01875 0.0671875
0 0.56640625 0.1984375 0.040625 0.1203125
0 0.90703125 0.17734375 0.0203125 0.046875
0 0.9265625 0.17734375 0.0234375 0.04375
0 0.8015625 0.15625 0.015625 0.0359375
0 0.303125 0.190625 0.0234375 0.05625
12 0.00546875 0.14921875 0.0109375 0.0296875
27 0.1609375 0.12578125 0.0375 0.0578125
0 0.25390625 0.2046875 0.078125 0.21875
0 0.6546875 0.171875 0.0171875 0.0546875
17 0.02890625 0.4234375 0.0578125 0.065625
0 0.5953125 0.15078125 0.0109375 0.0328125
0 0.4765625 0.1578125 0.0171875 0.0484375
0 0.1296875 0.26484375 0.15 0.4234375
0 0.6109375 0.1625 0.70625 0.259375