12 0.371875 0.7765625 0.10390625 0.1234375
12 0.54921875 0.7609375 0.10625 0.09609375
12 0.4328125 0.75234375 0.03984375 0.0390625
12 0.27890625 0.76875 0.05234375 0.0359375
12 0.04609375 0.78671875 0.0578125 0.0484375
12 0.01875 0.78359375 0.034375 0.0390625
12 0.11484375 0.75703125 0.0796875 0.0390625
79 0.13671875 0.3171875 0.04765625 0.05703125
79 0.140625 0.490625 0.04609375 0.0328125
2 0.70078125 0.74140625 0.0140625 0.0390625
12 0.0703125 0.7640625 0.021875 0.02109375
12 0.315625 0.74921875 0.0140625 0.01484375
67 0.37109375 0.77890625 0.10625 0.1203125
79 0.44609375 0.47578125 0.0421875 0.06875
79 0.08984375 0.1078125 0.0578125 0.1140625