33 0.51171875 0.5828125 0.0609375 0.15625
72 0.53671875 0.04296875 0.0390625 0.05625
57 0.559375 0.73671875 0.715625 0.5265625
57 0.57734375 0.4171875 0.246875 0.2
0 0.3859375 0.39609375 0.26875 0.45
0 0.3 0.57890625 0.6 0.8296875
0 0.66015625 0.275 0.159375 0.2015625
0 0.50625 0.24765625 0.071875 0.1875
37 0.65703125 0.77109375 0.1078125 0.1046875
37 0.72265625 0.60390625 0.046875 0.0359375
39 0.7578125 0.68203125 0.096875 0.0640625
39 0.55 0.73046875 0.0859375 0.046875
0 0.7671875 0.3828125 0.3890625 0.528125
36 0.40546875 0.60390625 0.0390625 0.0640625
37 0.41796875 0.52578125 0.03125 0.021875
40 0.4984375 0.74375 0.190625 0.125
40 0.459375 0.5953125 0.0734375 0.078125
52 0.59140625 0.26875 0.0328125 0.0421875
52 0.70703125 0.34609375 0.04375 0.0828125
52 0.05546875 0.40859375 0.1109375 0.2140625
57 0.55859375 0.30625 0.071875 0.0671875
0 0.1453125 0.13125 0.134375 0.2625
0 0.08125 0.22578125 0.1296875 0.19375
38 0.753125 0.70546875 0.1 0.059375
38 0.38828125 0.5953125 0.0921875 0.0296875
38 0.32421875 0.6671875 0.0390625 0.0109375
38 0.546875 0.7671875 0.0421875 0.05
38 0.60234375 0.55546875 0.0140625 0.015625
52 0.23515625 0.59609375 0.0375 0.1234375
37 0.6390625 0.37890625 0.0421875 0.0203125
39 0.7125 0.61171875 0.0140625 0.015625