12 0.90390625 0.76484375 0.1625 0.30625
0 0.334375 0.496875 0.41875 0.665625
0 0.58203125 0.53046875 0.3640625 0.609375
0 0.7578125 0.60546875 0.2984375 0.64375
0 0.58515625 0.33359375 0.090625 0.1390625
0 0.07578125 0.26796875 0.121875 0.2234375
0 0.5015625 0.30078125 0.071875 0.084375
0 0.88203125 0.365625 0.0703125 0.0765625
0 0.2484375 0.2578125 0.1609375 0.1671875
4 0.6140625 0.52421875 0.1953125 0.2875
4 0.78046875 0.56015625 0.2015625 0.2796875
0 0.9140625 0.43359375 0.0890625 0.1625
0 0.2 0.27734375 0.0953125 0.209375
0 0.3359375 0.2390625 0.0875 0.0953125
0 0.46640625 0.2890625 0.0625 0.0625
20 0.6421875 0.3734375 0.040625 0.0453125
20 0.73203125 0.409375 0.04375 0.0390625
23 0.221875 0.571875 0.44375 0.45
0 0.121875 0.27109375 0.0921875 0.2078125
0 0.64140625 0.61796875 0.7171875 0.7640625