0 0.39921875 0.55625 0.4671875 0.63203125
0 0.29453125 0.4109375 0.1578125 0.4125
0 0.72421875 0.634375 0.215625 0.73046875
0 0.8734375 0.6734375 0.253125 0.65078125
39 0.621875 0.51640625 0.0609375 0.0328125
40 0.64140625 0.58671875 0.0890625 0.04921875
66 0.13671875 0.63125 0.1703125 0.31171875
0 0.5859375 0.35 0.15 0.36796875
0 0.575 0.68046875 0.25 0.615625
39 0.2453125 0.29296875 0.01875 0.16875
39 0.184375 0.2703125 0.0171875 0.12890625
39 0.16171875 0.26953125 0.009375 0.121875
39 0.1484375 0.26796875 0.0171875 0.121875
39 0.11875 0.28203125 0.0265625 0.15234375
39 0.215625 0.271875 0.015625 0.12890625
39 0.01171875 0.3078125 0.0234375 0.03046875