0 0.88125 0.46875 0.0328125 0.05625
28 0.3625 0.38515625 0.0640625 0.2390625
29 0.4015625 0.73046875 0.0625 0.1015625
12 0.821875 0.42734375 0.021875 0.0203125
12 0.7203125 0.44140625 0.0171875 0.0203125
12 0.7578125 0.43046875 0.021875 0.0234375
0 0.3375 0.73984375 0.2296875 0.3578125
0 0.75234375 0.49453125 0.0671875 0.1421875
29 0.75859375 0.50625 0.0265625 0.0234375
29 0.87578125 0.46484375 0.009375 0.0125
0 0.87421875 0.4359375 0.0125 0.0265625
26 0.90078125 0.58984375 0.01875 0.0203125
0 0.45703125 0.5625 0.2 0.5015625
0 0.37265625 0.50390625 0.05625 0.2078125