0 0.834375 0.39453125 0.2875 0.4890625
0 0.0734375 0.49921875 0.146875 0.9828125
42 0.89765625 0.10234375 0.0203125 0.025
42 0.97890625 0.0984375 0.028125 0.025
42 0.9625 0.1234375 0.0109375 0.028125
42 0.88671875 0.12109375 0.0234375 0.0234375
42 0.87421875 0.11796875 0.021875 0.028125
42 0.9078125 0.1125 0.0390625 0.059375
42 0.89375 0.09609375 0.03125 0.028125
19 0.90390625 0.54296875 0.1921875 0.3328125
41 0.7953125 0.6515625 0.225 0.178125
41 0.44375 0.603125 0.1421875 0.11875
41 0.20703125 0.58671875 0.1484375 0.1234375
41 0.290625 0.6359375 0.1734375 0.128125
41 0.6328125 0.2609375 0.0609375 0.0515625
41 0.646875 0.609375 0.109375 0.1046875
41 0.15703125 0.20625 0.1 0.075
41 0.353125 0.16171875 0.05 0.0171875
41 0.45625 0.1390625 0.0984375 0.0546875
41 0.31953125 0.55859375 0.09375 0.06875
41 0.45078125 0.53828125 0.10625 0.05625
41 0.50390625 0.63203125 0.1453125 0.0984375
42 0.728125 0.3546875 0.03125 0.0234375
42 0.68046875 0.31171875 0.0296875 0.034375
42 0.69296875 0.3375 0.028125 0.034375
42 0.91171875 0.2453125 0.021875 0.03125
42 0.65078125 0.31875 0.0265625 0.0296875
41 0.62578125 0.703125 0.16875 0.1484375
42 0.4875 0.32578125 0.03125 0.040625
0 0.07421875 0.47734375 0.1078125 0.9359375
42 0.71640625 0.46875 0.5671875 0.93125
41 0.45859375 0.403125 0.4671875 0.80625