33 0.89765625 0.565625 0.05 0.1015625
72 0.79765625 0.1875 0.109375 0.0828125
0 0.4953125 0.671875 0.371875 0.65625
38 0.8015625 0.44375 0.0234375 0.04375
38 0.825 0.43984375 0.0265625 0.0703125
38 0.925 0.4234375 0.0609375 0.0953125
40 0.0484375 0.54296875 0.08125 0.0265625
66 0.22265625 0.80390625 0.3890625 0.3921875
38 0.87890625 0.42890625 0.0203125 0.05625
38 0.88984375 0.43046875 0.0140625 0.04375
0 0.64296875 0.5953125 0.3578125 0.525
38 0.8375 0.4265625 0.034375 0.090625
38 0.86015625 0.4328125 0.021875 0.05
66 0.10234375 0.88046875 0.1296875 0.2390625