26 0.365625 0.23671875 0.0515625 0.075
0 0.253125 0.50234375 0.178125 0.74375
0 0.37265625 0.66640625 0.1140625 0.57734375
0 0.4234375 0.5625 0.1703125 0.5515625
23 0.51875 0.64921875 0.05 0.05625
0 0.2640625 0.665625 0.0328125 0.12421875
0 0.1859375 0.684375 0.034375 0.08203125
0 0.79140625 0.59609375 0.0890625 0.36640625
0 0.13203125 0.66875 0.0125 0.02109375
0 0.7046875 0.60234375 0.10625 0.34765625
0 0.81328125 0.5890625 0.0125 0.0421875
5 0.1125 0.7171875 0.0375 0.0421875
5 0.16328125 0.6984375 0.0171875 0.009375
17 0.2625 0.64296875 0.015625 0.03984375
0 0.08984375 0.68515625 0.01875 0.0375
0 0.153125 0.69140625 0.0203125 0.0703125
0 0.9265625 0.58125 0.0078125 0.02578125
5 0.0125 0.7203125 0.025 0.03984375
5 0.13984375 0.7015625 0.01875 0.00703125
5 0.06015625 0.715625 0.0265625 0.03515625
5 0.16875 0.69375 0.0234375 0.0234375
0 0.246875 0.62421875 0.0078125 0.03046875
0 0.45390625 0.64453125 0.8765625 0.20390625