23 0.5453125 0.70078125 0.56875 0.575
23 0.86796875 0.6296875 0.2203125 0.3546875
0 0.565625 0.63359375 0.1859375 0.475
0 0.65859375 0.603125 0.1171875 0.428125
0 0.21171875 0.528125 0.0640625 0.1125
0 0.12421875 0.64375 0.1453125 0.3546875
0 0.0515625 0.63125 0.0875 0.328125
0 0.2046875 0.6859375 0.065625 0.1328125
0 0.26484375 0.57421875 0.0703125 0.1984375
0 0.1015625 0.5828125 0.0984375 0.1984375
0 0.93203125 0.5765625 0.1359375 0.421875
19 0.7046875 0.5640625 0.0421875 0.0640625
19 0.203125 0.546875 0.025 0.0734375
0 0.2734375 0.6859375 0.065625 0.0734375
0 0.23203125 0.7 0.071875 0.09375
0 0.440625 0.4578125 0.05625 0.0671875