64 0.5515625 0.52578125 0.0640625 0.046875
12 0.92109375 0.51484375 0.0859375 0.0484375
0 0.55859375 0.70703125 0.3453125 0.5671875
0 0.371875 0.55234375 0.04375 0.1046875
0 0.303125 0.55546875 0.0515625 0.1078125
0 0.746875 0.540625 0.0765625 0.1046875
0 0.80859375 0.53359375 0.0296875 0.071875
0 0.928125 0.53359375 0.0546875 0.0921875
0 0.971875 0.534375 0.0390625 0.071875
0 0.765625 0.53125 0.028125 0.075
0 0.8671875 0.53984375 0.0375 0.1015625
0 0.22734375 0.57421875 0.0796875 0.109375
19 0.5890625 0.7265625 0.3078125 0.3125
0 0.796875 0.534375 0.0328125 0.0796875
0 0.32265625 0.5140625 0.0296875 0.028125
67 0.86796875 0.50234375 0.1921875 0.0453125
79 0.8625 0.35390625 0.0359375 0.0484375
79 0.81640625 0.23828125 0.0421875 0.0796875
79 0.64453125 0.40859375 0.0265625 0.0453125
19 0.8265625 0.52890625 0.015625 0.0234375
19 0.85703125 0.525 0.1125 0.0328125
19 0.93046875 0.5296875 0.025 0.028125
0 0.90078125 0.49921875 0.015625 0.0203125
79 0.965625 0.4578125 0.021875 0.0265625
0 0.89609375 0.5453125 0.0375 0.0921875