10 0.44609375 0.609375 0.2078125 0.1890625
10 0.6 0.5484375 0.15 0.159375
10 0.79296875 0.4546875 0.1078125 0.1640625
10 0.7265625 0.478125 0.096875 0.15625
0 0.10546875 0.57421875 0.2109375 0.5921875
0 0.08203125 0.50859375 0.1125 0.2671875
0 0.18515625 0.53984375 0.1453125 0.3546875
0 0.26875 0.45 0.134375 0.25
0 0.2296875 0.3953125 0.046875 0.1125
0 0.35859375 0.4078125 0.11875 0.2265625
0 0.4421875 0.38125 0.1328125 0.25
0 0.57109375 0.4828125 0.19375 0.3234375
0 0.50078125 0.334375 0.06875 0.1078125
20 0.85 0.23671875 0.009375 0.021875
0 0.5546875 0.3109375 0.078125 0.0859375
0 0.634375 0.28515625 0.071875 0.0984375
0 0.765625 0.27734375 0.053125 0.096875
10 0.30625 0.66640625 0.2546875 0.240625
20 0.715625 0.296875 0.0171875 0.03125
20 0.6515625 0.32265625 0.0109375 0.015625
20 0.7953125 0.259375 0.0046875 0.0109375
20 0.4390625 0.3375 0.0140625 0.0296875
20 0.365625 0.38125 0.015625 0.0328125
20 0.265625 0.39453125 0.0203125 0.0125
20 0.184375 0.44140625 0.009375 0.021875
20 0.9359375 0.26171875 0.0109375 0.021875
20 0.89765625 0.27578125 0.009375 0.0171875
20 0.496875 0.34375 0.0125 0.0265625
20 0.91015625 0.21171875 0.015625 0.040625
0 0.6890625 0.31875 0.08125 0.2078125
20 0.7890625 0.3703125 0.00625 0.0109375
0 0.61796875 0.4359375 0.7640625 0.615625