27 0.60859375 0.6109375 0.3625 0.5640625
0 0.415625 0.5125 0.2484375 0.97421875
0 0.08828125 0.25078125 0.075 0.46640625
0 0.23984375 0.1265625 0.0109375 0.065625
0 0.60234375 0.20859375 0.0265625 0.1171875
0 0.94296875 0.2296875 0.015625 0.04453125
0 0.9625 0.23203125 0.01875 0.0421875
0 0.84140625 0.1953125 0.0109375 0.03515625
0 0.3421875 0.16875 0.0171875 0.05390625
12 0.01875 0.09453125 0.0359375 0.0328125
12 0.040625 0.08984375 0.03125 0.02578125
27 0.209375 0.0875 0.03125 0.05390625
0 0.29140625 0.1765625 0.053125 0.21328125
0 0.69375 0.19296875 0.0109375 0.05390625
17 0.03671875 0.365625 0.0625 0.05859375
0 0.6375 0.16484375 0.00625 0.0328125
0 0.51875 0.1578125 0.0109375 0.046875
0 0.1609375 0.22109375 0.1 0.41484375
0 0.6515625 0.17890625 0.690625 0.17578125