18 0.19921875 0.11796875 0.04375 0.0453125
18 0.24609375 0.103125 0.0625 0.040625
26 0.49296875 0.53046875 0.01875 0.028125
0 0.2953125 0.5453125 0.275 0.575
0 0.46484375 0.3375 0.0671875 0.2328125
0 0.2046875 0.1546875 0.0515625 0.090625
0 0.2421875 0.1546875 0.05 0.1015625
28 0.440625 0.52109375 0.0421875 0.1078125
29 0.159375 0.58046875 0.065625 0.0953125
12 0.88046875 0.25234375 0.0640625 0.0734375
12 0.7921875 0.271875 0.05 0.0640625
12 0.709375 0.27421875 0.0640625 0.071875
12 0.96328125 0.2671875 0.0671875 0.08125
0 0.0984375 0.6359375 0.196875 0.409375