52 0.91328125 0.3375 0.0984375 0.0375
52 0.81796875 0.365625 0.1125 0.0453125
52 0.775 0.36328125 0.0859375 0.05625
0 0.47578125 0.35234375 0.6328125 0.596875
36 0.284375 0.7171875 0.2296875 0.2859375
40 0.81484375 0.71953125 0.2046875 0.128125
49 0.7765625 0.6359375 0.2 0.1109375
49 0.5640625 0.92890625 0.5875 0.1421875
37 0.275 0.43359375 0.059375 0.0890625
57 0.51328125 0.778125 0.9734375 0.44375
57 0.88515625 0.36484375 0.19375 0.059375
52 0.859375 0.4921875 0.209375 0.128125
57 0.790625 0.3265625 0.1515625 0.05
57 0.87265625 0.45703125 0.2546875 0.2421875
57 0.9109375 0.30546875 0.128125 0.0375
52 0.77109375 0.52734375 0.03125 0.08125