33 0.34140625 0.2421875 0.0140625 0.0609375
52 0.7203125 0.925 0.1125 0.15
57 0.56640625 0.84140625 0.3328125 0.125
0 0.74296875 0.5875 0.184375 0.4578125
0 0.37734375 0.61640625 0.2265625 0.546875
69 0.575 0.6296875 0.1765625 0.0625
52 0.38125 0.88828125 0.109375 0.20625
66 0.22421875 0.72890625 0.159375 0.4109375
70 0.08046875 0.63828125 0.146875 0.5296875
36 0.4296875 0.4015625 0.0140625 0.021875
36 0.415625 0.4203125 0.0125 0.0234375
36 0.39140625 0.42109375 0.0140625 0.021875
36 0.42578125 0.4203125 0.0171875 0.0265625
36 0.40546875 0.41953125 0.015625 0.028125