54 0.31484375 0.3765625 0.05390625 0.0359375
52 0.30234375 0.60546875 0.12734375 0.1609375
57 0.36328125 0.51796875 0.22734375 0.1078125
52 0.42421875 0.56015625 0.11015625 0.14375
70 0.90625 0.70703125 0.1875 0.559375
40 0.75078125 0.55625 0.06875 0.0296875
19 0.14609375 0.48359375 0.08359375 0.1765625
36 0.61328125 0.503125 0.02734375 0.0203125
36 0.80625 0.5703125 0.03515625 0.0328125
36 0.74296875 0.51640625 0.04375 0.0203125
39 0.734375 0.5515625 0.01015625 0.00625
69 0.78671875 0.54765625 0.1125 0.01875
71 0.00703125 0.3640625 0.0140625 0.046875
71 0.07265625 0.3625 0.02109375 0.0390625
71 0.03828125 0.340625 0.02890625 0.0859375
71 0.02265625 0.3375 0.02890625 0.1
71 0.01640625 0.3359375 0.03125 0.1
40 0.83515625 0.67578125 0.0375 0.0546875