0 0.6359375 0.51328125 0.4375 0.9734375
40 0.346875 0.503125 0.153125 0.1328125
49 0.25859375 0.8046875 0.4078125 0.2859375
66 0.28046875 0.65703125 0.5609375 0.6515625
69 0.81640625 0.5578125 0.1453125 0.084375
49 0.36171875 0.63671875 0.284375 0.1828125
69 0.90859375 0.5859375 0.0890625 0.053125
48 0.29921875 0.81484375 0.0296875 0.05
48 0.3734375 0.6484375 0.0515625 0.0578125
48 0.4265625 0.603125 0.0203125 0.028125
48 0.325 0.60546875 0.0265625 0.03125
48 0.296875 0.61796875 0.025 0.0296875
48 0.23828125 0.7 0.03125 0.0390625
48 0.46015625 0.53046875 0.0921875 0.0703125
48 0.28828125 0.753125 0.0265625 0.034375
48 0.34921875 0.73046875 0.0265625 0.0375
48 0.4484375 0.63515625 0.021875 0.03125
48 0.36171875 0.5796875 0.0234375 0.0265625
48 0.346875 0.61640625 0.0359375 0.0390625
48 0.26796875 0.77265625 0.0875 0.0765625
48 0.38515625 0.6125 0.0203125 0.028125