9 0.50234375 0.67265625 0.4875 0.4765625
9 0.64609375 0.6703125 0.2734375 0.34375
0 0.465625 0.525 0.14375 0.3265625
0 0.0984375 0.82421875 0.15625 0.3515625
0 0.54296875 0.4625 0.1015625 0.15625
0 0.75625 0.58046875 0.121875 0.2484375
0 0.790625 0.575 0.078125 0.225
0 0.1515625 0.65625 0.0828125 0.1875
19 0.2921875 0.64453125 0.034375 0.0578125
0 0.246875 0.6671875 0.071875 0.209375
0 0.19375 0.5578125 0.04375 0.06875
0 0.14921875 0.57734375 0.034375 0.0390625
0 0.3359375 0.67109375 0.0671875 0.1734375
17 0.06796875 0.86484375 0.0578125 0.1671875
5 0.05859375 0.64609375 0.09375 0.09375
5 0.20078125 0.62890625 0.06875 0.1046875
19 0.1734375 0.68359375 0.0484375 0.0640625
54 0.2578125 0.45625 0.134375 0.1328125
0 0.2765625 0.6671875 0.078125 0.2203125