11 0.12890625 0.6890625 0.1609375 0.3828125
11 0.37578125 0.725 0.0640625 0.234375
11 0.4265625 0.740625 0.0328125 0.1765625
11 0.44921875 0.72890625 0.059375 0.2125
11 0.48515625 0.7453125 0.075 0.209375
11 0.56328125 0.72109375 0.021875 0.1296875
11 0.59375 0.73671875 0.046875 0.1359375
11 0.64140625 0.73359375 0.03125 0.115625
11 0.23359375 0.7171875 0.0703125 0.28125
11 0.53046875 0.7390625 0.0390625 0.1796875
11 0.6859375 0.71796875 0.0296875 0.0859375
11 0.7390625 0.72265625 0.0203125 0.071875
11 0.66171875 0.71796875 0.0234375 0.090625
11 0.90859375 0.71640625 0.0140625 0.04375
11 0.8328125 0.7203125 0.009375 0.046875
11 0.621875 0.7265625 0.0203125 0.1078125
11 0.6109375 0.7265625 0.7375 0.3