8 0.79765625 0.61015625 0.4046875 0.3921875
8 0.8390625 0.44375 0.321875 0.275
33 0.190625 0.071875 0.0421875 0.1
33 0.23125 0.0734375 0.05 0.1125
70 0.784375 0.2375 0.425 0.475
40 0.50546875 0.56953125 0.125 0.1671875
65 0.46015625 0.06015625 0.2390625 0.1203125
36 0.32421875 0.2703125 0.0484375 0.078125
36 0.36484375 0.271875 0.0390625 0.0859375
38 0.490625 0.409375 0.0296875 0.053125
40 0.3796875 0.521875 0.0953125 0.08125
8 0.9421875 0.7703125 0.115625 0.403125
36 0.315625 0.228125 0.0515625 0.065625
36 0.2328125 0.09453125 0.0421875 0.0703125
39 0.5609375 0.503125 0.0125 0.0453125
35 0.4046875 0.2625 0.0421875 0.0640625
40 0.3921875 0.5890625 0.1203125 0.1671875
36 0.45390625 0.26796875 0.0265625 0.0484375
39 0.565625 0.4765625 0.003125 0.009375
39 0.57578125 0.50625 0.009375 0.0265625