52 0.68828125 0.56015625 0.0828125 0.10390625
52 0.740625 0.575 0.0484375 0.07265625
52 0.7890625 0.5625 0.025 0.0984375
52 0.53671875 0.75859375 0.1453125 0.30390625
52 0.75 0.525 0.03125 0.028125
57 0.615625 0.57890625 0.0828125 0.05625
54 0.77265625 0.846875 0.2578125 0.30625
73 0.77421875 0.5703125 0.0203125 0.08203125
40 0.62734375 0.5671875 0.021875 0.0140625
54 0.38671875 0.475 0.025 0.06796875
73 0.3875 0.50234375 0.009375 0.03984375
52 0.9375 0.93046875 0.125 0.1390625
54 0.7765625 0.5421875 0.053125 0.16484375
57 0.715625 0.5859375 0.0109375 0.0328125
36 0.5796875 0.4046875 0.0078125 0.01640625