0 0.76796875 0.5109375 0.03046875 0.025
0 0.48984375 0.68671875 0.1640625 0.4578125
0 0.36640625 0.725 0.2671875 0.515625
0 0.82890625 0.559375 0.05390625 0.1078125
17 0.9296875 0.60078125 0.04453125 0.053125
0 0.875 0.6078125 0.08203125 0.2375
0 0.2234375 0.67265625 0.19921875 0.3828125
0 0.9359375 0.609375 0.046875 0.196875
0 0.16875 0.6 0.13125 0.2296875
0 0.05703125 0.51875 0.1125 0.071875
0 0.91484375 0.596875 0.10546875 0.2234375
19 0.92734375 0.60546875 0.05625 0.0578125
0 0.71640625 0.715625 0.21328125 0.5375
0 0.96015625 0.5625 0.046875 0.121875