54 0.79296875 0.48828125 0.046875 0.0703125
59 0.45546875 0.47890625 0.0609375 0.0703125
33 0.7671875 0.5421875 0.0140625 0.0421875
33 0.4078125 0.49140625 0.0125 0.0375
52 0.37734375 0.8140625 0.215625 0.35078125
52 0.26640625 0.76015625 0.0625 0.34375
72 0.93203125 0.56796875 0.028125 0.03515625
66 0.7671875 0.7375 0.121875 0.27734375
69 0.66328125 0.54453125 0.1234375 0.065625
33 0.27265625 0.50703125 0.0078125 0.046875
33 0.3953125 0.48671875 0.0109375 0.04921875
40 0.5375 0.50859375 0.0296875 0.03046875
52 0.28828125 0.8140625 0.0515625 0.371875
52 0.23359375 0.58671875 0.0390625 0.046875
57 0.48203125 0.7765625 0.384375 0.4421875
54 0.7953125 0.5375 0.028125 0.06796875