1 0.29921875 0.546875 0.0296875 0.0984375
12 0.65625 0.50078125 0.1609375 0.19453125
12 0.56015625 0.49453125 0.0734375 0.1265625
0 0.4265625 0.490625 0.21875 0.39140625
0 0.11015625 0.51953125 0.0484375 0.17109375
0 0.75078125 0.4921875 0.034375 0.1359375
0 0.771875 0.50234375 0.01875 0.09375
30 0.42109375 0.6578125 0.11875 0.0375
19 0.81328125 0.51015625 0.0296875 0.06328125
19 0.11484375 0.5171875 0.03125 0.0890625
0 0.828125 0.5171875 0.0515625 0.225
67 0.671875 0.80078125 0.4828125 0.3515625
0 0.7921875 0.5046875 0.028125 0.10546875