0 0.91875 0.23671875 0.1625 0.3265625
42 0.490625 0.79453125 0.1234375 0.1515625
42 0.33203125 0.60390625 0.121875 0.1578125
42 0.3078125 0.40703125 0.09375 0.1234375
44 0.7671875 0.88046875 0.35625 0.2390625
42 0.80859375 0.1390625 0.05625 0.0640625
44 0.48203125 0.52734375 0.1046875 0.13125
44 0.46328125 0.44609375 0.096875 0.1171875
44 0.3546875 0.859375 0.1234375 0.1625
44 0.33125 0.6015625 0.1171875 0.153125
44 0.45390625 0.0453125 0.05625 0.0875
44 0.5578125 0.60234375 0.090625 0.1390625
44 0.490625 0.815625 0.20625 0.36875
44 0.24921875 0.5359375 0.1078125 0.13125
44 0.2265625 0.4375 0.0953125 0.1203125
42 0.090625 0.5703125 0.1203125 0.1484375
42 0.16484375 0.528125 0.1 0.1265625
42 0.41484375 0.18828125 0.0671875 0.09375
46 0.69453125 0.75546875 0.228125 0.1734375