33 0.465625 0.39921875 0.021875 0.0765625
33 0.98046875 0.628125 0.0390625 0.153125
72 0.89921875 0.165625 0.0671875 0.1703125
33 0.509375 0.384375 0.021875 0.090625
52 0.653125 0.825 0.1421875 0.3140625
52 0.7078125 0.7203125 0.1109375 0.3234375
65 0.0546875 0.646875 0.1078125 0.25625
66 0.23671875 0.68046875 0.30625 0.5953125
69 0.55859375 0.46484375 0.0984375 0.0328125
33 0.96796875 0.5875 0.028125 0.0859375
33 0.528125 0.36328125 0.0234375 0.0578125
39 0.96171875 0.3375 0.04375 0.1734375
70 0.878125 0.8453125 0.2375 0.246875
39 0.98046875 0.3625 0.0296875 0.1140625
33 0.94609375 0.53046875 0.0265625 0.1015625