0 0.37265625 0.97578125 0.01875 0.0296875
0 0.39921875 0.971875 0.01875 0.0453125
0 0.4234375 0.9671875 0.003125 0.0109375
0 0.440625 0.97265625 0.0171875 0.0484375
0 0.45390625 0.9765625 0.015625 0.0421875
0 0.284375 0.9578125 0.0203125 0.0578125
27 0.325 0.753125 0.0125 0.015625
27 0.6984375 0.21328125 0.0390625 0.040625
27 0.6546875 0.6390625 0.1125 0.1171875
0 0.5625 0.91953125 0.1875 0.1609375
0 0.26484375 0.9515625 0.0265625 0.0671875
27 0.60234375 0.81640625 0.0109375 0.015625
27 0.696875 0.79296875 0.021875 0.028125
27 0.8953125 0.38046875 0.0796875 0.0765625
27 0.471875 0.12890625 0.034375 0.0796875
27 0.3953125 0.74375 0.0171875 0.0140625
27 0.4 0.80546875 0.01875 0.021875
27 0.20078125 0.5609375 0.0125 0.0109375
27 0.50859375 0.665625 0.0265625 0.0234375
27 0.13125 0.328125 0.0078125 0.0046875
0 0.29921875 0.971875 0.0234375 0.0328125
0 0.33203125 0.95625 0.0265625 0.0671875
0 0.35859375 0.97734375 0.0109375 0.028125
27 0.653125 0.9015625 0.0140625 0.0234375
27 0.53984375 0.5 0.9203125 1