53 0.4609375 0.65390625 0.7671875 0.50859375
0 0.70625 0.553125 0.190625 0.39140625
0 0.48828125 0.57734375 0.19375 0.36875
57 0.6046875 0.86796875 0.78125 0.24140625
35 0.44921875 0.753125 0.040625 0.11875
35 0.71171875 0.73125 0.0359375 0.11015625
35 0.01328125 0.57265625 0.0265625 0.09140625
36 0.9109375 0.53515625 0.028125 0.05625
37 0.51796875 0.7875 0.0734375 0.02890625
37 0.7828125 0.77109375 0.0515625 0.03984375
40 0.46171875 0.965625 0.0953125 0.06875
40 0.63046875 0.865625 0.134375 0.11875
40 0.32578125 0.92578125 0.1609375 0.14765625
40 0.81796875 0.52734375 0.0296875 0.02890625
47 0.9015625 0.9375 0.0625 0.07109375
47 0.759375 0.86953125 0.0546875 0.04765625
71 0.6109375 0.37421875 0.01875 0.08515625
71 0.57578125 0.38046875 0.021875 0.07265625
71 0.59609375 0.37578125 0.0203125 0.07734375
71 0.63671875 0.784375 0.084375 0.06015625
71 0.59765625 0.9640625 0.0890625 0.071875
71 0.8671875 0.521875 0.065625 0.025
71 0.590625 0.378125 0.015625 0.07265625
71 0.62578125 0.375 0.0109375 0.07890625
73 0.33515625 0.10390625 0.034375 0.04765625
0 0.3 0.59375 0.2296875 0.4
38 0.45703125 0.915625 0.096875 0.025
40 0.83046875 0.89296875 0.0765625 0.08984375
40 0.46953125 0.8875 0.128125 0.10390625
40 0.03046875 0.58046875 0.0328125 0.03515625
64 0.32578125 0.640625 0.021875 0.0125
71 0.58203125 0.37890625 0.0171875 0.07109375
71 0.5671875 0.384375 0.0203125 0.06484375
14 0.53203125 0.20234375 0.028125 0.03359375
38 0.4796875 0.9 0.09375 0.0125
52 0.975 0.66484375 0.05 0.26015625
40 0.83125 0.9109375 0.2125 0.178125