0 0.65859375 0.5375 0.2890625 0.4609375
0 0.2125 0.525 0.146875 0.434375
0 0.06328125 0.48046875 0.1265625 0.4484375
0 0.93359375 0.77109375 0.13125 0.4265625
49 0.68984375 0.76875 0.165625 0.06875
49 0.23125 0.8484375 0.1140625 0.075
49 0.74609375 0.93671875 0.2046875 0.1265625
49 0.196875 0.8875 0.234375 0.1328125
36 0.83046875 0.83203125 0.0390625 0.0921875
36 0.88828125 0.8859375 0.046875 0.103125
47 0.9078125 0.6703125 0.028125 0.0328125
49 0.42890625 0.92734375 0.234375 0.140625
52 0.14609375 0.64140625 0.0328125 0.115625
39 0.57734375 0.72109375 0.0390625 0.0375
46 0.08671875 0.82421875 0.0734375 0.0765625
49 0.946875 0.64375 0.06875 0.090625
43 0.08671875 0.75625 0.0296875 0.01875
43 0.08203125 0.72890625 0.0203125 0.0328125