50 0.7921875 0.77265625 0.19296875 0.16640625
50 0.8515625 0.90859375 0.23984375 0.12421875
50 0.6125 0.76796875 0.171875 0.1484375
50 0.6171875 0.90859375 0.2203125 0.15546875
50 0.45859375 0.6640625 0.15390625 0.1046875
50 0.30390625 0.6453125 0.15546875 0.09765625
50 0.275 0.75 0.18125 0.1484375
50 0.4390625 0.77890625 0.184375 0.15234375
50 0.38671875 0.91015625 0.2453125 0.1421875
50 0.1703125 0.89453125 0.2453125 0.1765625
50 0.603125 0.66484375 0.15 0.09296875
50 0.7453125 0.665625 0.15859375 0.109375