54 0.36171875 0.309375 0.69765625 0.6140625
54 0.8125 0.22109375 0.375 0.2875
57 0.5046875 0.73671875 0.990625 0.5234375
36 0.425 0.61015625 0.13828125 0.1453125
36 0.55234375 0.71015625 0.18984375 0.153125
36 0.7 0.65234375 0.1453125 0.128125
37 0.84453125 0.88828125 0.13359375 0.221875
38 0.88515625 0.88515625 0.084375 0.2125
37 0.809375 0.56796875 0.27421875 0.0234375
73 0.30234375 0.48828125 0.16171875 0.265625
73 0.709375 0.3234375 0.22734375 0.1609375
73 0.875 0.31484375 0.18984375 0.115625