36 0.86484375 0.4421875 0.259375 0.428125
36 0.11328125 0.34765625 0.2265625 0.3765625
36 0.86640625 0.134375 0.2515625 0.26875
36 0.90078125 0.81640625 0.1984375 0.3234375
36 0.12578125 0.696875 0.18125 0.2875
38 0.478125 0.253125 0.3265625 0.0890625
47 0.51875 0.53359375 0.065625 0.0875
47 0.50625 0.45546875 0.0703125 0.0453125
47 0.37734375 0.48125 0.065625 0.065625
47 0.55234375 0.43359375 0.04375 0.0359375
49 0.4421875 0.47578125 0.375 0.2859375
43 0.4390625 0.47578125 0.3796875 0.290625
47 0.38671875 0.3953125 0.05625 0.0421875