0 0.53203125 0.253125 0.06875 0.359375
0 0.6078125 0.253125 0.0890625 0.3375
0 0.3109375 0.171875 0.059375 0.1625
0 0.203125 0.35234375 0.1578125 0.30625
0 0.86875 0.253125 0.0734375 0.3671875
0 0.771875 0.42890625 0.2359375 0.3984375
0 0.321875 0.25703125 0.0875 0.1328125
0 0.7046875 0.259375 0.0546875 0.090625
0 0.7984375 0.24140625 0.0734375 0.3515625
19 0.6859375 0.52734375 0.11875 0.178125
0 0.0875 0.34921875 0.134375 0.3390625
17 0.11640625 0.43984375 0.0578125 0.1296875
17 0.69609375 0.72578125 0.0578125 0.159375
17 0.18515625 0.246875 0.0640625 0.0828125
17 0.559375 0.584375 0.05625 0.046875
0 0.91015625 0.2578125 0.0859375 0.3703125
17 0.33984375 0.759375 0.13125 0.2921875
17 0.35546875 0.38125 0.08125 0.1640625
17 0.31484375 0.509375 0.078125 0.125
17 0.1296875 0.69765625 0.10625 0.2578125
17 0.46953125 0.71640625 0.1109375 0.2140625
17 0.07578125 0.6109375 0.109375 0.2109375
17 0.44609375 0.45390625 0.0609375 0.1484375
17 0.6328125 0.3671875 0.0671875 0.1203125
21 0.821875 0.68203125 0.0828125 0.2359375
17 0.51171875 0.47890625 0.071875 0.134375
59 0.61484375 0.04140625 0.084375 0.078125
21 0.1703125 0.5921875 0.09375 0.196875
17 0.403125 0.6546875 0.5984375 0.4875