20 0.36015625 0.39375 0.1359375 0.1140625
0 0.29921875 0.4109375 0.5 0.7265625
0 0.640625 0.4875 0.71875 0.728125
36 0.934375 0.8265625 0.1015625 0.1625
0 0.959375 0.34609375 0.08125 0.3359375
35 0.0515625 0.71015625 0.0375 0.1234375
36 0.50703125 0.77421875 0.1015625 0.23125
38 0.87265625 0.959375 0.078125 0.0234375
46 0.5078125 0.89140625 0.0359375 0.0296875
57 0.5515625 0.87421875 0.753125 0.2515625
36 0.775 0.865625 0.1265625 0.2609375
37 0.70859375 0.87734375 0.065625 0.0484375
38 0.15234375 0.7796875 0.109375 0.0625
52 0.56484375 0.54375 0.3484375 0.4796875