33 0.54296875 0.634375 0.0140625 0.06796875
52 0.18203125 0.81953125 0.075 0.3609375
52 0.2859375 0.63828125 0.0328125 0.12890625
57 0.55546875 0.7703125 0.55 0.44296875
37 0.76171875 0.884375 0.0703125 0.02109375
37 0.7078125 0.77265625 0.053125 0.009375
38 0.68125 0.73203125 0.0515625 0.00703125
38 0.76171875 0.8984375 0.0703125 0.00703125
0 0.690625 0.58515625 0.0546875 0.1734375
0 0.7734375 0.68046875 0.0859375 0.28125
0 0.8796875 0.7734375 0.15625 0.453125
0 0.30078125 0.78125 0.2390625 0.4171875
0 0.3421875 0.63203125 0.1 0.24609375
0 0.38203125 0.62734375 0.0390625 0.19453125
0 0.4203125 0.59921875 0.05 0.1640625
0 0.63203125 0.5328125 0.034375 0.1078125
0 0.4734375 0.54765625 0.0578125 0.10546875
0 0.715625 0.6296875 0.0890625 0.23671875
0 0.65625 0.56171875 0.0484375 0.14765625
0 0.4390625 0.546875 0.028125 0.13125
35 0.36875 0.846875 0.028125 0.103125
35 0.64921875 0.7953125 0.025 0.1078125
35 0.6328125 0.69453125 0.0234375 0.05625
35 0.48671875 0.6078125 0.0140625 0.03515625
35 0.62734375 0.77265625 0.025 0.09609375
35 0.61640625 0.70703125 0.0234375 0.07265625
35 0.60546875 0.6453125 0.0171875 0.05625
35 0.421875 0.83515625 0.0234375 0.1078125
35 0.43515625 0.74140625 0.01875 0.07734375
38 0.39921875 0.86328125 0.0484375 0.009375
38 0.7203125 0.81953125 0.0703125 0.01171875
38 0.64765625 0.66484375 0.0390625 0.00703125
38 0.6359375 0.625 0.034375 0.0046875
38 0.40390625 0.7625 0.053125 0.00703125
52 0.3234375 0.57265625 0.025 0.0375
52 0.6984375 0.528125 0.0125 0.046875
52 0.94609375 0.8203125 0.0734375 0.359375
52 0.75390625 0.559375 0.0140625 0.05625
52 0.7015625 0.54453125 0.0125 0.03515625
39 0.66484375 0.69765625 0.021875 0.00703125
39 0.4015625 0.8140625 0.0390625 0.02109375
39 0.43046875 0.84453125 0.009375 0.03984375
52 0.82421875 0.73671875 0.0484375 0.215625
52 0.39140625 0.565625 0.0265625 0.10546875
52 0.40703125 0.5375 0.0203125 0.06328125
38 0.4390625 0.67890625 0.0375 0.00703125
35 0.44921875 0.73046875 0.01875 0.075
35 0.47890625 0.65703125 0.015625 0.0515625
35 0.49140625 0.65546875 0.0109375 0.0515625
35 0.5921875 0.6078125 0.015625 0.0375
38 0.7078125 0.77421875 0.053125 0.01171875
35 0.53359375 0.59453125 0.1765625 0.103125