46 0.13671875 0.53828125 0.2734375 0.2453125
46 0.09453125 0.3875 0.1671875 0.159375
46 0.8453125 0.4140625 0.2953125 0.215625
46 0.42578125 0.2140625 0.1328125 0.146875
46 0.2203125 0.09765625 0.0984375 0.0984375
47 0.625 0.44375 0.0796875 0.1453125
49 0.5 0.5 1 1
46 0.684375 0.578125 0.240625 0.2
47 0.8609375 0.62421875 0.1453125 0.1515625
47 0.4125 0.11796875 0.1546875 0.2234375
47 0.32265625 0.40859375 0.0796875 0.0578125
46 0.7453125 0.2796875 0.165625 0.1328125
47 0.26015625 0.22421875 0.0515625 0.0875
47 0.92734375 0.303125 0.1453125 0.21875