52 0.97265625 0.60234375 0.0546875 0.12109375
45 0.5125 0.42265625 0.6875 0.37734375
45 0.0953125 0.440625 0.190625 0.21875
0 0.14765625 0.51328125 0.0625 0.23125
0 0.075 0.52109375 0.078125 0.27890625
0 0.42421875 0.52265625 0.065625 0.20859375
0 0.47734375 0.57890625 0.0390625 0.14609375
67 0.51796875 0.440625 0.68125 0.38359375
19 0.0703125 0.48046875 0.05 0.12109375
19 0.4328125 0.49921875 0.0328125 0.06015625
67 0.1046875 0.43828125 0.209375 0.30234375
52 0.99140625 0.58125 0.0171875 0.1125
57 0.99140625 0.55546875 0.0171875 0.03359375