12 0.27734375 0.87265625 0.015625 0.0234375
12 0.9625 0.74140625 0.015625 0.02578125
12 0.265625 0.93984375 0.0234375 0.0234375
12 0.3484375 0.78671875 0.015625 0.0234375
34 0.47890625 0.5390625 0.46875 0.1953125
67 0.15390625 0.8765625 0.034375 0.05859375
79 0.39765625 0.346875 0.003125 0.0046875
12 0.12265625 0.9625 0.0203125 0.0234375
12 0.15703125 0.934375 0.0203125 0.02578125
12 0.2125 0.88671875 0.0125 0.02109375
12 0.19765625 0.86953125 0.015625 0.0234375
12 0.3109375 0.87734375 0.0140625 0.0234375
12 0.490625 0.4765625 0.0078125 0.0140625
12 0.0875 0.45859375 0.0109375 0.0140625
12 0.34921875 0.83671875 0.0171875 0.03046875
45 0.66953125 0.49140625 0.0359375 0.0234375
67 0.5234375 0.46953125 0.0171875 0.0328125
12 0.46015625 0.434375 0.009375 0.009375
45 0.71796875 0.93046875 0.0203125 0.046875
67 0.15546875 0.93515625 0.01875 0.02578125
12 0.31015625 0.3484375 0.6203125 0.25859375