79 0.41015625 0.0671875 0.0515625 0.134375
0 0.2015625 0.628125 0.1515625 0.446875
0 0.29609375 0.5625 0.06875 0.228125
0 0.496875 0.60390625 0.1359375 0.48203125
0 0.7046875 0.5984375 0.190625 0.525
40 0.83671875 0.69296875 0.0625 0.046875
67 0.50859375 0.5859375 0.9828125 0.80234375
0 0.39609375 0.6109375 0.1328125 0.4984375
66 0.43515625 0.56015625 0.0640625 0.15078125
0 0.165625 0.54375 0.0765625 0.228125
0 0.86171875 0.62734375 0.0921875 0.4234375
79 0.2171875 0.02734375 0.0515625 0.04921875
0 0.94765625 0.6046875 0.021875 0.075
0 0.084375 0.59375 0.096875 0.34609375