12 0.50390625 0.2171875 0.3 0.2
12 0.8890625 0.30234375 0.196875 0.13125
0 0.43125 0.5203125 0.2671875 0.4890625
0 0.6453125 0.3953125 0.1515625 0.253125
0 0.68671875 0.56484375 0.175 0.290625
0 0.7609375 0.41953125 0.1109375 0.25
0 0.81796875 0.5328125 0.1390625 0.21875
0 0.415625 0.3109375 0.0359375 0.1125
0 0.25625 0.4015625 0.0234375 0.0765625
5 0.51640625 0.43671875 0.1515625 0.1734375
5 0.8046875 0.45 0.2171875 0.146875
12 0.8125 0.27109375 0.1015625 0.0890625
79 0.50625 0.053125 0.025 0.0515625
79 0.54375 0.08984375 0.01875 0.0484375
54 0.9265625 0.50625 0.065625 0.1578125
0 0.7828125 0.24609375 0.0359375 0.0515625
67 0.1703125 0.1625 0.2546875 0.175
54 0.13125 0.6078125 0.1875 0.4796875
54 0.88828125 0.54140625 0.03125 0.0484375
54 0.95859375 0.53359375 0.05 0.1
54 0.06171875 0.78984375 0.121875 0.1796875
54 0.09296875 0.63046875 0.1859375 0.5828125
54 0.21015625 0.5265625 0.0546875 0.1328125
54 0.1875 0.62890625 0.0421875 0.0828125
0 0.55 0.475 0.16875 0.259375
0 0.7640625 0.24609375 0.0171875 0.0625
67 0.9796875 0.28984375 0.040625 0.0609375
79 0.92265625 0.1859375 0.0171875 0.0328125
5 0.98359375 0.5296875 0.0328125 0.1125