54 0.409375 0.29296875 0.175 0.2421875
33 0.3 0.5828125 0.04375 0.115625
52 0.31953125 0.83203125 0.38125 0.315625
52 0.0765625 0.5828125 0.153125 0.0875
52 0.565625 0.8125 0.23125 0.3703125
57 0.32734375 0.7765625 0.6546875 0.446875
33 0.7171875 0.45078125 0.025 0.040625
33 0.74375 0.45546875 0.025 0.0265625
36 0.25 0.61796875 0.053125 0.059375
38 0.92109375 0.4765625 0.0453125 0.0421875
39 0.90625 0.43828125 0.0421875 0.0890625
33 0.29296875 0.56875 0.0234375 0.065625
35 0.09296875 0.31484375 0.0296875 0.059375
35 0.06953125 0.31484375 0.028125 0.0578125
36 0.45546875 0.6484375 0.046875 0.0453125
36 0.0859375 0.41328125 0.0296875 0.0328125
36 0.0546875 0.4109375 0.0171875 0.03125
40 0.934375 0.53203125 0.0640625 0.034375
40 0.05234375 0.4890625 0.1046875 0.059375
35 0.0390625 0.3109375 0.0265625 0.0609375
35 0.01796875 0.3109375 0.0171875 0.0578125
35 0.0546875 0.31328125 0.01875 0.059375
35 0.0265625 0.3109375 0.0140625 0.0578125
52 0.13828125 0.55078125 0.175 0.10625
36 0.02890625 0.41171875 0.0296875 0.028125
36 0.06796875 0.4109375 0.0171875 0.0265625