41 0.39453125 0.51953125 0.33125 0.1484375
41 0.64296875 0.71875 0.3125 0.1875
41 0.6265625 0.75390625 0.3875 0.196875
42 0.62265625 0.37109375 0.1984375 0.159375
42 0.89609375 0.61328125 0.1640625 0.1625
44 0.603125 0.49609375 0.203125 0.1546875
44 0.7484375 0.5703125 0.15625 0.125
44 0.52578125 0.8609375 0.1421875 0.0875
41 0.89140625 0.51875 0.2171875 0.0875
41 0.84921875 0.6796875 0.2359375 0.25
41 0.24140625 0.43671875 0.06875 0.0578125
42 0.77421875 0.46015625 0.1375 0.1171875
42 0.90546875 0.76796875 0.1359375 0.1234375
44 0.96015625 0.659375 0.05625 0.0921875
41 0.678125 0.73984375 0.159375 0.06875