33 0.375 0.68671875 0.0609375 0.1453125
33 0.49921875 0.71640625 0.0265625 0.028125
53 0.6171875 0.83046875 0.6125 0.3390625
56 0.0921875 0.40703125 0.184375 0.6671875
0 0.81640625 0.1859375 0.2015625 0.371875
0 0.46015625 0.47578125 0.35 0.5734375
0 0.31875 0.3 0.103125 0.18125
0 0.1453125 0.284375 0.1046875 0.1609375
5 0.31953125 0.57265625 0.2203125 0.2
35 0.3953125 0.4140625 0.0515625 0.0984375
19 0.46796875 0.6046875 0.0921875 0.078125
5 0.18203125 0.35859375 0.1515625 0.2375
0 0.11640625 0.23359375 0.0421875 0.065625
0 0.1234375 0.17734375 0.046875 0.06875
0 0.38203125 0.40078125 0.121875 0.1546875
0 0.26796875 0.3953125 0.1515625 0.2265625
56 0.52265625 0.234375 0.9078125 0.46875
5 0.64453125 0.50625 0.1875 0.409375
19 0.29765625 0.45546875 0.0671875 0.078125
0 0.19296875 0.27578125 0.0671875 0.171875