53 0.20078125 0.59140625 0.21875 0.21796875
52 0.26953125 0.9078125 0.1140625 0.15703125
52 0.22109375 0.74453125 0.1296875 0.4171875
65 0.9078125 0.34453125 0.18125 0.140625
66 0.890625 0.67421875 0.1984375 0.46171875
69 0.5453125 0.5875 0.2140625 0.06796875
33 0.715625 0.5 0.0125 0.06328125
33 0.72890625 0.50546875 0.0140625 0.04921875
74 0.65625 0.48984375 0.0109375 0.046875
70 0.984375 0.7109375 0.03125 0.56640625
33 0.45703125 0.559375 0.015625 0.06328125
52 0.2421875 0.51015625 0.046875 0.05390625
53 0.3359375 0.55234375 0.1265625 0.11015625