64 0.47890625 0.4984375 0.04375 0.1390625
19 0.69609375 0.95 0.1953125 0.1
0 0.290625 0.6265625 0.1859375 0.5140625
0 0.3140625 0.53984375 0.040625 0.08046875
0 0.59375 0.59453125 0.5421875 0.80859375
0 0.88828125 0.76171875 0.146875 0.4765625
0 0.17578125 0.6765625 0.2953125 0.6203125
0 0.96953125 0.778125 0.0609375 0.44375
0 0.7984375 0.578125 0.040625 0.10390625
0 0.1078125 0.85234375 0.215625 0.29453125
0 0.7890625 0.7015625 0.203125 0.39609375
0 0.37265625 0.58125 0.03125 0.0515625
17 0.425 0.571875 0.0390625 0.0921875
17 0.2 0.69609375 0.08125 0.17890625
64 0.89375 0.6015625 0.0453125 0.06640625