59 0.1390625 0.26171875 0.1453125 0.146875
59 0.13515625 0.26171875 0.1609375 0.1453125
0 0.71875 0.6765625 0.5625 0.646875
0 0.434375 0.47109375 0.65 0.4484375
0 0.1953125 0.44296875 0.3453125 0.3375
0 0.63515625 0.30078125 0.271875 0.284375
52 0.29453125 0.57578125 0.0171875 0.0703125
57 0.3171875 0.76171875 0.634375 0.4703125
36 0.4109375 0.9375 0.1328125 0.1234375
49 0.50703125 0.846875 0.125 0.1046875
36 0.484375 0.7078125 0.0671875 0.0796875
37 0.1515625 0.49453125 0.08125 0.0171875
39 0.04765625 0.5796875 0.0546875 0.0515625
0 0.90078125 0.24453125 0.1984375 0.3765625
36 0.325 0.66953125 0.0734375 0.0734375
36 0.1546875 0.94609375 0.1875 0.059375
49 0.09375 0.71484375 0.1390625 0.05625
49 0.12578125 0.6734375 0.2234375 0.0828125