52 0.36171875 0.503125 0.4515625 0.503125
53 0.73984375 0.71328125 0.5203125 0.5734375
53 0.3671875 0.4890625 0.41875 0.4484375
53 0.45859375 0.58203125 0.1609375 0.3125
57 0.3078125 0.8109375 0.4890625 0.3640625
0 0.3625 0.45625 0.4125 0.54375
35 0.42734375 0.88046875 0.0875 0.1890625
35 0.34375 0.6484375 0.0625 0.134375
40 0.22578125 0.87109375 0.1953125 0.175
42 0.25390625 0.85703125 0.0453125 0.0515625
40 0.19296875 0.71328125 0.14375 0.1046875
71 0.03671875 0.54453125 0.0453125 0.034375
42 0.22265625 0.90078125 0.1171875 0.1359375
70 0.41171875 0.159375 0.096875 0.1984375
71 0.0390625 0.5375 0.0296875 0.028125
71 0.0328125 0.52734375 0.05 0.0359375
71 0.03046875 0.5171875 0.05 0.0296875
71 0.034375 0.50546875 0.0421875 0.0328125
71 0.02578125 0.496875 0.0515625 0.03125