52 0.0703125 0.7359375 0.140625 0.528125
52 0.79140625 0.55859375 0.1890625 0.1734375
0 0.309375 0.55546875 0.5296875 0.853125
64 0.346875 0.34921875 0.109375 0.1359375
36 0.659375 0.6234375 0.075 0.09609375
61 0.534375 0.82890625 0.1625 0.08046875
73 0.93984375 0.74609375 0.1203125 0.50625
54 0.82421875 0.62109375 0.0953125 0.04609375
54 0.83671875 0.6296875 0.08125 0.0328125
54 0.74921875 0.6328125 0.0609375 0.0265625
54 0.76640625 0.565625 0.0375 0.08203125
54 0.74921875 0.6015625 0.0625 0.05703125
54 0.61328125 0.5796875 0.028125 0.11484375
54 0.48984375 0.2953125 0.034375 0.05703125
60 0.7 0.70703125 0.3640625 0.2046875