52 0.8296875 0.31796875 0.2984375 0.359375
52 0.62890625 0.23125 0.18125 0.178125
52 0.21484375 0.32421875 0.1984375 0.3046875
0 0.7015625 0.1109375 0.146875 0.221875
0 0.74765625 0.084375 0.0734375 0.16875
35 0.74140625 0.36875 0.1734375 0.2515625
41 0.26484375 0.58046875 0.221875 0.1265625
41 0.51796875 0.5765625 0.5578125 0.371875
42 0.615625 0.83515625 0.221875 0.2640625
42 0.1921875 0.73671875 0.1828125 0.2171875
42 0.3 0.79453125 0.1578125 0.2171875
0 0.878125 0.121875 0.2 0.24375
0 0.821875 0.078125 0.125 0.15625
0 0.16796875 0.0859375 0.1125 0.125
42 0.89296875 0.615625 0.08125 0.125
57 0.5 0.63515625 1 0.7296875
0 0.08828125 0.27890625 0.1765625 0.4984375
0 0.12421875 0.12109375 0.0921875 0.140625
0 0.02265625 0.07890625 0.0453125 0.0640625
0 0.5609375 0.0265625 0.084375 0.053125
0 0.43515625 0.21875 0.4921875 0.4375