1 0.30078125 0.55390625 0.0328125 0.1
12 0.65625 0.4953125 0.1671875 0.2
12 0.56015625 0.4921875 0.078125 0.1296875
0 0.4265625 0.49296875 0.2328125 0.3984375
0 0.1109375 0.5328125 0.0546875 0.1734375
0 0.75 0.48359375 0.0390625 0.1375
0 0.771875 0.49296875 0.021875 0.09375
30 0.4265625 0.66015625 0.1203125 0.0421875
19 0.81328125 0.49921875 0.03125 0.0640625
19 0.115625 0.53046875 0.034375 0.090625
0 0.82890625 0.50546875 0.059375 0.2265625
67 0.68203125 0.79453125 0.4953125 0.36875
0 0.7921875 0.49453125 0.03125 0.10625