59 0.18046875 0.45078125 0.3609375 0.7609375
60 0.7765625 0.559375 0.36875 0.1265625
71 0.6875 0.2234375 0.0390625 0.3984375
71 0.571875 0.234375 0.0515625 0.4015625
71 0.7125 0.22265625 0.03125 0.384375
71 0.8203125 0.1625 0.0265625 0.2203125
71 0.63125 0.22109375 0.0375 0.4234375
71 0.66171875 0.22890625 0.0359375 0.3984375
71 0.83984375 0.22734375 0.0265625 0.3375
71 0.9015625 0.22578125 0.0328125 0.3265625
71 0.60390625 0.234375 0.046875 0.409375
71 0.73828125 0.21953125 0.03125 0.38125
71 0.75859375 0.23203125 0.021875 0.35625
71 0.88203125 0.225 0.0265625 0.3375
71 0.859375 0.22734375 0.034375 0.3484375
71 0.83203125 0.5015625 0.3359375 0.996875