0 0.61796875 0.63515625 0.11875 0.3203125
0 0.675 0.6359375 0.09375 0.2234375
0 0.48671875 0.68359375 0.06875 0.1671875
0 0.8375 0.62421875 0.05 0.1421875
25 0.48359375 0.69375 0.096875 0.109375
25 0.62421875 0.6734375 0.6015625 0.2328125
0 0.57890625 0.67109375 0.053125 0.178125
0 0.46328125 0.62265625 0.01875 0.034375
0 0.50625 0.61953125 0.01875 0.0453125
0 0.90078125 0.5984375 0.034375 0.1
5 0.303125 0.66875 0.046875 0.0234375
5 0.88203125 0.5828125 0.0234375 0.0125
17 0.6390625 0.56953125 0.0375 0.0671875
17 0.46953125 0.66015625 0.028125 0.0609375
0 0.471875 0.6296875 0.0171875 0.0578125
0 0.759375 0.65078125 0.0484375 0.13125
24 0.77109375 0.67578125 0.3671875 0.253125
24 0.85859375 0.70390625 0.0625 0.028125
24 0.93515625 0.63984375 0.0234375 0.0484375
0 0.46640625 0.66640625 0.0234375 0.0609375
0 0.45390625 0.62734375 0.01875 0.0484375
0 0.4078125 0.69296875 0.0921875 0.2109375
24 0.4171875 0.7953125 0.0796875 0.0296875
24 0.6890625 0.74609375 0.0671875 0.025
24 0.56875 0.80390625 0.0359375 0.0125
24 0.5546875 0.75078125 0.0359375 0.0203125