12 0.890625 0.62421875 0.21796875 0.21875
45 0.15078125 0.5265625 0.27421875 0.3734375
0 0.5078125 0.72109375 0.12421875 0.43203125
0 0.18515625 0.72890625 0.1609375 0.5421875
0 0.0640625 0.69453125 0.121875 0.58671875
0 0.91328125 0.69609375 0.165625 0.4640625
0 0.58828125 0.57734375 0.10625 0.165625
0 0.38515625 0.69765625 0.1296875 0.5203125
43 0.6171875 0.5984375 0.0203125 0.02109375
79 0.87109375 0.246875 0.04375 0.11171875
0 0.72109375 0.55703125 0.05 0.14140625
0 0.78203125 0.5703125 0.03984375 0.128125
0 0.8078125 0.54765625 0.02578125 0.09609375
0 0.12734375 0.47734375 0.02578125 0.06640625
2 0.72109375 0.79296875 0.05625 0.18125
48 0.59296875 0.19609375 0.07578125 0.06171875
48 0.75078125 0.1828125 0.08203125 0.04296875
48 0.60390625 0.65703125 0.04375 0.0078125
18 0.3640625 0.19765625 0.26171875 0.14375
18 0.69296875 0.18515625 0.42578125 0.2375
18 0.25625 0.25703125 0.28984375 0.13828125
18 0.740625 0.44921875 0.128125 0.034375
18 0.615625 0.4640625 0.10234375 0.03984375
19 0.8390625 0.75078125 0.05234375 0.13828125
19 0.2390625 0.85234375 0.0578125 0.1359375
0 0.746875 0.53828125 0.028125 0.08828125
12 0.54609375 0.5203125 0.16796875 0.13359375
48 0.60390625 0.64140625 0.04765625 0.03203125