54 0.78125 0.38671875 0.171875 0.29609375
0 0.47734375 0.553125 0.41171875 0.86953125
0 0.584375 0.55859375 0.24375 0.8796875
0 0.640625 0.5640625 0.13984375 0.45078125
0 0.93203125 0.525 0.1359375 0.45625
53 0.14765625 0.67734375 0.29375 0.54140625
35 0.24375 0.74375 0.034375 0.090625
62 0.6703125 0.70234375 0.084375 0.06640625
64 0.97109375 0.34140625 0.00625 0.01328125
62 0.6921875 0.44921875 0.0296875 0.03203125
62 0.6046875 0.5796875 0.03984375 0.053125
62 0.23984375 0.765625 0.0703125 0.01875