7 0.515625 0.38984375 0.275 0.35
7 0.88125 0.753125 0.2328125 0.2515625
70 0.65078125 0.4734375 0.6984375 0.946875
33 0.68828125 0.38984375 0.1015625 0.3609375
33 0.77578125 0.3953125 0.1 0.3625
33 0.8953125 0.365625 0.109375 0.3625
33 0.9640625 0.33359375 0.065625 0.2921875
33 0.834375 0.3703125 0.0703125 0.3609375
33 0.64296875 0.3609375 0.0765625 0.346875
33 0.590625 0.2984375 0.0484375 0.2359375
33 0.52421875 0.72265625 0.0828125 0.2109375
33 0.7453125 0.24765625 0.053125 0.128125
33 0.9796875 0.33671875 0.040625 0.3046875
33 0.82734375 0.05859375 0.1265625 0.1046875
33 0.709375 0.05078125 0.1125 0.0953125
33 0.45390625 0.71484375 0.075 0.2140625
33 0.934375 0.05859375 0.13125 0.1046875