9 0.4515625 0.60234375 0.1375 0.621875
12 0.30078125 0.63125 0.2046875 0.1921875
12 0.08515625 0.615625 0.1703125 0.23125
12 0.96328125 0.71171875 0.06875 0.23125
45 0.18046875 0.54140625 0.103125 0.1859375
0 0.45546875 0.43671875 0.15 0.4421875
0 0.69296875 0.5875 0.0296875 0.1640625
0 0.56015625 0.58125 0.0515625 0.1703125
0 0.93515625 0.56328125 0.0390625 0.2
0 0.97265625 0.54765625 0.0515625 0.1234375
0 0.52578125 0.59140625 0.0296875 0.121875
0 0.20078125 0.578125 0.0234375 0.078125
45 0.12265625 0.49765625 0.0265625 0.075
79 0.234375 0.49140625 0.00625 0.0421875
17 0.56953125 0.55 0.0234375 0.046875
19 0.95234375 0.5453125 0.0046875 0.0390625
72 0.0203125 0.14296875 0.0265625 0.05
19 0.52578125 0.57890625 0.0171875 0.053125
45 0.25 0.52421875 0.034375 0.059375
0 0.175 0.56953125 0.0125 0.0203125