1 0.88359375 0.3296875 0.11875 0.1265625
1 0.96171875 0.340625 0.053125 0.109375
30 0.32734375 0.91953125 0.2421875 0.1609375
30 0.828125 0.47421875 0.0421875 0.034375
17 0.85390625 0.2828125 0.01875 0.0453125
67 0.82578125 0.234375 0.30625 0.271875
0 0.3140625 0.54921875 0.609375 0.875
0 0.60546875 0.303125 0.059375 0.1453125
0 0.65078125 0.2875 0.053125 0.09375
0 0.68984375 0.28203125 0.0421875 0.0921875
0 0.71484375 0.2515625 0.028125 0.05625
0 0.8109375 0.35234375 0.09375 0.2421875
0 0.840625 0.29921875 0.06875 0.171875
0 0.9421875 0.2828125 0.0796875 0.159375
0 0.9578125 0.2703125 0.0453125 0.1453125
54 0.55 0.3203125 0.0828125 0.109375
54 0.4640625 0.32890625 0.084375 0.128125
0 0.0078125 0.44375 0.015625 0.16875