12 0.96171875 0.59921875 0.0765625 0.0484375
12 0.95546875 0.58984375 0.0890625 0.0578125
12 0.671875 0.59765625 0.034375 0.0390625
79 0.55703125 0.3640625 0.025 0.06875
79 0.4328125 0.37890625 0.0265625 0.0703125
12 0.4234375 0.6640625 0.1203125 0.090625
12 0.2984375 0.640625 0.1 0.0578125
12 0.10859375 0.64765625 0.0296875 0.040625
79 0.72265625 0.09765625 0.0640625 0.16875
79 0.8234375 0.4828125 0.0203125 0.0234375
12 0.78359375 0.5890625 0.015625 0.0171875
12 0.928125 0.58671875 0.0359375 0.028125
12 0.21015625 0.640625 0.065625 0.05625
12 0.1375 0.64453125 0.0359375 0.0390625
12 0.54296875 0.6046875 0.0296875 0.01875
12 0.0546875 0.64921875 0.0453125 0.0296875
79 0.71640625 0.50234375 0.025 0.0171875
2 0.53671875 0.63203125 0.00625 0.0171875