12 0.29921875 0.25546875 0.1 0.0421875
12 0.4234375 0.27265625 0.08125 0.0390625
12 0.52421875 0.2796875 0.0625 0.0296875
12 0.66015625 0.2953125 0.096875 0.0484375
12 0.95859375 0.32578125 0.0828125 0.0296875
12 0.91484375 0.32265625 0.0625 0.0296875
0 0.57890625 0.35390625 0.128125 0.26875
0 0.74453125 0.5734375 0.5109375 0.853125
38 0.64296875 0.4359375 0.096875 0.025
12 0.98828125 0.33359375 0.0234375 0.0265625
12 0.4796875 0.27421875 0.0375 0.03125
45 0.41640625 0.25703125 0.1296875 0.059375
67 0.41640625 0.25703125 0.1296875 0.059375
67 0.7078125 0.296875 0.06875 0.040625
33 0.56015625 0.44140625 0.0546875 0.078125
33 0.60703125 0.459375 0.05 0.0875
48 0.3484375 0.71171875 0.1203125 0.0625
48 0.33671875 0.671875 0.35625 0.1890625
48 0.3921875 0.6078125 0.06875 0.01875
48 0.540625 0.49609375 0.065625 0.01875
12 0.365625 0.2625 0.0484375 0.0328125
0 0.62734375 0.3 0.0453125 0.0484375
48 0.54921875 0.51640625 0.0390625 0.01875
48 0.4984375 0.51640625 0.0421875 0.01875
48 0.58828125 0.55 0.125 0.034375
48 0.44921875 0.50078125 0.0484375 0.0203125