1 0.43515625 0.76875 0.0375 0.1171875
12 0.715625 0.746875 0.15625 0.2140625
12 0.97265625 0.69375 0.0546875 0.096875
12 0.78203125 0.68046875 0.0484375 0.06875
12 0.8671875 0.6703125 0.0578125 0.059375
12 0.915625 0.6578125 0.046875 0.0625
23 0.821875 0.85546875 0.096875 0.2109375
23 0.85703125 0.72421875 0.0421875 0.05625
23 0.93125 0.79921875 0.06875 0.146875
0 0.81875 0.74375 0.0828125 0.153125
0 0.52421875 0.5375 0.0609375 0.1328125
0 0.3265625 0.7421875 0.0296875 0.159375
0 0.27734375 0.76640625 0.0421875 0.1390625
0 0.296875 0.753125 0.0390625 0.1171875
0 0.34609375 0.70390625 0.0328125 0.0515625
0 0.365625 0.75390625 0.05 0.1484375
0 0.44140625 0.73046875 0.0375 0.1359375
18 0.346875 0.62734375 0.0859375 0.0640625
13 0.52265625 0.70625 0.146875 0.31875
0 0.9375 0.75078125 0.0625 0.18125
0 0.85703125 0.7265625 0.0421875 0.140625
0 0.80234375 0.68984375 0.0296875 0.065625
18 0.428125 0.63359375 0.059375 0.0453125
18 0.375 0.3890625 0.0796875 0.071875
1 0.36875 0.78359375 0.05625 0.1109375
1 0.3421875 0.78515625 0.0125 0.09375
23 0.79765625 0.70859375 0.0171875 0.028125
23 0.58359375 0.740625 0.06875 0.0484375
67 0.91796875 0.66015625 0.0515625 0.0671875
67 0.20078125 0.73125 0.203125 0.2
12 0.9375 0.65859375 0.021875 0.059375
12 0.99453125 0.640625 0.0109375 0.0125
12 0.20234375 0.72890625 0.221875 0.2171875
67 0.0609375 0.7171875 0.1140625 0.2109375
0 0.0453125 0.76796875 0.065625 0.2078125
12 0.95234375 0.66171875 0.021875 0.0515625
0 0.48203125 0.65 0.9640625 0.4875