59 0.8875 0.6640625 0.1328125 0.1546875
53 0.3984375 0.74921875 0.5125 0.5015625
71 0.60078125 0.49921875 0.0140625 0.046875
71 0.578125 0.553125 0.0109375 0.0421875
71 0.6125 0.55390625 0.009375 0.0421875
71 0.609375 0.546875 0.009375 0.028125
71 0.61015625 0.496875 0.009375 0.0421875
71 0.59296875 0.5546875 0.0296875 0.05
60 0.51328125 0.68046875 0.09375 0.1015625
62 0.571875 0.8328125 0.0390625 0.0375
62 0.7703125 0.58046875 0.0140625 0.0109375
64 0.55546875 0.821875 0.05 0.040625
71 0.5703125 0.4984375 0.01875 0.0515625
71 0.60625 0.49765625 0.009375 0.0421875
71 0.6125 0.49765625 0.0078125 0.0375
71 0.6171875 0.4984375 0.0109375 0.0421875
71 0.58203125 0.5 0.0125 0.0484375
55 0.13359375 0.83671875 0.2671875 0.2390625
71 0.59453125 0.5 0.0109375 0.046875
71 0.578125 0.49921875 0.0109375 0.05
53 0.13828125 0.8390625 0.2765625 0.246875
71 0.55390625 0.66640625 0.184375 0.3859375