54 0.9015625 0.05859375 0.09375 0.1171875
52 0.15859375 0.35546875 0.1265625 0.32421875
52 0.5296875 0.215625 0.690625 0.246875
23 0.54453125 0.575 0.765625 0.60859375
0 0.184375 0.23515625 0.084375 0.215625
60 0.33828125 0.28046875 0.096875 0.11953125
71 0.8203125 0.07734375 0.03125 0.00625
71 0.3046875 0.16640625 0.0171875 0.03359375
71 0.8203125 0.0890625 0.03125 0.01015625
71 0.8078125 0.05859375 0.0390625 0.01875
71 0.8078125 0.0484375 0.0328125 0.01015625
71 0.81484375 0.071875 0.0484375 0.00859375
71 0.79765625 0.0828125 0.015625 0.00859375
71 0.81328125 0.08046875 0.046875 0.0125
63 0.3328125 0.26640625 0.0328125 0.0125