8 0.790625 0.63125 0.38125 0.36640625
8 0.8453125 0.46796875 0.309375 0.25390625
33 0.22109375 0.0515625 0.0359375 0.0984375
33 0.26171875 0.05546875 0.0421875 0.11015625
70 0.80390625 0.24140625 0.3921875 0.4828125
40 0.50078125 0.56953125 0.1140625 0.159375
65 0.4921875 0.05546875 0.23125 0.11015625
36 0.340625 0.25859375 0.04375 0.075
36 0.38125 0.26328125 0.0328125 0.084375
38 0.496875 0.40859375 0.0265625 0.0515625
40 0.378125 0.51328125 0.090625 0.075
8 0.9390625 0.80234375 0.121875 0.3953125
36 0.33515625 0.215625 0.046875 0.06328125
36 0.26171875 0.0765625 0.0375 0.06796875
39 0.5609375 0.50703125 0.009375 0.04453125
35 0.421875 0.25625 0.0375 0.0609375
40 0.3859375 0.58125 0.109375 0.159375
36 0.4703125 0.265625 0.0234375 0.046875
39 0.5671875 0.48125 0.003125 0.009375
39 0.575 0.51171875 0.0078125 0.02578125