12 0.1984375 0.765625 0.11875 0.11328125
45 0.84140625 0.7015625 0.278125 0.1484375
19 0.18046875 0.759375 0.0125 0.05859375
19 0.05 0.77734375 0.03125 0.08984375
19 0.07265625 0.7828125 0.009375 0.0328125
0 0.61875 0.74296875 0.015625 0.05390625
0 0.09609375 0.7984375 0.0515625 0.1859375
0 0.21640625 0.78984375 0.0484375 0.17421875
0 0.2859375 0.8140625 0.071875 0.2546875
0 0.3375 0.77109375 0.0296875 0.1203125
0 0.375 0.765625 0.0296875 0.1296875
0 0.390625 0.740625 0.0125 0.06875
0 0.165625 0.79453125 0.0375 0.1671875
0 0.4078125 0.7828125 0.040625 0.153125
0 0.35390625 0.76171875 0.0203125 0.1015625
19 0.10625 0.80546875 0.01875 0.03515625
0 0.0328125 0.828125 0.065625 0.27109375
19 0.225 0.7515625 0.01875 0.04921875
0 0.3125 0.76328125 0.0234375 0.11796875
0 0.26484375 0.740625 0.0234375 0.0875
3 0.83359375 0.5875 0.0125 0.028125
0 0.3203125 0.7640625 0.015625 0.10390625