52 0.28203125 0.48984375 0.1546875 0.2921875
52 0.5515625 0.46171875 0.20625 0.2390625
57 0.55078125 0.18984375 0.8921875 0.3796875
0 0.784375 0.40703125 0.43125 0.8140625
0 0.0734375 0.4203125 0.146875 0.759375
35 0.3328125 0.74140625 0.16875 0.5171875
36 0.12578125 0.803125 0.1328125 0.2984375
36 0.50390625 0.82578125 0.1328125 0.3484375
38 0.58671875 0.42890625 0.1390625 0.2875
51 0.43125 0.7765625 0.45 0.440625
33 0.16484375 0.2 0.04375 0.1578125
52 0.68125 0.58046875 0.2109375 0.165625
64 0.025 0.07109375 0.05 0.0859375
19 0.90859375 0.7171875 0.1828125 0.521875
33 0.19609375 0.18828125 0.0359375 0.1609375
33 0.23515625 0.18984375 0.0328125 0.1703125
36 0.6859375 0.81875 0.1671875 0.359375
57 0.21015625 0.83359375 0.053125 0.16875