57 0.45546875 0.8359375 0.9109375 0.328125
0 0.39609375 0.56015625 0.2921875 0.3875
0 0.6328125 0.5265625 0.0953125 0.1953125
36 0.36015625 0.64765625 0.0703125 0.0796875
50 0.45 0.79140625 0.065625 0.0546875
50 0.3578125 0.89375 0.121875 0.1109375
60 0.57265625 0.571875 0.11875 0.1015625
73 0.67421875 0.81875 0.0828125 0.1640625
40 0.3359375 0.74921875 0.08125 0.0546875
50 0.4078125 0.77890625 0.0609375 0.0625
57 0.58671875 0.646875 0.1875 0.125
64 0.6390625 0.49140625 0.0203125 0.03125
73 0.6515625 0.5953125 0.034375 0.065625
0 0.04609375 0.36484375 0.0890625 0.2015625
0 0.3453125 0.41015625 0.065625 0.121875
0 0.1953125 0.3390625 0.0546875 0.0734375
36 0.08203125 0.44765625 0.03125 0.034375