53 0.72421875 0.81015625 0.5171875 0.3703125
52 0.0234375 0.7875 0.046875 0.39375
52 0.0984375 0.67265625 0.128125 0.2265625
36 0.38359375 0.603125 0.025 0.0359375
73 0.409375 0.60078125 0.0203125 0.0265625
36 0.409375 0.60078125 0.01875 0.0234375
52 0.2875 0.73046875 0.2 0.2140625
73 0.5015625 0.59140625 0.040625 0.0609375
52 0.3609375 0.903125 0.58125 0.19375
53 0.2875 0.728125 0.1953125 0.2171875
73 0.38359375 0.60234375 0.0265625 0.0359375
73 0.59140625 0.73359375 0.046875 0.0703125
73 0.46875 0.57890625 0.0265625 0.0875
73 0.35234375 0.59609375 0.0140625 0.0359375
73 0.36640625 0.58828125 0.028125 0.05625
36 0.46875 0.58984375 0.0234375 0.0609375
53 0.35390625 0.90546875 0.5921875 0.1890625