12 0.6984375 0.7296875 0.059375 0.0390625
27 0.121875 0.09140625 0.0453125 0.04375
12 0.41796875 0.76796875 0.0796875 0.0390625
12 0.73984375 0.72890625 0.0640625 0.0359375
12 0.634375 0.73515625 0.0296875 0.021875
0 0.10390625 0.921875 0.034375 0.08125
0 0.14296875 0.93828125 0.0359375 0.0921875
0 0.28046875 0.909375 0.0265625 0.075
0 0.3375 0.90625 0.0359375 0.0828125
0 0.4859375 0.91640625 0.021875 0.059375
0 0.48046875 0.9265625 0.0296875 0.075
0 0.5 0.9203125 0.028125 0.0734375
0 0.58046875 0.89296875 0.028125 0.0578125
0 0.934375 0.79375 0.0203125 0.0625
12 0.7796875 0.6984375 0.0109375 0.0078125
12 0.61875 0.7421875 0.028125 0.0328125
12 0.86796875 0.7046875 0.05625 0.028125
12 0.9296875 0.696875 0.0484375 0.028125
5 0.496875 0.7875 0.0453125 0.0375
5 0.5515625 0.77890625 0.025 0.0375
0 0.94765625 0.7953125 0.0171875 0.0546875
0 0.9421875 0.79609375 0.0125 0.0359375
0 0.5625 0.9 0.021875 0.0390625
0 0.27109375 0.8640625 0.025 0.0359375
12 0.66796875 0.73515625 0.0484375 0.0328125
12 0.3203125 0.75546875 0.0546875 0.01875
0 0.5640625 0.7546875 0.8625 0.278125