12 0.5015625 0.378125 0.996875 0.2375
0 0.74375 0.31953125 0.4296875 0.2703125
1 0.93203125 0.46484375 0.1359375 0.0609375
46 0.28671875 0.4109375 0.053125 0.03125
46 0.33203125 0.4109375 0.06875 0.0328125
46 0.378125 0.40625 0.0609375 0.0359375
46 0.45078125 0.4234375 0.153125 0.0640625
47 0.77890625 0.52578125 0.0265625 0.034375
47 0.74375 0.509375 0.1109375 0.03125
47 0.75703125 0.47578125 0.0359375 0.0203125
47 0.69921875 0.48984375 0.2046875 0.05625
47 0.8328125 0.53671875 0.0765625 0.01875
47 0.80625 0.52109375 0.021875 0.0125