12 0.07578125 0.75234375 0.1515625 0.1390625
12 0.12578125 0.71953125 0.05 0.040625
67 0.903125 0.73046875 0.184375 0.3125
79 0.2125 0.559375 0.04375 0.1140625
79 0.24921875 0.5515625 0.04375 0.0703125
0 0.315625 0.7671875 0.0515625 0.19375
0 0.36171875 0.77265625 0.0515625 0.196875
0 0.43046875 0.77265625 0.0546875 0.175
0 0.4703125 0.76484375 0.0515625 0.184375
0 0.615625 0.7671875 0.05 0.1609375
0 0.50859375 0.765625 0.0375 0.16875
0 0.73203125 0.7625 0.0546875 0.1578125
0 0.7765625 0.75546875 0.065625 0.1734375
0 0.2125 0.77890625 0.0515625 0.196875
0 0.28046875 0.77734375 0.0421875 0.1890625
12 0.9578125 0.859375 0.04375 0.10625
12 0.021875 0.68671875 0.04375 0.0265625
0 0.384375 0.76953125 0.046875 0.1765625
0 0.25078125 0.78203125 0.0640625 0.2046875
0 0.596875 0.72109375 0.015625 0.0265625
0 0.5015625 0.7671875 0.7515625 0.2984375