12 0.49921875 0.37890625 0.9984375 0.1859375
0 0.72734375 0.29921875 0.4171875 0.25
1 0.92890625 0.4265625 0.1375 0.0546875
46 0.2796875 0.4296875 0.0515625 0.0296875
46 0.325 0.42578125 0.0671875 0.0296875
46 0.3703125 0.4171875 0.059375 0.0328125
46 0.44375 0.428125 0.15 0.05625
47 0.7796875 0.5015625 0.025 0.0328125
47 0.74375 0.48828125 0.109375 0.0265625
47 0.75390625 0.453125 0.034375 0.01875
47 0.696875 0.47265625 0.203125 0.0453125
47 0.834375 0.5078125 0.075 0.015625
47 0.80703125 0.49453125 0.021875 0.0125