52 0.05234375 0.809375 0.1 0.3375
52 0.11796875 0.61015625 0.0703125 0.1
52 0.31875 0.66171875 0.0875 0.1765625
52 0.66015625 0.615625 0.0734375 0.090625
57 0.37421875 0.66875 0.1 0.1609375
57 0.315625 0.59765625 0.0515625 0.0359375
57 0.59296875 0.57890625 0.0625 0.015625
23 0.92109375 0.71640625 0.1546875 0.275
52 0.5375 0.63515625 0.0421875 0.14375
0 0.48984375 0.55234375 0.0546875 0.1203125
0 0.90234375 0.53984375 0.05 0.08125
18 0.81171875 0.3390625 0.275 0.13125
18 0.3359375 0.2828125 0.240625 0.0984375
18 0.65 0.403125 0.321875 0.3375
18 0.9203125 0.265625 0.159375 0.115625
18 0.04140625 0.3140625 0.0671875 0.04375
52 0.51171875 0.625 0.028125 0.1359375
52 0.40546875 0.66015625 0.0890625 0.184375
52 0.0984375 0.5984375 0.078125 0.0875
0 0.80703125 0.609375 0.0609375 0.2
0 0.82578125 0.54375 0.021875 0.0703125
0 0.2359375 0.5234375 0.034375 0.0828125
0 0.21484375 0.53984375 0.0390625 0.1078125
0 0.1859375 0.496875 0.0265625 0.0421875
0 0.33515625 0.5328125 0.0484375 0.1140625
0 0.86640625 0.5375 0.034375 0.075
0 0.78203125 0.5328125 0.0359375 0.06875
23 0.96796875 0.5859375 0.0484375 0.040625
52 0.13046875 0.6765625 0.0859375 0.2
52 0.36328125 0.575 0.01875 0.0359375
52 0.8453125 0.6328125 0.0515625 0.1890625
57 0.846875 0.609375 0.0328125 0.0875
0 0.58828125 0.534375 0.05 0.08125
52 0.09453125 0.559375 0.053125 0.0203125
57 0.284375 0.5828125 0.0609375 0.03125
57 0.7296875 0.55859375 0.075 0.0171875
57 0.71640625 0.60078125 0.08125 0.04375
57 0.63828125 0.59453125 0.06875 0.025
0 0.35 0.48515625 0.0421875 0.15
0 0.66328125 0.5203125 0.0328125 0.06875
52 0.49375 0.63203125 0.5421875 0.178125