12 0.0921875 0.37421875 0.1625 0.1046875
12 0.80546875 0.4453125 0.0171875 0.0171875
45 0.36953125 0.5078125 0.734375 0.64375
0 0.56171875 0.64453125 0.1453125 0.3546875
0 0.67890625 0.52421875 0.08125 0.159375
0 0.73203125 0.6171875 0.096875 0.2984375
0 0.83828125 0.690625 0.140625 0.328125
0 0.95625 0.54296875 0.06875 0.13125
0 0.71875 0.66484375 0.1546875 0.3265625
0 0.61953125 0.62421875 0.1125 0.3296875
0 0.94140625 0.67734375 0.1171875 0.3328125
0 0.81640625 0.5765625 0.075 0.1640625
0 0.9328125 0.5421875 0.0484375 0.1203125
17 0.665625 0.6109375 0.0421875 0.071875
19 0.86015625 0.72109375 0.0671875 0.078125
19 0.92265625 0.6328125 0.0765625 0.1453125
0 0.83671875 0.496875 0.0421875 0.071875
0 0.89140625 0.56875 0.0515625 0.11875
19 0.6828125 0.6828125 0.075 0.0828125
19 0.50078125 0.72421875 0.059375 0.1375
0 0.90625 0.565625 0.0390625 0.096875
21 0.68203125 0.678125 0.0703125 0.084375
0 0.60625 0.434375 0.6234375 0.2265625