33 0.328125 0.25078125 0.0109375 0.0609375
52 0.74296875 0.91796875 0.1046875 0.15625
57 0.584375 0.8375 0.328125 0.1078125
0 0.746875 0.575 0.1609375 0.45078125
0 0.38359375 0.62265625 0.1984375 0.5375
69 0.58203125 0.62578125 0.1734375 0.05390625
52 0.4015625 0.89375 0.0984375 0.20078125
66 0.23671875 0.74296875 0.1390625 0.40390625
70 0.08828125 0.66015625 0.1203125 0.5234375
36 0.425 0.40546875 0.0125 0.02109375
36 0.41171875 0.425 0.0109375 0.0234375
36 0.3875 0.4265625 0.0125 0.02109375
36 0.421875 0.42421875 0.015625 0.02578125
36 0.4015625 0.42421875 0.0140625 0.028125