33 0.27109375 0.709375 0.015625 0.053125
33 0.121875 0.71328125 0.0203125 0.071875
33 0.2546875 0.703125 0.025 0.0796875
33 0.040625 0.68984375 0.025 0.1078125
33 0.06015625 0.66484375 0.0265625 0.065625
33 0.2140625 0.71171875 0.01875 0.075
33 0.0671875 0.71484375 0.0234375 0.071875
33 0.0875 0.69609375 0.0171875 0.0453125
33 0.19921875 0.6921875 0.0125 0.040625
33 0.10546875 0.6609375 0.0171875 0.034375
33 0.1421875 0.7140625 0.0203125 0.0703125
33 0.234375 0.709375 0.0203125 0.078125
33 0.17890625 0.71171875 0.01875 0.071875
33 0.28984375 0.54296875 0.0234375 0.0859375
33 0.3484375 0.53984375 0.0234375 0.096875
41 0.5921875 0.44375 0.0265625 0.0140625
41 0.4359375 0.32734375 0.0234375 0.0296875
41 0.57265625 0.321875 0.0234375 0.0515625
41 0.6125 0.31640625 0.034375 0.0515625
33 0.3296875 0.540625 0.0234375 0.0984375
41 0.51796875 0.32890625 0.0265625 0.0359375
41 0.46875 0.321875 0.0171875 0.040625
41 0.396875 0.30546875 0.0375 0.0484375
41 0.69375 0.50625 0.0546875 0.0390625
41 0.596875 0.49140625 0.040625 0.046875
41 0.65390625 0.471875 0.0296875 0.025
33 0.3734375 0.54296875 0.1640625 0.1171875