51 0.625 0.540625 0.1453125 0.04375
51 0.4484375 0.37734375 0.13828125 0.0421875
51 0.75859375 0.384375 0.1453125 0.0421875
51 0.29609375 0.3734375 0.1265625 0.04375
51 0.31171875 0.459375 0.13125 0.046875
51 0.771875 0.53984375 0.13359375 0.0515625
51 0.3453125 0.53203125 0.0890625 0.0421875
51 0.4765625 0.5359375 0.1359375 0.0515625
51 0.45234375 0.4609375 0.140625 0.05
51 0.6203125 0.4640625 0.140625 0.046875
51 0.76953125 0.459375 0.14765625 0.05
51 0.65703125 0.61328125 0.04453125 0.0265625