33 0.54609375 0.21796875 0.065625 0.30234375
33 0.62578125 0.22734375 0.0671875 0.32265625
52 0.1203125 0.203125 0.240625 0.12734375
52 0.6953125 0.18359375 0.2109375 0.16640625
57 0.5 0.5328125 1 0.934375
40 0.190625 0.47421875 0.33125 0.23984375
40 0.75234375 0.409375 0.2609375 0.18359375
71 0.40625 0.15234375 0.028125 0.10390625
71 0.42109375 0.13984375 0.1828125 0.13359375
71 0.29453125 0.16953125 0.015625 0.07734375
71 0.2375 0.17734375 0.028125 0.08125
46 0.49140625 0.44375 0.225 0.15390625
46 0.69140625 0.40390625 0.0609375 0.04375
46 0.7515625 0.38359375 0.0625 0.03984375
46 0.81875 0.421875 0.0296875 0.04375
71 0.253125 0.175 0.0140625 0.07890625
71 0.28125 0.16953125 0.01875 0.08359375
71 0.12734375 0.05546875 0.1 0.07109375
71 0.26796875 0.18046875 0.01875 0.06875
71 0.30546875 0.165625 0.0203125 0.07890625
33 0.91640625 0.30234375 0.028125 0.05859375
33 0.93515625 0.309375 0.025 0.05234375