53 0.625 0.61953125 0.3484375 0.271875
52 0.9484375 0.76015625 0.096875 0.415625
57 0.42421875 0.68671875 0.3609375 0.3
0 0.690625 0.6015625 0.2296875 0.3390625
0 0.5875 0.5359375 0.0671875 0.0796875
0 0.54609375 0.50859375 0.0921875 0.0953125
71 0.253125 0.33515625 0.0109375 0.0546875
71 0.51171875 0.67109375 0.065625 0.0453125
71 0.4171875 0.65390625 0.053125 0.046875
71 0.515625 0.5609375 0.0515625 0.034375
71 0.090625 0.6875 0.025 0.0859375
71 0.45859375 0.6546875 0.0234375 0.0109375
71 0.2375 0.42421875 0.0125 0.0640625
0 0.6046875 0.4953125 0.0453125 0.04375
0 0.059375 0.60625 0.11875 0.28125
71 0.23984375 0.33359375 0.0265625 0.053125
71 0.2453125 0.41796875 0.0140625 0.075
71 0.34375 0.51953125 0.015625 0.0640625
71 0.19765625 0.40703125 0.01875 0.0828125
71 0.23515625 0.39921875 0.00625 0.0171875
73 0.209375 0.21015625 0.0359375 0.05625
71 0.25625 0.59453125 0.028125 0.01875
52 0.0984375 0.61328125 0.196875 0.2421875
71 0.3234375 0.5078125 0.0203125 0.0265625