10 0.65234375 0.70703125 0.06875 0.15625
10 0.70859375 0.6234375 0.084375 0.13125
10 0.64375 0.5890625 0.05625 0.0890625
10 0.61171875 0.53984375 0.0359375 0.0859375
0 0.3234375 0.67734375 0.19375 0.634375
10 0.52578125 0.6640625 0.090625 0.1625
10 0.6765625 0.53515625 0.0609375 0.0890625
10 0.96484375 0.5015625 0.046875 0.090625
10 0.81171875 0.51953125 0.0390625 0.0984375
10 0.65703125 0.48125 0.034375 0.0515625
10 0.0671875 0.6859375 0.1 0.13125
10 0.47109375 0.5046875 0.040625 0.0578125
10 0.5046875 0.528125 0.0421875 0.0640625
10 0.58359375 0.50859375 0.0390625 0.0671875
10 0.69609375 0.44921875 0.025 0.040625
10 0.75625 0.48515625 0.034375 0.0703125
10 0.728125 0.45234375 0.0421875 0.0328125
17 0.2015625 0.61640625 0.1140625 0.2640625
10 0.49921875 0.60234375 0.0671875 0.0890625
10 0.528125 0.56484375 0.89375 0.3625