56 0.475 0.340625 0.409375 0.4171875
12 0.06953125 0.44140625 0.1390625 0.1015625
12 0.01640625 0.50546875 0.0328125 0.0609375
4 0.034375 0.4453125 0.0203125 0.0375
4 0.0578125 0.4390625 0.01875 0.0296875
4 0.07890625 0.4359375 0.01875 0.03125
4 0.096875 0.43125 0.01875 0.0265625
4 0.1140625 0.43203125 0.015625 0.0234375
4 0.1328125 0.4328125 0.015625 0.0265625
4 0.14453125 0.43359375 0.01875 0.0375
4 0.15859375 0.43125 0.015625 0.028125
4 0.1703125 0.43125 0.0140625 0.034375
4 0.01015625 0.4484375 0.0203125 0.040625
12 0.16171875 0.434375 0.1296875 0.0921875
12 0.03046875 0.49453125 0.0609375 0.0515625
4 0.25 0.41171875 0.009375 0.0234375