6 0.52890625 0.43046875 0.0625 0.053125
6 0.5375 0.30703125 0.0609375 0.01875
6 0.41953125 0.5546875 0.01875 0.0265625
6 0.15078125 0.5734375 0.0203125 0.0265625
6 0.640625 0.61171875 0.0171875 0.028125
6 0.671875 0.5921875 0.0234375 0.0265625
6 0.7015625 0.56015625 0.0140625 0.021875
6 0.825 0.58828125 0.025 0.03125
6 0.753125 0.60390625 0.0203125 0.0234375
0 0.25625 0.584375 0.228125 0.6078125
22 0.24375 0.54765625 0.0515625 0.0703125
17 0.353125 0.64765625 0.059375 0.09375
17 0.14375 0.64921875 0.05 0.075
17 0.0171875 0.64375 0.034375 0.0875
6 0.484375 0.58125 0.021875 0.0234375
6 0.92421875 0.61953125 0.015625 0.0234375
6 0.35390625 0.56953125 0.009375 0.0140625
6 0.18125 0.5890625 0.0109375 0.021875
17 0.10703125 0.66484375 0.046875 0.05