25 0.94453125 0.809375 0.1109375 0.075
25 0.68515625 0.85859375 0.084375 0.0640625
0 0.81796875 0.78046875 0.290625 0.384375
0 0.93828125 0.69140625 0.1234375 0.2484375
0 0.8921875 0.63828125 0.078125 0.1390625
0 0.71796875 0.64609375 0.0515625 0.0890625
0 0.5078125 0.8640625 0.203125 0.271875
0 0.44375 0.79296875 0.146875 0.275
0 0.446875 0.671875 0.0671875 0.0859375
0 0.30546875 0.69375 0.0859375 0.1328125
0 0.5921875 0.55078125 0.01875 0.0296875
0 0.20625 0.60078125 0.0265625 0.0375
0 0.67109375 0.77109375 0.1171875 0.2421875
24 0.340625 0.759375 0.0609375 0.025
0 0.27109375 0.5625 0.021875 0.0296875