12 0.07890625 0.85625 0.1578125 0.171875
12 0.84140625 0.78671875 0.3015625 0.4265625
45 0.34296875 0.765625 0.6859375 0.46875
45 0.71171875 0.8671875 0.1203125 0.2046875
0 0.18671875 0.7140625 0.05 0.090625
72 0.515625 0.22734375 0.03125 0.04375
0 0.3703125 0.7234375 0.05625 0.096875
0 0.10234375 0.703125 0.0640625 0.075
0 0.453125 0.78125 0.071875 0.2296875
0 0.02890625 0.68359375 0.0578125 0.0921875
12 0.15 0.946875 0.3 0.075
0 0.215625 0.803125 0.046875 0.090625
0 0.61796875 0.78125 0.0453125 0.0359375
0 0.4015625 0.75390625 0.025 0.04375