1 0.4390625 0.52265625 0.1328125 0.196875
12 0.225 0.4296875 0.2171875 0.1671875
12 0.684375 0.36640625 0.240625 0.1859375
12 0.78671875 0.35 0.109375 0.1046875
12 0.4984375 0.36875 0.1578125 0.096875
30 0.06171875 0.7734375 0.075 0.0578125
30 0.3390625 0.4875 0.0390625 0.0265625
30 0.865625 0.4640625 0.0640625 0.0328125
0 0.64765625 0.58515625 0.3765625 0.8265625
0 0.32578125 0.4 0.0703125 0.1828125
0 0.86484375 0.36640625 0.0796875 0.1890625
0 0.4390625 0.3625 0.0390625 0.078125
0 0.04140625 0.4453125 0.0578125 0.175
0 0.475 0.43046875 0.1359375 0.2515625
0 0.89765625 0.34296875 0.0515625 0.1640625
12 0.940625 0.31640625 0.0796875 0.1046875
67 0.8921875 0.2484375 0.13125 0.1046875
17 0.8546875 0.31875 0.0375 0.040625
30 0.94921875 0.375 0.0265625 0.0109375
30 0.9796875 0.35625 0.0171875 0.0125
0 0.95 0.31875 0.0453125 0.1140625
0 0.67890625 0.28671875 0.05625 0.075
0 0.9765625 0.31015625 0.0203125 0.08125
0 0.01484375 0.4578125 0.0296875 0.21875
30 0.90625 0.40859375 0.021875 0.01875
0 0.13359375 0.3828125 0.0390625 0.103125
12 0.1640625 0.38671875 0.0515625 0.0546875
12 0.3640625 0.3765625 0.0390625 0.0640625
0 0.41328125 0.37578125 0.69375 0.228125