52 0.88984375 0.3515625 0.090625 0.1078125
52 0.23515625 0.26640625 0.05 0.0515625
52 0.1859375 0.30234375 0.0671875 0.0578125
0 0.48125 0.3671875 0.81875 0.73125
0 0.0609375 0.14375 0.1046875 0.0859375
36 0.796875 0.91484375 0.2875 0.1703125
49 0.51875 0.8453125 0.621875 0.2921875
0 0.1515625 0.240625 0.125 0.1484375
0 0.79921875 0.20234375 0.246875 0.140625
0 0.9625 0.196875 0.075 0.096875
0 0.0859375 0.125 0.075 0.0921875
0 0.76640625 0.15703125 0.0609375 0.0484375
0 0.34453125 0.175 0.0359375 0.0765625
35 0.08671875 0.63828125 0.1734375 0.1
52 0.9421875 0.46953125 0.115625 0.2265625
0 0.2140625 0.18046875 0.065625 0.1046875
0 0.8671875 0.20859375 0.084375 0.0625
33 0.91328125 0.86015625 0.1734375 0.2796875
36 0.0953125 0.63515625 0.178125 0.10625
52 0.10859375 0.353125 0.103125 0.1015625
0 0.08046875 0.23125 0.1609375 0.1890625
0 0.00703125 0.09921875 0.0140625 0.0390625
0 0.03984375 0.303125 0.0796875 0.1546875
52 0.05625 0.46796875 0.1125 0.2484375