53 0.14453125 0.546875 0.2890625 0.315625
53 0.73984375 0.66171875 0.2703125 0.3265625
57 0.41796875 0.72734375 0.30625 0.29375
78 0.89765625 0.3015625 0.034375 0.0203125
0 0.43828125 0.42109375 0.1953125 0.35
0 0.57578125 0.55078125 0.3671875 0.484375
0 0.30859375 0.50234375 0.128125 0.2515625
37 0.37734375 0.7078125 0.034375 0.0390625
37 0.17421875 0.80234375 0.0453125 0.05625
38 0.059375 0.6984375 0.0390625 0.04375
40 0.32734375 0.659375 0.084375 0.0515625
37 0.0796875 0.7 0.0453125 0.025
38 0.3921875 0.71171875 0.0265625 0.0390625
40 0.0203125 0.72734375 0.040625 0.0546875
40 0.03671875 0.78984375 0.0734375 0.0765625
53 0.66328125 0.8265625 0.6546875 0.346875
57 0.14140625 0.81015625 0.2828125 0.3171875
38 0.33203125 0.615625 0.0421875 0.0328125
38 0.4875 0.63359375 0.0484375 0.0265625
38 0.19140625 0.8078125 0.034375 0.046875
40 0.31484375 0.67890625 0.0375 0.0390625
40 0.41015625 0.65546875 0.1109375 0.0625
53 0.90703125 0.62109375 0.1859375 0.2546875
0 0.5484375 0.58671875 0.1140625 0.309375
37 0.33671875 0.61328125 0.0375 0.028125