54 0.4859375 0.4890625 0.965625 0.975
73 0.5171875 0.8078125 0.428125 0.3578125
35 0.9734375 0.73125 0.053125 0.109375
35 0.91328125 0.73203125 0.0671875 0.1078125
35 0.875 0.7296875 0.0625 0.1125
35 0.8140625 0.72890625 0.08125 0.109375
35 0.7046875 0.728125 0.0640625 0.09375
35 0.875 0.67109375 0.053125 0.0078125
35 0.809375 0.70078125 0.059375 0.075
35 0.94921875 0.71796875 0.04375 0.090625
35 0.9421875 0.63671875 0.03125 0.0078125
35 0.75078125 0.73203125 0.053125 0.0859375
35 0.875 0.64296875 0.059375 0.0078125
35 0.8125 0.66328125 0.059375 0.009375
35 0.7140625 0.67109375 0.05 0.0203125
35 0.83203125 0.68984375 0.33125 0.153125