18 0.49296875 0.62421875 0.1109375 0.059375
19 0.24375 0.81171875 0.0890625 0.2078125
19 0.1328125 0.615625 0.1046875 0.3140625
0 0.0625 0.61875 0.125 0.703125
0 0.16015625 0.67734375 0.215625 0.6078125
0 0.2890625 0.7359375 0.1640625 0.5046875
0 0.5546875 0.79140625 0.09375 0.35
0 0.4734375 0.76015625 0.0859375 0.2484375
0 0.60625 0.75859375 0.0890625 0.2703125
0 0.3921875 0.73125 0.0796875 0.290625
0 0.925 0.78046875 0.14375 0.4390625
0 0.43828125 0.71875 0.0265625 0.128125
0 0.6640625 0.7609375 0.059375 0.2046875
0 0.36015625 0.71484375 0.053125 0.190625
17 0.42578125 0.68828125 0.0296875 0.0828125
19 0.4890625 0.71171875 0.0453125 0.071875
19 0.06015625 0.871875 0.1203125 0.203125
19 0.36796875 0.671875 0.034375 0.0578125