52 0.28203125 0.50859375 0.1796875 0.3046875
52 0.5484375 0.45703125 0.225 0.25625
57 0.52421875 0.20703125 0.9203125 0.4140625
0 0.7625 0.40234375 0.475 0.8046875
0 0.08671875 0.45703125 0.1734375 0.7671875
35 0.3546875 0.7453125 0.2125 0.509375
36 0.153125 0.83515625 0.1578125 0.309375
36 0.5328125 0.82265625 0.1625 0.3546875
38 0.58046875 0.421875 0.1640625 0.296875
51 0.4546875 0.77109375 0.484375 0.4578125
33 0.13984375 0.23046875 0.05625 0.1609375
52 0.6875 0.5640625 0.2234375 0.1828125
64 0.009375 0.1140625 0.01875 0.090625
19 0.90625 0.6796875 0.1875 0.534375
33 0.1703125 0.215625 0.05 0.1625
33 0.209375 0.2140625 0.046875 0.171875
36 0.71328125 0.8015625 0.196875 0.371875
57 0.240625 0.85703125 0.0671875 0.171875