0 0.42890625 0.53671875 0.5640625 0.7
0 0.91171875 0.403125 0.1765625 0.309375
0 0.459375 0.22890625 0.3046875 0.3109375
0 0.20703125 0.109375 0.1671875 0.125
0 0.21484375 0.0890625 0.2890625 0.178125
0 0.42890625 0.04453125 0.2546875 0.0890625
0 0.96796875 0.18046875 0.0640625 0.0984375
5 0.64140625 0.14609375 0.7171875 0.2921875
29 0.378125 0.47109375 0.1046875 0.0609375
5 0.72109375 0.3578125 0.3921875 0.14375
0 0.73046875 0.08359375 0.1671875 0.125
0 0.60703125 0.06484375 0.1859375 0.1296875