45 0.74921875 0.89375 0.3953125 0.1875
0 0.18671875 0.946875 0.084375 0.1046875
0 0.38046875 0.92890625 0.06015625 0.0890625
0 0.275 0.91484375 0.03359375 0.0421875
0 0.3 0.9046875 0.021875 0.0234375
5 0.26484375 0.93125 0.0796875 0.046875
19 0.36171875 0.94296875 0.02421875 0.025
19 0.1625 0.95078125 0.0265625 0.025
72 0.26640625 0.6328125 0.03359375 0.021875
72 0.23046875 0.6359375 0.01171875 0.01875
0 0.3515625 0.89609375 0.00703125 0.0171875
0 0.53359375 0.85078125 0.021875 0.025
0 0.284375 0.90390625 0.03125 0.0390625
19 0.26640625 0.9171875 0.021875 0.0109375