33 0.5265625 0.42265625 0.01875 0.07109375
33 0.45078125 0.50390625 0.0265625 0.11640625
53 0.090625 0.52109375 0.18125 0.24609375
52 0.1515625 0.67734375 0.103125 0.44375
52 0.67734375 0.65625 0.2171875 0.37265625
52 0.7578125 0.43515625 0.0328125 0.10390625
52 0.3828125 0.45 0.0453125 0.1125
52 0.63515625 0.88984375 0.4421875 0.2
57 0.85625 0.428125 0.134375 0.06484375
35 0.4796875 0.52578125 0.0328125 0.09609375
35 0.56796875 0.39765625 0.015625 0.03515625
35 0.51328125 0.51328125 0.03125 0.09140625
36 0.459375 0.58046875 0.025 0.03515625
36 0.56484375 0.434375 0.009375 0.02734375
40 0.428125 0.61796875 0.05 0.04375
40 0.56640625 0.49375 0.078125 0.05859375
0 0.35703125 0.49375 0.153125 0.2125
0 0.74140625 0.365625 0.1015625 0.125
0 0.19140625 0.44296875 0.075 0.18359375
0 0.6359375 0.446875 0.0953125 0.29609375
0 0.68125 0.48828125 0.1234375 0.25390625
0 0.628125 0.66484375 0.1765625 0.26640625
0 0.29296875 0.38984375 0.10625 0.16484375
0 0.25 0.57734375 0.1265625 0.28125
36 0.86875 0.41328125 0.0203125 0.03515625
52 0.91015625 0.63046875 0.1796875 0.37265625
57 0.45390625 0.69609375 0.35 0.53984375
71 0.025 0.89375 0.0484375 0.04375
36 0.8546875 0.39921875 0.0109375 0.01484375
52 0.91640625 0.87890625 0.1671875 0.24140625
53 0.91015625 0.63125 0.1796875 0.36640625
38 0.428125 0.57265625 0.0171875 0.00859375
0 0.27890625 0.29453125 0.1203125 0.24765625
0 0.44375 0.40703125 0.1 0.18359375