52 0.56484375 0.80390625 0.2109375 0.30625
52 0.20859375 0.75703125 0.140625 0.30625
0 0.509375 0.653125 0.6671875 0.67265625
0 0.91875 0.7390625 0.1625 0.521875
0 0.321875 0.41171875 0.0984375 0.35
62 0.82421875 0.471875 0.0515625 0.05
0 0.61015625 0.73671875 0.271875 0.49375
33 0.603125 0.7 0.0234375 0.06875
65 0.88046875 0.35546875 0.096875 0.08515625
66 0.596875 0.646875 0.078125 0.15625
70 0.86640625 0.53046875 0.128125 0.28125
71 0.04140625 0.90859375 0.0796875 0.03515625
71 0.14375 0.94921875 0.034375 0.025
71 0.04296875 0.95 0.0859375 0.01875
71 0.040625 0.96015625 0.0796875 0.01640625
71 0.0484375 0.98828125 0.0609375 0.01875
71 0.04375 0.96796875 0.0875 0.02734375
71 0.04296875 0.93203125 0.0859375 0.02109375
71 0.10859375 0.95390625 0.059375 0.01484375
71 0.1890625 0.971875 0.0484375 0.01484375
52 0.83984375 0.79375 0.1109375 0.40390625
72 0.23671875 0.45859375 0.0375 0.06484375