33 0.89921875 0.42421875 0.0859375 0.21875
33 0.953125 0.56484375 0.090625 0.28515625
33 0.95625 0.71796875 0.0875 0.26640625
57 0.5 0.73203125 1 0.50390625
0 0.52109375 0.275 0.315625 0.55
39 0.521875 0.56640625 0.084375 0.075
39 0.38671875 0.61328125 0.0671875 0.11640625
39 0.35625 0.74765625 0.0484375 0.12265625
40 0.69609375 0.53125 0.159375 0.10625
40 0.16171875 0.20078125 0.071875 0.04765625
33 0.24453125 0.17265625 0.0265625 0.07890625
33 0.2546875 0.16484375 0.015625 0.08984375
36 0.25 0.23046875 0.0328125 0.04375
37 0.22421875 0.64453125 0.171875 0.11484375
39 0.31640625 0.7125 0.06875 0.1875
40 0.21484375 0.23203125 0.0671875 0.05234375
66 0.09453125 0.41640625 0.1890625 0.35234375
39 0.37421875 0.640625 0.0609375 0.0875
39 0.44375 0.6125 0.0828125 0.04609375
70 0.42578125 0.28203125 0.3171875 0.5640625
33 0.6453125 0.49765625 0.1203125 0.21875
39 0.409375 0.771875 0.0625 0.19609375