33 0.53828125 0.428125 0.0296875 0.0734375
33 0.45078125 0.49609375 0.04375 0.11875
53 0.1 0.45625 0.2 0.271875
52 0.128125 0.6203125 0.171875 0.4546875
52 0.65078125 0.68203125 0.2734375 0.4015625
52 0.76484375 0.4765625 0.0484375 0.1078125
52 0.3921875 0.43203125 0.0625 0.11875
52 0.571875 0.8859375 0.46875 0.228125
57 0.86328125 0.484375 0.1421875 0.084375
35 0.47578125 0.52265625 0.046875 0.1
35 0.5828125 0.409375 0.0203125 0.0375
35 0.5109375 0.51484375 0.0453125 0.0953125
36 0.44765625 0.5734375 0.0296875 0.0390625
36 0.57421875 0.4453125 0.0140625 0.028125
40 0.4109375 0.60546875 0.05625 0.0515625
40 0.56640625 0.50390625 0.0859375 0.0703125
0 0.36015625 0.47109375 0.184375 0.234375
0 0.759375 0.4046875 0.1203125 0.1390625
0 0.20390625 0.3953125 0.103125 0.19375
0 0.6421875 0.46875 0.140625 0.3078125
0 0.68046875 0.51640625 0.1609375 0.2703125
0 0.60078125 0.6828125 0.215625 0.290625
0 0.3125 0.35859375 0.13125 0.1796875
0 0.240625 0.5375 0.16875 0.296875
36 0.878125 0.471875 0.025 0.0375
52 0.8828125 0.6921875 0.234375 0.396875
57 0.4234375 0.68671875 0.4296875 0.5875
36 0.86640625 0.45625 0.0125 0.015625
52 0.8515625 0.903125 0.203125 0.19375
53 0.88359375 0.69375 0.2328125 0.390625
38 0.41796875 0.56015625 0.01875 0.0109375
0 0.3140625 0.2625 0.1578125 0.2640625
0 0.459375 0.39921875 0.128125 0.196875