33 0.7234375 0.5359375 0.034375 0.0984375
70 0.28671875 0.6515625 0.284375 0.5625
36 0.775 0.24765625 0.0421875 0.0421875
36 0.7453125 0.2546875 0.0359375 0.0375
36 0.88046875 0.2265625 0.0109375 0.0265625
36 0.896875 0.21875 0.0296875 0.0390625
36 0.71484375 0.26328125 0.01875 0.0328125
40 0.7296875 0.403125 0.034375 0.0203125
40 0.82421875 0.38359375 0.0390625 0.0265625
66 0.55 0.75859375 0.2625 0.4046875
68 0.78515625 0.54140625 0.0828125 0.084375
36 0.8375 0.22421875 0.0359375 0.0546875
39 0.66953125 0.51015625 0.0234375 0.0375
37 0.7046875 0.51171875 0.0078125 0.0265625
37 0.6921875 0.5109375 0.01875 0.0328125
69 0.93203125 0.7 0.1359375 0.109375
69 0.9125 0.59453125 0.175 0.0859375
36 0.7921875 0.24765625 0.025 0.028125
36 0.8625 0.2234375 0.028125 0.0453125
36 0.8125 0.2421875 0.021875 0.028125
39 0.63515625 0.3734375 0.0109375 0.0296875
40 0.65078125 0.375 0.0078125 0.01875