70 0.37734375 0.4640625 0.1 0.18515625
52 0.4015625 0.8703125 0.15 0.23671875
66 0.81015625 0.5125 0.103125 0.25078125
66 0.8890625 0.75859375 0.1671875 0.34453125
69 0.58828125 0.53984375 0.0953125 0.0328125
73 0.63125 0.50546875 0.015625 0.0421875
33 0.94765625 0.56640625 0.0125 0.065625
33 0.99609375 0.59375 0.0078125 0.0796875
35 0.74765625 0.46953125 0.0109375 0.0328125
35 0.73359375 0.47109375 0.009375 0.02578125
35 0.71953125 0.46953125 0.0109375 0.03046875
36 0.25859375 0.3984375 0.0171875 0.028125
40 0.259375 0.39609375 0.015625 0.02109375
52 0.2671875 0.86484375 0.140625 0.2703125