53 0.5109375 0.203125 0.5859375 0.2046875
52 0.078125 0.39140625 0.1453125 0.2
57 0.53046875 0.6609375 0.6796875 0.5390625
57 0.1109375 0.0984375 0.1390625 0.1
57 0.8 0.4984375 0.2 0.1296875
0 0.278125 0.36484375 0.365625 0.7015625
0 0.71484375 0.55 0.5703125 0.9
0 0.58046875 0.20546875 0.1703125 0.2546875
36 0.634375 0.57578125 0.0953125 0.0890625
60 0.5328125 0.52265625 0.5453125 0.775
12 0.19765625 0.0171875 0.1171875 0.034375
36 0.55546875 0.5125 0.075 0.1
52 0.1296875 0.41796875 0.078125 0.1421875
52 0.20078125 0.6609375 0.321875 0.6265625
52 0.68125 0.4375 0.28125 0.334375
52 0.51953125 0.36171875 0.2078125 0.2390625
52 0.24140625 0.0515625 0.0671875 0.0546875
52 0.05234375 0.25625 0.059375 0.075
52 0.15625 0.06953125 0.09375 0.0890625
52 0.075 0.0640625 0.0546875 0.0640625
57 0.4234375 0.32890625 0.08125 0.1015625
36 0.80078125 0.4 0.05 0.103125
0 0.2125 0.1984375 0.1375 0.2453125
0 0.73671875 0.303125 0.290625 0.421875
0 0.11875 0.2328125 0.1671875 0.2578125