64 0.47890625 0.50234375 0.0671875 0.1453125
19 0.77109375 0.909375 0.209375 0.1328125
0 0.315625 0.6609375 0.271875 0.5390625
0 0.3234375 0.571875 0.0546875 0.0859375
0 0.6078125 0.565625 0.675 0.86875
0 0.90703125 0.68984375 0.1859375 0.4953125
0 0.21171875 0.69921875 0.3984375 0.6015625
0 0.97109375 0.6921875 0.0578125 0.446875
0 0.8078125 0.525 0.0578125 0.109375
0 0.17421875 0.875 0.2640625 0.25
0 0.81953125 0.6484375 0.26875 0.425
0 0.3890625 0.60234375 0.0390625 0.05625
17 0.43828125 0.58359375 0.0546875 0.096875
17 0.23828125 0.7453125 0.1109375 0.190625
64 0.90546875 0.53203125 0.05625 0.0734375