59 0.39609375 0.3 0.1203125 0.2765625
52 0.48671875 0.69453125 0.2203125 0.3703125
52 0.0359375 0.3078125 0.071875 0.15625
57 0.71015625 0.79296875 0.5796875 0.3921875
0 0.7234375 0.4359375 0.3796875 0.709375
54 0.3578125 0.08828125 0.1265625 0.1703125
37 0.8546875 0.93203125 0.2296875 0.1203125
39 0.7703125 0.646875 0.165625 0.0390625
40 0.90703125 0.6953125 0.1859375 0.178125
26 0.1453125 0.36640625 0.0328125 0.0421875
49 0.86171875 0.63515625 0.0625 0.0765625
71 0.14609375 0.41953125 0.04375 0.0203125
37 0.81796875 0.65078125 0.071875 0.028125
49 0.94453125 0.68984375 0.1109375 0.1203125
53 0.09375 0.75546875 0.1875 0.4890625
0 0.9046875 0.08984375 0.1671875 0.13125