0 0.1921875 0.90234375 0.0671875 0.14375
0 0.575 0.15703125 0.0296875 0.06875
0 0.32265625 0.19140625 0.0390625 0.109375
0 0.57265625 0.4609375 0.0328125 0.103125
0 0.5109375 0.43046875 0.0359375 0.1046875
0 0.10078125 0.6203125 0.0359375 0.115625
0 0.14296875 0.50625 0.040625 0.1171875
0 0.0390625 0.4578125 0.0359375 0.1046875
0 0.2921875 0.69296875 0.06875 0.103125
25 0.15234375 0.5671875 0.0484375 0.0484375
0 0.296875 0.51796875 0.040625 0.0921875
0 0.30546875 0.21640625 0.034375 0.065625
0 0.01171875 0.25859375 0.0234375 0.0953125
24 0.41328125 0.88984375 0.0578125 0.0375
0 0.24453125 0.20234375 0.040625 0.1109375
24 0.43203125 0.871875 0.0734375 0.025
24 0.25703125 0.90703125 0.0578125 0.021875
24 0.521875 0.47734375 0.065625 0.0359375
24 0.5140625 0.83203125 0.0265625 0.025
0 0.3 0.5515625 0.6 0.896875