54 0.4015625 0.28984375 0.03125 0.0796875
54 0.34609375 0.3109375 0.0296875 0.0828125
54 0.37890625 0.3109375 0.0265625 0.06875
54 0.296875 0.31796875 0.0625 0.08125
59 0.09765625 0.4953125 0.1640625 0.2671875
53 0.70546875 0.771875 0.5328125 0.4359375
53 0.64375 0.478125 0.284375 0.34375
1 0.93359375 0.65703125 0.1328125 0.3890625
62 0.59609375 0.44453125 0.0328125 0.0125
62 0.0828125 0.3765625 0.0359375 0.03125
36 0.5140625 0.53359375 0.021875 0.03125
54 0.43359375 0.30234375 0.0359375 0.075
1 0.9078125 0.51640625 0.09375 0.0890625
1 0.9390625 0.5015625 0.1 0.109375
36 0.55078125 0.50390625 0.01875 0.0609375
36 0.4859375 0.496875 0.0171875 0.0421875
57 0.53046875 0.6 0.234375 0.325
71 0.471875 0.484375 0.04375 0.028125
71 0.26484375 0.45859375 0.075 0.059375
71 0.34375 0.4390625 0.0671875 0.053125
71 0.42421875 0.4375 0.0671875 0.0390625