12 0.83203125 0.2875 0.0515625 0.04140625
12 0.97265625 0.328125 0.0546875 0.046875
12 0.98046875 0.26953125 0.0390625 0.03046875
12 0.70703125 0.303125 0.0359375 0.04453125
56 0.4671875 0.4890625 0.9125 0.646875
67 0.73515625 0.29140625 0.046875 0.05859375
79 0.0578125 0.5734375 0.0515625 0.14140625
79 0.49296875 0.49609375 0.0421875 0.125
12 0.90625 0.28359375 0.0484375 0.04453125
12 0.77578125 0.29453125 0.0390625 0.0390625
12 0.96328125 0.30546875 0.05625 0.04140625
12 0.65625 0.3015625 0.040625 0.04140625
12 0.6015625 0.29140625 0.0453125 0.04140625
12 0.38359375 0.265625 0.03125 0.01953125
67 0.51484375 0.278125 0.065625 0.075
67 0.97265625 0.328125 0.0546875 0.053125