39 0.68828125 0.31015625 0.6140625 0.6203125
40 0.5 0.496875 1 0.99375
47 0.25078125 0.746875 0.271875 0.19765625
47 0.6234375 0.77890625 0.31875 0.22265625
47 0.521875 0.615625 0.153125 0.08125
47 0.7515625 0.471875 0.1453125 0.26484375
47 0.89140625 0.76953125 0.215625 0.27734375
47 0.159375 0.42890625 0.1515625 0.23515625
47 0.31953125 0.53828125 0.2390625 0.225
47 0.29453125 0.88984375 0.1984375 0.10234375
47 0.7203125 0.70546875 0.075 0.06484375
47 0.4859375 0.90234375 0.0890625 0.10625
47 0.03671875 0.67265625 0.0734375 0.15625
47 0.38359375 0.63515625 0.1265625 0.06875
47 0.828125 0.55625 0.084375 0.20234375
47 0.56484375 0.88515625 0.4578125 0.15