2 0.83671875 0.70234375 0.053125 0.1265625
0 0.64609375 0.5625 0.028125 0.084375
0 0.7171875 0.5796875 0.0203125 0.0796875
12 0.15703125 0.56171875 0.06875 0.0734375
12 0.53046875 0.5734375 0.159375 0.159375
12 0.45078125 0.5671875 0.0453125 0.06875
12 0.91796875 0.89453125 0.1265625 0.2109375
12 0.19921875 0.5546875 0.059375 0.0609375
12 0.09140625 0.57109375 0.1125 0.1078125
12 0.22578125 0.5515625 0.0375 0.05
0 0.665625 0.59296875 0.021875 0.0765625
0 0.696875 0.5625 0.0359375 0.0890625
12 0.234375 0.54296875 0.05 0.053125
12 0.26640625 0.5421875 0.028125 0.0359375
12 0.2859375 0.53828125 0.0234375 0.028125
12 0.3234375 0.534375 0.025 0.025
67 0.44765625 0.55078125 0.0609375 0.075
0 0.640625 0.5609375 0.0296875 0.0859375
12 0.3015625 0.53671875 0.021875 0.03125
12 0.4859375 0.43046875 0.971875 0.5671875