26 0.7625 0.27265625 0.0171875 0.025
26 0.76953125 0.384375 0.0234375 0.0296875
0 0.5 0.42421875 0.26875 0.4375
0 0.0875 0.43203125 0.175 0.4203125
0 0.30859375 0.434375 0.19375 0.3671875
0 0.7484375 0.4921875 0.2046875 0.4625
29 0.42578125 0.25625 0.0484375 0.0671875
29 0.03515625 0.275 0.0390625 0.0640625
29 0.27578125 0.328125 0.0390625 0.0375
26 0.59375 0.41171875 0.009375 0.015625
29 0.953125 0.44453125 0.034375 0.053125
29 0.725 0.43515625 0.0453125 0.065625
0 0.9109375 0.51953125 0.178125 0.3640625