41 0.3984375 0.534375 0.3203125 0.1046875
41 0.671875 0.696875 0.2953125 0.1484375
41 0.6609375 0.73359375 0.371875 0.146875
42 0.60390625 0.35546875 0.18125 0.1359375
42 0.9078125 0.55703125 0.1453125 0.14375
44 0.6015625 0.48203125 0.1875 0.1296875
44 0.75546875 0.53515625 0.14375 0.10625
44 0.57578125 0.85390625 0.134375 0.0703125
41 0.89140625 0.4640625 0.2140625 0.0578125
41 0.87109375 0.62890625 0.20625 0.2234375
41 0.23515625 0.4734375 0.0625 0.05
42 0.76640625 0.42265625 0.125 0.1015625
42 0.9390625 0.70859375 0.121875 0.1078125
44 0.978125 0.59375 0.04375 0.0875
41 0.709375 0.7125 0.1546875 0.0484375