54 0.89765625 0.05234375 0.1 0.10234375
70 0.115625 0.63359375 0.228125 0.70625
66 0.3390625 0.72578125 0.2390625 0.47890625
68 0.5171875 0.53515625 0.0640625 0.0625
69 0.8015625 0.60625 0.1703125 0.03515625
33 0.4296875 0.52578125 0.021875 0.10234375
38 0.58125 0.50703125 0.025 0.03515625
38 0.60625 0.50546875 0.0140625 0.02734375
38 0.5890625 0.490625 0.015625 0.02109375
38 0.61328125 0.50078125 0.0171875 0.04375
39 0.4640625 0.503125 0.0234375 0.05859375
40 0.08828125 0.25390625 0.103125 0.05625
54 0.059375 0.9125 0.115625 0.175
39 0.45859375 0.49453125 0.0078125 0.025
38 0.57421875 0.496875 0.01875 0.03359375