57 0.5 0.56953125 1 0.8609375
43 0.309375 0.45546875 0.1921875 0.1625
36 0.603125 0.246875 0.2078125 0.4390625
37 0.38515625 0.8109375 0.38125 0.140625
38 0.2953125 0.79921875 0.30625 0.196875
40 0.73671875 0.659375 0.321875 0.3234375
40 0.83671875 0.51484375 0.146875 0.1234375
40 0.79609375 0.4078125 0.1171875 0.0953125
36 0.78828125 0.4421875 0.1453125 0.171875
36 0.8390625 0.54765625 0.1578125 0.190625
40 0.69296875 0.43046875 0.115625 0.109375
36 0.65390625 0.4921875 0.1296875 0.1265625
36 0.69296875 0.4375 0.115625 0.1125