26 0.19609375 0.475 0.025 0.0375
0 0.528125 0.28046875 0.128125 0.4765625
0 0.290625 0.4984375 0.171875 0.653125
28 0.18515625 0.5015625 0.128125 0.04921875
5 0.73828125 0.3265625 0.234375 0.0734375
5 0.77578125 0.178125 0.1640625 0.0328125
5 0.784375 0.15546875 0.15 0.028125
5 0.76171875 0.37890625 0.20625 0.078125
5 0.76875 0.11328125 0.1796875 0.0875
36 0.53359375 0.17421875 0.0109375 0.04453125
5 0.93984375 0.346875 0.1203125 0.07109375
5 0.78046875 0.2078125 0.1625 0.0515625
5 0.60546875 0.15546875 0.0703125 0.03046875