12 0.5234375 0.5109375 0.634375 0.403125
23 0.61171875 0.465625 0.1015625 0.109375
0 0.82734375 0.68125 0.2828125 0.6375
0 0.12109375 0.60078125 0.2421875 0.5421875
0 0.64453125 0.47109375 0.0625 0.121875
18 0.16875 0.328125 0.2625 0.1109375
18 0.66875 0.409375 0.0625 0.0328125
79 0.3140625 0.10078125 0.0421875 0.071875
19 0.21875 0.56953125 0.09375 0.1359375
19 0.81875 0.88515625 0.128125 0.2296875
18 0.59140625 0.40234375 0.065625 0.0296875
19 0.0703125 0.4921875 0.065625 0.1421875
12 0.059375 0.35625 0.0453125 0.0390625
67 0.18203125 0.346875 0.2 0.196875
67 0.0484375 0.325 0.0640625 0.0859375
18 0.48984375 0.37890625 0.065625 0.0421875
12 0.95703125 0.52265625 0.0859375 0.1484375
0 0.5890625 0.44453125 0.05625 0.0765625