54 0.896875 0.39609375 0.20625 0.3765625
53 0.8921875 0.77890625 0.21328125 0.42109375
53 0.3578125 0.609375 0.6421875 0.32734375
40 0.8234375 0.596875 0.115625 0.09375
42 0.82265625 0.57734375 0.1078125 0.0515625
42 0.82734375 0.559375 0.034375 0.0421875
44 0.82890625 0.56484375 0.0234375 0.02421875
44 0.84453125 0.59375 0.015625 0.01796875
73 0.1515625 0.62578125 0.11328125 0.23671875
73 0.98515625 0.546875 0.0234375 0.0578125
73 0.4515625 0.63203125 0.09765625 0.2453125
44 0.86171875 0.58359375 0.02890625 0.02734375