1 0.715625 0.60390625 0.0515625 0.0640625
12 0.15 0.54296875 0.14375 0.1109375
12 0.92421875 0.615625 0.1421875 0.13125
12 0.50546875 0.60078125 0.1765625 0.134375
0 0.371875 0.6046875 0.0671875 0.2390625
0 0.41015625 0.6125 0.05625 0.178125
0 0.465625 0.61875 0.0671875 0.246875
0 0.5171875 0.61015625 0.0765625 0.259375
0 0.75 0.70703125 0.0796875 0.2875
0 0.8671875 0.60390625 0.0453125 0.0859375
0 0.73359375 0.5578125 0.028125 0.04375
18 0.5015625 0.47109375 0.0671875 0.040625
18 0.42109375 0.51484375 0.0453125 0.03125
17 0.47578125 0.59140625 0.0375 0.09375
19 0.34453125 0.653125 0.021875 0.05625
79 0.6921875 0.3734375 0.028125 0.1015625
79 0.39140625 0.4296875 0.0140625 0.0375
0 0.334375 0.51484375 0.0140625 0.0421875
0 0.5421875 0.53828125 0.015625 0.0421875
0 0.303125 0.51875 0.015625 0.05
0 0.20859375 0.5109375 0.0171875 0.0625
19 0.425 0.57421875 0.025 0.0515625
19 0.540625 0.5859375 0.025 0.1015625
12 0.08046875 0.4921875 0.04375 0.0390625
12 0.04453125 0.47578125 0.0390625 0.046875
18 0.7 0.52421875 0.021875 0.021875
19 0.7796875 0.67109375 0.0296875 0.0578125
12 0.178125 0.5109375 0.0765625 0.0609375
18 0.48203125 0.5140625 0.0328125 0.0390625