70 0.26171875 0.62734375 0.1234375 0.58984375
66 0.64296875 0.64765625 0.1109375 0.27109375
69 0.46875 0.55390625 0.0984375 0.01171875
36 0.60078125 0.45703125 0.015625 0.021875
65 0.33203125 0.53515625 0.025 0.04765625
36 0.5609375 0.459375 0.0078125 0.01640625
38 0.7140625 0.48671875 0.015625 0.02421875
38 0.70546875 0.51328125 0.0125 0.02421875
40 0.346875 0.4578125 0.025 0.01953125
36 0.571875 0.4578125 0.0109375 0.01953125
36 0.5828125 0.453125 0.009375 0.02421875
36 0.58984375 0.453125 0.00625 0.0265625