59 0.11640625 0.30078125 0.13125 0.134375
59 0.1125 0.30078125 0.146875 0.13125
0 0.74140625 0.67109375 0.503125 0.6359375
0 0.43203125 0.478125 0.6125 0.3859375
0 0.190625 0.475 0.315625 0.30625
0 0.61328125 0.2875 0.246875 0.259375
52 0.30390625 0.596875 0.009375 0.0703125
57 0.321875 0.78203125 0.64375 0.4046875
36 0.45703125 0.94453125 0.121875 0.1109375
49 0.54296875 0.84453125 0.115625 0.09375
36 0.50625 0.70859375 0.059375 0.0734375
37 0.153125 0.53125 0.08125 0.009375
39 0.05859375 0.6265625 0.05 0.046875
0 0.8953125 0.2015625 0.209375 0.35625
36 0.34375 0.68671875 0.065625 0.0671875
36 0.203125 0.9796875 0.184375 0.040625
49 0.11875 0.75625 0.134375 0.0421875
49 0.14609375 0.71171875 0.21875 0.0609375