33 0.28125 0.6578125 0.0140625 0.0703125
33 0.25625 0.659375 0.0140625 0.075
33 0.23828125 0.66484375 0.025 0.1125
33 0.26953125 0.64765625 0.01875 0.09609375
33 0.2171875 0.62890625 0.0234375 0.04921875
33 0.3015625 0.78828125 0.0421875 0.0890625
70 0.953125 0.5328125 0.09375 0.69296875
52 0.5015625 0.92109375 0.078125 0.1578125
57 0.4828125 0.92890625 0.0703125 0.140625
0 0.57890625 0.48515625 0.0640625 0.44765625
0 0.62734375 0.52578125 0.06875 0.52421875
39 0.67265625 0.31171875 0.0171875 0.103125
39 0.1578125 0.4625 0.021875 0.009375
39 0.64609375 0.3078125 0.01875 0.065625
69 0.41015625 0.540625 0.103125 0.10546875
69 0.3953125 0.453125 0.0734375 0.02109375
36 0.42109375 0.8796875 0.0671875 0.1546875
36 0.421875 0.95546875 0.065625 0.01875
40 0.21953125 0.22265625 0.04375 0.00703125
40 0.171875 0.24375 0.0578125 0.03515625
33 0.22265625 0.48984375 0.0171875 0.0890625
33 0.1703125 0.6171875 0.0140625 0.028125
33 0.859375 0.4640625 0.0140625 0.0515625
33 0.17109375 0.69453125 0.025 0.05390625
36 0.42109375 0.97109375 0.065625 0.01875
40 0.39140625 0.7984375 0.16875 0.12890625
40 0.2171875 0.19765625 0.05 0.02109375
40 0.221875 0.215625 0.040625 0.01171875
40 0.05078125 0.22734375 0.0796875 0.05625
40 0.05078125 0.178125 0.0890625 0.046875
40 0.22578125 0.246875 0.034375 0.02578125
40 0.225 0.23046875 0.0328125 0.00703125
40 0.1140625 0.22734375 0.05625 0.0609375
66 0.72578125 0.621875 0.1203125 0.2109375
39 0.66171875 0.3140625 0.0125 0.0890625
39 0.65546875 0.31953125 0.0109375 0.06328125
0 0.51015625 0.54296875 0.2015625 0.596875
33 0.2015625 0.63125 0.0234375 0.06796875
33 0.24140625 0.63125 0.009375 0.06796875
36 0.4203125 0.9875 0.0671875 0.02109375
36 0.421875 0.9625 0.0671875 0.01640625