12 0.503125 0.34453125 0.0453125 0.0328125
12 0.63828125 0.328125 0.0296875 0.0390625
12 0.59453125 0.32734375 0.0265625 0.0171875
0 0.06875 0.35 0.03125 0.1171875
0 0.04765625 0.3671875 0.0421875 0.13125
12 0.1703125 0.3109375 0.01875 0.0203125
12 0.1890625 0.31484375 0.01875 0.015625
0 0.028125 0.33046875 0.0265625 0.0390625
1 0.25859375 0.41875 0.11875 0.1
1 0.4078125 0.50859375 0.19375 0.2125
1 0.5890625 0.60703125 0.3078125 0.3375
1 0.78828125 0.75390625 0.328125 0.490625
1 0.34453125 0.46796875 0.15625 0.1734375
1 0.71015625 0.65703125 0.2703125 0.421875
1 0.2265625 0.40234375 0.090625 0.0953125
12 0.60703125 0.3140625 0.034375 0.0171875
79 0.690625 0.26640625 0.00625 0.0109375
79 0.72265625 0.28046875 0.0046875 0.00625
0 0.02109375 0.32578125 0.015625 0.04375
1 0.20390625 0.384375 0.065625 0.0875
1 0.11796875 0.3359375 0.028125 0.0234375
1 0.09765625 0.3234375 0.01875 0.021875
12 0.53125 0.32734375 0.025 0.0234375
12 0.48984375 0.3265625 0.021875 0.034375
12 0.6375 0.30390625 0.028125 0.0203125
12 0.65546875 0.3078125 0.0265625 0.0234375
0 0.08984375 0.3125 0.009375 0.028125
0 0.08515625 0.30703125 0.00625 0.021875