28 0.25 0.54453125 0.0046875 0.0203125
0 0.24375 0.7015625 0.04375 0.16875
26 0.3484375 0.559375 0.0046875 0.009375
0 0.71328125 0.7828125 0.0671875 0.1984375
0 0.828125 0.73125 0.05 0.134375
0 0.80859375 0.6703125 0.046875 0.15625
0 0.24609375 0.1765625 0.009375 0.025
0 0.59140625 0.18671875 0.0125 0.028125
0 0.44296875 0.52265625 0.0234375 0.0453125
0 0.86328125 0.23046875 0.0125 0.025
0 0.265625 0.58046875 0.0421875 0.1109375
0 0.34765625 0.52890625 0.0203125 0.0421875
0 0.1703125 0.59296875 0.0328125 0.0890625
29 0.21171875 0.5890625 0.009375 0.0140625
29 0.85078125 0.5515625 0.0078125 0.0109375
0 0.2109375 0.56875 0.025 0.05
0 0.8375 0.5765625 0.0390625 0.1140625
0 0.5 0.5 1 1