33 0.05078125 0.715625 0.05390625 0.115625
33 0.225 0.59453125 0.06875 0.146875
0 0.48515625 0.51015625 0.54609375 0.9796875
38 0.85234375 0.47421875 0.02890625 0.140625
39 0.79921875 0.4828125 0.10390625 0.121875
60 0.61640625 0.76796875 0.5625 0.228125
63 0.55625 0.77265625 0.35625 0.1296875
38 0.79453125 0.50078125 0.05625 0.0859375
39 0.878125 0.5296875 0.01640625 0.034375
39 0.81328125 0.478125 0.02890625 0.0375
39 0.821875 0.52578125 0.0375 0.0390625
40 0.10078125 0.8140625 0.17890625 0.1078125
69 0.27109375 0.68828125 0.14375 0.0515625
36 0.93125 0.59453125 0.1375 0.153125