64 0.47890625 0.5015625 0.0625 0.14375
19 0.75703125 0.91796875 0.2078125 0.1265625
0 0.31015625 0.6546875 0.25625 0.534375
0 0.32109375 0.565625 0.0515625 0.0859375
0 0.60625 0.57109375 0.65 0.8578125
0 0.90703125 0.70546875 0.1859375 0.4921875
0 0.203125 0.69609375 0.378125 0.6078125
0 0.97109375 0.71015625 0.0578125 0.4484375
0 0.80625 0.5359375 0.0546875 0.1078125
0 0.16015625 0.87109375 0.2546875 0.2578125
0 0.8140625 0.659375 0.25625 0.4203125
0 0.38515625 0.5984375 0.0375 0.0546875
17 0.4359375 0.58125 0.0515625 0.096875
17 0.23046875 0.7359375 0.1046875 0.1890625
64 0.90390625 0.54609375 0.0546875 0.071875