59 0.17734375 0.45703125 0.3546875 0.7546875
60 0.77734375 0.5546875 0.3671875 0.11953125
71 0.6828125 0.2203125 0.0328125 0.3984375
71 0.5671875 0.2328125 0.0453125 0.40078125
71 0.7078125 0.21875 0.025 0.384375
71 0.8140625 0.15703125 0.0234375 0.2203125
71 0.6265625 0.21875 0.0296875 0.4234375
71 0.65703125 0.22578125 0.0296875 0.3984375
71 0.83515625 0.22109375 0.0203125 0.33671875
71 0.896875 0.21875 0.0265625 0.32578125
71 0.59921875 0.2328125 0.0390625 0.409375
71 0.73359375 0.215625 0.025 0.38125
71 0.75390625 0.22734375 0.015625 0.35625
71 0.87734375 0.21875 0.0203125 0.33671875
71 0.8546875 0.22109375 0.028125 0.3484375
71 0.8359375 0.4984375 0.325 0.996875