12 0.6859375 0.73984375 0.0578125 0.0359375
27 0.14375 0.071875 0.04375 0.0421875
12 0.40390625 0.76328125 0.078125 0.0359375
12 0.72734375 0.740625 0.0625 0.0328125
12 0.621875 0.7421875 0.0296875 0.0203125
0 0.08203125 0.90078125 0.0296875 0.0796875
0 0.1203125 0.91875 0.03125 0.090625
0 0.259375 0.89765625 0.021875 0.075
0 0.31640625 0.89765625 0.0328125 0.0828125
0 0.4640625 0.915625 0.01875 0.059375
0 0.45859375 0.925 0.025 0.075
0 0.47734375 0.91953125 0.025 0.071875
0 0.56015625 0.896875 0.025 0.0578125
0 0.91875 0.81640625 0.0171875 0.0609375
12 0.76875 0.71328125 0.0109375 0.0078125
12 0.60546875 0.74765625 0.0265625 0.0328125
12 0.85703125 0.7234375 0.05625 0.025
12 0.91875 0.71875 0.046875 0.0265625
5 0.48203125 0.7875 0.04375 0.0359375
5 0.53671875 0.78125 0.0234375 0.0359375
0 0.93203125 0.81796875 0.0140625 0.0546875
0 0.9265625 0.81875 0.0109375 0.0359375
0 0.54140625 0.903125 0.0203125 0.0390625
0 0.25234375 0.8515625 0.0234375 0.034375
12 0.65546875 0.74375 0.046875 0.03125
12 0.30703125 0.74609375 0.053125 0.015625
0 0.55078125 0.7578125 0.8578125 0.2359375