45 0.8734375 0.57890625 0.253125 0.3515625
45 0.55703125 0.40390625 0.178125 0.184375
45 0.30625 0.3046875 0.0765625 0.0875
0 0.5796875 0.28828125 0.0171875 0.0328125
0 0.515625 0.278125 0.015625 0.0265625
45 0.415625 0.2703125 0.0796875 0.0765625
12 0.68828125 0.38515625 0.0828125 0.0671875
12 0.46796875 0.31875 0.0484375 0.0421875
12 0.5109375 0.31015625 0.046875 0.0421875
12 0.40390625 0.296875 0.0375 0.0515625
12 0.375 0.29375 0.0328125 0.0359375
45 0.31015625 0.24375 0.0453125 0.0578125
45 0.3484375 0.2546875 0.0546875 0.059375
0 0.48828125 0.26953125 0.0125 0.021875
12 0.23984375 0.2515625 0.021875 0.0203125
12 0.71171875 0.3625 0.0703125 0.065625
12 0.18203125 0.2578125 0.01875 0.0234375
12 0.96171875 0.45546875 0.0765625 0.053125
12 0.2109375 0.24140625 0.0125 0.015625
12 0.36015625 0.284375 0.0359375 0.03125
12 0.1234375 0.2375 0.0171875 0.0171875
0 0.56328125 0.496875 0.028125 0.040625
12 0.3109375 0.26640625 0.0203125 0.0171875
12 0.21015625 0.26953125 0.3796875 0.2546875