53 0.20546875 0.5265625 0.340625 0.2171875
53 0.259375 0.63125 0.3078125 0.35
52 0.25390625 0.6296875 0.30625 0.34375
0 0.56171875 0.5875 0.184375 0.3140625
52 0.4203125 0.6234375 0.109375 0.3296875
54 0.1671875 0.37265625 0.08125 0.128125
54 0.29921875 0.41015625 0.0546875 0.0734375
71 0.5484375 0.7484375 0.0984375 0.0609375
71 0.13046875 0.54921875 0.0328125 0.0109375
71 0.5 0.49296875 0.0140625 0.0828125
71 0.471875 0.58515625 0.0140625 0.06875
52 0.61796875 0.5390625 0.0890625 0.159375
71 0.509375 0.47890625 0.0125 0.0703125