59 0.103125 0.3265625 0.20625 0.275
33 0.8359375 0.92890625 0.059375 0.071875
52 0.4234375 0.4046875 0.321875 0.4015625
53 0.83984375 0.6234375 0.3203125 0.65
0 0.71640625 0.446875 0.221875 0.3578125
0 0.5296875 0.35 0.1953125 0.359375
0 0.34140625 0.40703125 0.1859375 0.4328125
0 0.1453125 0.6984375 0.290625 0.6
0 0.75234375 0.54296875 0.365625 0.478125
0 0.2515625 0.3140625 0.1375 0.38125
36 0.2 0.64921875 0.0453125 0.08125
36 0.671875 0.37265625 0.0421875 0.0671875
62 0.753125 0.47421875 0.0453125 0.0546875
63 0.20234375 0.35078125 0.0671875 0.05
33 0.19140625 0.29609375 0.0265625 0.0796875
33 0.34765625 0.3953125 0.0421875 0.0421875
36 0.96484375 0.703125 0.0703125 0.14375
40 0.6265625 0.2453125 0.0453125 0.03125
62 0.28671875 0.5421875 0.0375 0.025
62 0.63984375 0.53046875 0.015625 0.0125
62 0.21640625 0.28984375 0.0265625 0.0375
62 0.26328125 0.53828125 0.021875 0.0203125
36 0.7640625 0.240625 0.0171875 0.03125
0 0.6515625 0.38046875 0.1625 0.296875
33 0.70703125 0.2203125 0.025 0.0609375
0 0.14609375 0.8828125 0.2265625 0.234375