18 0.521875 0.596875 0.0640625 0.0578125
18 0.67421875 0.63046875 0.053125 0.0609375
52 0.38046875 0.93828125 0.08125 0.1234375
19 0.8796875 0.77890625 0.046875 0.125
19 0.48203125 0.69140625 0.0453125 0.0953125
19 0.734375 0.90625 0.075 0.159375
19 0.43125 0.6578125 0.021875 0.03125
19 0.5796875 0.871875 0.0296875 0.0765625
0 0.1578125 0.859375 0.1125 0.2453125
0 0.2484375 0.8671875 0.090625 0.2328125
0 0.36953125 0.8796875 0.115625 0.2140625
0 0.82265625 0.784375 0.1 0.4171875
0 0.31015625 0.7890625 0.078125 0.1921875
0 0.45546875 0.6296875 0.00625 0.03125
0 0.2609375 0.7046875 0.025 0.0875
0 0.2015625 0.68359375 0.0421875 0.1546875
0 0.61640625 0.775 0.13125 0.446875
0 0.75078125 0.77890625 0.1375 0.434375
0 0.89375 0.79453125 0.103125 0.3984375
27 0.18828125 0.51484375 0.01875 0.0453125
27 0.71328125 0.32109375 0.028125 0.0328125
27 0.3765625 0.36484375 0.0125 0.021875
27 0.4859375 0.3734375 0.0125 0.021875
27 0.525 0.1703125 0.0015625 0.0078125
27 0.5140625 0.47734375 0.009375 0.0125
27 0.5140625 0.51875 0.0171875 0.021875
27 0.4578125 0.5265625 0.03125 0.0453125
27 0.18203125 0.38125 0.009375 0.0140625
27 0.29765625 0.39765625 0.0109375 0.0171875
0 0.3578125 0.77890625 0.125 0.165625
27 0.3328125 0.353125 0.0109375 0.021875
27 0.47578125 0.23984375 0.009375 0.0140625
52 0.5109375 0.82734375 0.1015625 0.2
0 0.23046875 0.66796875 0.015625 0.0859375
27 0.36484375 0.490625 0.0125 0.0234375
0 0.49609375 0.73046875 0.9859375 0.31875
27 0.50625 0.353125 0.8546875 0.3859375