54 0.065625 0.11484375 0.125 0.165625
0 0.61875 0.503125 0.546875 0.9546875
35 0.9515625 0.13671875 0.046875 0.053125
40 0.11015625 0.41953125 0.215625 0.084375
40 0.87578125 0.4796875 0.08125 0.0328125
33 0.1640625 0.85859375 0.040625 0.09375
36 0.80859375 0.24140625 0.0515625 0.040625
36 0.82734375 0.20390625 0.0625 0.025
36 0.7171875 0.14375 0.04375 0.0515625
36 0.8625 0.24765625 0.0234375 0.0203125
65 0.2203125 0.41953125 0.2984375 0.1140625
35 0.9 0.11171875 0.053125 0.0515625
35 0.86171875 0.12265625 0.0375 0.0703125
35 0.80078125 0.14375 0.0234375 0.053125
36 0.9 0.15 0.05 0.028125
36 0.93671875 0.23125 0.09375 0.05625
36 0.9046875 0.0953125 0.028125 0.01875
33 0.05625 0.70546875 0.0984375 0.071875
33 0.046875 0.82734375 0.09375 0.0640625
33 0.06796875 0.85078125 0.0515625 0.0453125
35 0.99375 0.13359375 0.0125 0.053125
35 0.796875 0.10078125 0.03125 0.0171875