62 0.77109375 0.5109375 0.065625 0.03984375
62 0.47890625 0.60234375 0.0296875 0.03203125
62 0.26328125 0.70390625 0.04375 0.05078125
0 0.47109375 0.57578125 0.34375 0.68515625
0 0.93046875 0.38828125 0.1390625 0.5921875
0 0.15234375 0.271875 0.15625 0.54375
0 0.57578125 0.40234375 0.1578125 0.45625
0 0.22578125 0.246875 0.06796875 0.165625
0 0.0421875 0.24921875 0.084375 0.4984375
52 0.0546875 0.88359375 0.109375 0.2328125
52 0.5109375 0.3546875 0.07578125 0.1921875
52 0.81796875 0.33203125 0.08984375 0.165625
52 0.41484375 0.63203125 0.284375 0.39453125
52 0.24296875 0.34765625 0.06171875 0.10390625
52 0.71171875 0.646875 0.21171875 0.22421875
52 0.4671875 0.29296875 0.0703125 0.125
52 0.453125 0.34375 0.0640625 0.1171875
52 0.8796875 0.38515625 0.1 0.19453125
52 0.5421875 0.346875 0.0359375 0.10390625
0 0.75703125 0.4796875 0.265625 0.6453125
52 0.27265625 0.275 0.028125 0.0375
52 0.08203125 0.671875 0.1640625 0.33359375
0 0.33828125 0.29453125 0.21171875 0.30390625
0 0.1921875 0.6015625 0.3578125 0.7625
52 0.6 0.6 0.7359375 0.746875