54 0.69375 0.1390625 0.340625 0.278125
57 0.5015625 0.7578125 0.909375 0.484375
0 0.81953125 0.59375 0.3609375 0.5875
0 0.47890625 0.54375 0.5125 0.3734375
0 0.46171875 0.49921875 0.1890625 0.3046875
0 0.3609375 0.47109375 0.1453125 0.1578125
0 0.68203125 0.4078125 0.1 0.134375
35 0.12421875 0.6484375 0.053125 0.05625
35 0.17734375 0.621875 0.0484375 0.05625
35 0.2265625 0.61953125 0.0453125 0.05625
35 0.1265625 0.60546875 0.046875 0.0390625
39 0.45234375 0.63359375 0.0171875 0.01875
39 0.496875 0.6234375 0.03125 0.01875
39 0.26640625 0.56875 0.0296875 0.0140625
40 0.6796875 0.88203125 0.29375 0.13125
43 0.27734375 0.74140625 0.0890625 0.034375
44 0.6109375 0.77265625 0.1171875 0.0359375
44 0.46875 0.771875 0.0671875 0.025
44 0.48828125 0.7453125 0.0609375 0.0296875
44 0.509375 0.73203125 0.0453125 0.0234375
44 0.57265625 0.790625 0.0578125 0.028125
51 0.2453125 0.72734375 0.1765625 0.0734375
52 0.96640625 0.7421875 0.0671875 0.28125
54 0.4421875 0.27734375 0.1859375 0.125
36 0.43359375 0.65859375 0.0484375 0.05
36 0.4703125 0.6484375 0.0625 0.053125
39 0.46796875 0.60859375 0.025 0.0359375
42 0.53515625 0.7890625 0.0390625 0.025
42 0.47421875 0.78359375 0.0203125 0.01875
42 0.5203125 0.78671875 0.0296875 0.034375
42 0.503125 0.790625 0.01875 0.03125
44 0.6015625 0.7609375 0.06875 0.021875
44 0.62421875 0.753125 0.08125 0.0390625
44 0.48515625 0.76015625 0.065625 0.0296875
44 0.61171875 0.74140625 0.0453125 0.0171875
44 0.60546875 0.596875 0.0625 0.0328125
43 0.77890625 0.6234375 0.078125 0.0421875