7 0.23671875 0.2046875 0.365625 0.2421875
1 0.9484375 0.353125 0.0875 0.184375
0 0.734375 0.42109375 0.44375 0.8203125
0 0.34609375 0.49921875 0.6921875 0.9984375
0 0.52109375 0.16015625 0.1578125 0.171875
0 0.46796875 0.0796875 0.03125 0.0453125
17 0.2609375 0.33984375 0.521875 0.4453125
19 0.7734375 0.240625 0.171875 0.1828125
4 0.9734375 0.2234375 0.053125 0.1125
17 0.5703125 0.34375 0.134375 0.2265625
54 0.6 0.05078125 0.0875 0.0859375
54 0.653125 0.0609375 0.0703125 0.08125
0 0.59609375 0.140625 0.053125 0.06875
17 0.478125 0.17421875 0.0765625 0.053125