52 0.0578125 0.8171875 0.09375 0.33515625
52 0.1203125 0.6171875 0.06875 0.0984375
52 0.321875 0.66484375 0.084375 0.17578125
52 0.6625 0.6125 0.071875 0.0890625
57 0.37734375 0.67109375 0.096875 0.159375
57 0.3171875 0.60078125 0.0515625 0.03515625
57 0.59453125 0.57734375 0.0625 0.0140625
23 0.925 0.709375 0.15 0.271875
52 0.53984375 0.634375 0.0390625 0.14296875
0 0.490625 0.55234375 0.053125 0.11953125
0 0.903125 0.5328125 0.0484375 0.0796875
18 0.80859375 0.33359375 0.2734375 0.1265625
18 0.33203125 0.2859375 0.2390625 0.09375
18 0.6484375 0.40078125 0.315625 0.3328125
18 0.91875 0.25859375 0.1625 0.1125
18 0.03828125 0.321875 0.0671875 0.0421875
52 0.5140625 0.625 0.025 0.1359375
52 0.40859375 0.66171875 0.0859375 0.1828125
52 0.1 0.60546875 0.0765625 0.08671875
0 0.80859375 0.60390625 0.0578125 0.19921875
0 0.8265625 0.53828125 0.0203125 0.0703125
0 0.23671875 0.528125 0.0328125 0.08203125
0 0.215625 0.54453125 0.0375 0.1078125
0 0.1859375 0.50234375 0.0265625 0.0421875
0 0.3359375 0.5359375 0.046875 0.1125
0 0.8671875 0.53125 0.0328125 0.075
0 0.7828125 0.528125 0.034375 0.06796875
23 0.96953125 0.578125 0.0484375 0.03984375
52 0.13359375 0.6828125 0.0828125 0.19921875
52 0.36484375 0.57734375 0.01875 0.03515625
52 0.84765625 0.6265625 0.0484375 0.1875
57 0.8484375 0.603125 0.03125 0.08671875
0 0.5890625 0.5328125 0.0484375 0.0796875
52 0.0953125 0.56640625 0.053125 0.01875
57 0.2859375 0.58671875 0.0609375 0.03046875
57 0.73046875 0.5546875 0.075 0.01640625
57 0.71796875 0.596875 0.08125 0.0421875
57 0.63984375 0.5921875 0.06875 0.0234375
0 0.35 0.4875 0.0390625 0.15
0 0.66328125 0.5171875 0.03125 0.06796875
52 0.49609375 0.63203125 0.5390625 0.16875