17 0.21015625 0.7625 0.025 0.0421875
0 0.85390625 0.63359375 0.0171875 0.0390625
0 0.20546875 0.79140625 0.075 0.171875
0 0.209375 0.65703125 0.046875 0.06875
5 0.3765625 0.8890625 0.065625 0.06875
5 0.09296875 0.87890625 0.125 0.1
5 0.57109375 0.846875 0.1015625 0.0765625
24 0.6703125 0.92578125 0.0609375 0.0578125
36 0.3484375 0.82578125 0.0078125 0.015625
36 0.2828125 0.76171875 0.0078125 0.0140625
57 0.36171875 0.83125 0.0796875 0.0453125
57 0.06328125 0.75078125 0.059375 0.03125
0 0.5203125 0.53125 0.0140625 0.028125
0 0.8921875 0.865625 0.09375 0.16875
0 0.81015625 0.78359375 0.046875 0.1109375
0 0.79296875 0.7546875 0.0265625 0.06875
0 0.81640625 0.91484375 0.0734375 0.1703125
0 0.52421875 0.56015625 0.0140625 0.0328125
0 0.446875 0.90625 0.078125 0.184375
0 0.6828125 0.821875 0.0671875 0.1546875
0 0.12265625 0.83515625 0.0765625 0.128125
17 0.24453125 0.8109375 0.0375 0.059375
17 0.2296875 0.77265625 0.0265625 0.0640625
17 0.6046875 0.85625 0.0328125 0.059375
57 0.30234375 0.6984375 0.046875 0.0203125
57 0.2796875 0.76484375 0.0375 0.025
57 0.36640625 0.72890625 0.05625 0.0234375
57 0.5234375 0.80234375 0.0640625 0.0375
57 0.3171875 0.7203125 0.0390625 0.015625
0 0.0109375 0.86328125 0.021875 0.1421875
24 0.80234375 0.8296875 0.0265625 0.01875
0 0.5 0.66875 1 0.6625