54 0.78828125 0.44765625 0.05625 0.0765625
59 0.453125 0.48515625 0.0703125 0.078125
33 0.7703125 0.5046875 0.0203125 0.04375
33 0.4078125 0.5046875 0.0171875 0.0390625
52 0.421875 0.81953125 0.2625 0.3609375
52 0.3046875 0.78984375 0.109375 0.3484375
72 0.9375 0.50703125 0.0328125 0.0390625
66 0.79765625 0.69765625 0.159375 0.2921875
69 0.66796875 0.52109375 0.13125 0.0828125
33 0.27578125 0.53828125 0.0140625 0.046875
33 0.39453125 0.5015625 0.0171875 0.05
40 0.53828125 0.503125 0.034375 0.034375
52 0.334375 0.8265625 0.103125 0.346875
52 0.2484375 0.62265625 0.0453125 0.0515625
57 0.51953125 0.765625 0.4421875 0.46875
54 0.79765625 0.49609375 0.0375 0.071875