33 0.55859375 0.78203125 0.1328125 0.28125
33 0.4 0.79296875 0.13125 0.2703125
33 0.17578125 0.67578125 0.03125 0.0453125
33 0.70859375 0.38671875 0.0390625 0.0890625
33 0.61875 0.40625 0.046875 0.078125
33 0.5578125 0.415625 0.046875 0.0828125
33 0.52109375 0.421875 0.0390625 0.078125
33 0.34375 0.45625 0.0390625 0.0765625
33 0.265625 0.47265625 0.034375 0.071875
33 0.428125 0.43515625 0.034375 0.0765625
33 0.48359375 0.428125 0.0375 0.078125
33 0.68671875 0.3890625 0.0375 0.0859375
33 0.79609375 0.3671875 0.0640625 0.0984375
0 0.34453125 0.6765625 0.2984375 0.340625
0 0.88359375 0.59140625 0.2328125 0.3984375
35 0.26953125 0.8546875 0.1453125 0.2203125
35 0.72734375 0.46484375 0.040625 0.0546875
35 0.46328125 0.50859375 0.040625 0.0640625
35 0.57109375 0.48828125 0.046875 0.0671875
35 0.521875 0.49921875 0.03125 0.065625
35 0.428125 0.515625 0.05 0.0703125
35 0.68515625 0.471875 0.0421875 0.0671875
35 0.21953125 0.546875 0.0375 0.059375
35 0.2046875 0.55 0.0375 0.059375
33 0.83125 0.36015625 0.0546875 0.096875
35 0.64296875 0.47734375 0.0515625 0.06875
35 0.603125 0.4828125 0.05 0.0671875
35 0.53046875 0.49453125 0.034375 0.0609375
0 0.0765625 0.709375 0.1375 0.3203125
35 0.49296875 0.50234375 0.04375 0.0625
35 0.49765625 0.5828125 0.7984375 0.3046875
33 0.47421875 0.48125 0.9484375 0.59375