10 0.48984375 0.69296875 0.0234375 0.0359375
10 0.5390625 0.696875 0.028125 0.046875
10 0.44765625 0.6953125 0.0171875 0.0296875
10 0.421875 0.6953125 0.025 0.03125
10 0.3515625 0.6953125 0.0234375 0.0359375
10 0.91953125 0.68203125 0.0234375 0.01875
10 0.659375 0.671875 0.0109375 0.0140625
10 0.77421875 0.6703125 0.015625 0.0171875
10 0.28359375 0.69375 0.0375 0.034375
10 0.5171875 0.68828125 0.0171875 0.0234375
10 0.4765625 0.678125 0.01875 0.015625
10 0.40625 0.6921875 0.0171875 0.03125
10 0.371875 0.684375 0.0203125 0.025
10 0.24296875 0.69453125 0.0265625 0.03125
10 0.5796875 0.6859375 0.0234375 0.025
10 0.5109375 0.65234375 0.978125 0.3015625