26 0.434375 0.6546875 0.0171875 0.0234375
32 0.47578125 0.67890625 0.096875 0.090625
0 0.571875 0.69375 0.096875 0.221875
0 0.30859375 0.6796875 0.3140625 0.6296875
0 0.48359375 0.5453125 0.0828125 0.1734375
0 0.53203125 0.53828125 0.0796875 0.1609375
0 0.12578125 0.40703125 0.0875 0.1328125
0 0.20234375 0.2921875 0.059375 0.1140625
0 0.303125 0.3046875 0.065625 0.1109375
0 0.83125 0.27421875 0.05 0.1
0 0.88984375 0.50234375 0.059375 0.15
5 0.840625 0.71875 0.078125 0.06875
5 0.90625 0.36015625 0.134375 0.071875
5 0.66796875 0.2578125 0.2203125 0.08125
52 0.68359375 0.690625 0.0578125 0.06875
52 0.96796875 0.73203125 0.0328125 0.0703125
52 0.775 0.70625 0.0625 0.0671875
52 0.0609375 0.603125 0.05625 0.0625
52 0.065625 0.41171875 0.059375 0.1015625
52 0.82421875 0.55703125 0.0515625 0.0703125
52 0.4109375 0.4890625 0.0484375 0.05
52 0.90390625 0.5703125 0.05625 0.0796875
52 0.74140625 0.69921875 0.0359375 0.0703125
52 0.9046875 0.7234375 0.0625 0.0703125
52 0.03671875 0.465625 0.046875 0.0203125
52 0.08359375 0.471875 0.0421875 0.0203125
0 0.38125 0.24140625 0.05625 0.090625
0 0.83828125 0.4015625 0.0390625 0.0875
0 0.6171875 0.3375 0.0625 0.15
0 0.6875 0.33046875 0.053125 0.0953125
5 0.11328125 0.15859375 0.175 0.075
5 0.13125 0.1203125 0.2015625 0.0625
5 0.915625 0.315625 0.140625 0.04375
52 0.13125 0.490625 0.0578125 0.0390625
5 0.89453125 0.41484375 0.0875 0.0296875
5 0.69140625 0.21875 0.1953125 0.0546875
5 0.2359375 0.2328125 0.125 0.0328125
5 0.66484375 0.41328125 0.103125 0.1
5 0.9890625 0.4421875 0.021875 0.05
5 0.5 0.42421875 1 0.6328125
52 0.5 0.39375 1 0.61875
0 0.5 0.3703125 1 0.740625