59 0.65625 0.325 0.1546875 0.20625
33 0.85234375 0.740625 0.04375 0.1171875
33 0.3953125 0.525 0.021875 0.0734375
33 0.24296875 0.72734375 0.0359375 0.121875
33 0.2671875 0.73046875 0.034375 0.1078125
33 0.05078125 0.5578125 0.01875 0.0484375
53 0.7609375 0.71875 0.478125 0.55
53 0.31171875 0.56640625 0.365625 0.3515625
0 0.4046875 0.57578125 0.1765625 0.371875
0 0.24296875 0.51875 0.15 0.2109375
0 0.671875 0.70390625 0.4140625 0.515625
0 0.2921875 0.88515625 0.334375 0.2296875
0 0.8234375 0.77578125 0.353125 0.4015625
0 0.084375 0.7171875 0.16875 0.3984375
72 0.90546875 0.0578125 0.0203125 0.0296875
72 0.8984375 0.059375 0.071875 0.11875
60 0.57265625 0.4890625 0.1 0.121875
40 0.24140625 0.6765625 0.0953125 0.0890625
64 0.3140625 0.9359375 0.034375 0.0734375
0 0.11875 0.9015625 0.1625 0.1671875
36 0.32265625 0.60703125 0.0265625 0.046875
33 0.08828125 0.5953125 0.0265625 0.0734375
33 0.33046875 0.65078125 0.0234375 0.0515625
0 0.125 0.70859375 0.1640625 0.1984375