18 0.7703125 0.11484375 0.1203125 0.0640625
0 0.41328125 0.46875 0.3578125 0.9375
0 0.57578125 0.184375 0.0421875 0.0609375
0 0.99140625 0.22578125 0.0171875 0.1203125
0 0.9140625 0.23671875 0.0265625 0.046875
0 0.209375 0.05625 0.040625 0.1125
0 0.55546875 0.16484375 0.034375 0.090625
0 0.40703125 0.12890625 0.0234375 0.0515625
0 0.30703125 0.10859375 0.021875 0.0359375
30 0.2953125 0.8046875 0.121875 0.153125
1 0.61171875 0.20703125 0.0421875 0.0484375
1 0.659375 0.215625 0.0453125 0.0609375
0 0.29140625 0.1109375 0.015625 0.025
18 0.2484375 0.06796875 0.0640625 0.0421875
0 0.94375 0.25390625 0.034375 0.053125
0 0.36171875 0.11484375 0.028125 0.0640625
0 0.5734375 0.15234375 0.021875 0.0578125
0 0.434375 0.1390625 0.0296875 0.05
0 0.47578125 0.1484375 0.3140625 0.1171875