46 0.1703125 0.58984375 0.340625 0.4734375
46 0.55390625 0.7515625 0.54375 0.4640625
46 0.8875 0.67109375 0.225 0.5796875
46 0.22109375 0.67109375 0.234375 0.21875
46 0.8203125 0.2171875 0.34375 0.434375
46 0.26171875 0.14921875 0.3328125 0.271875
46 0.3375 0.36640625 0.2375 0.4015625
47 0.12890625 0.9234375 0.1765625 0.153125
46 0.26015625 0.72578125 0.2359375 0.265625
47 0.61328125 0.03125 0.1015625 0.0625
46 0.10859375 0.36328125 0.2171875 0.2796875
46 0.75546875 0.9015625 0.153125 0.1296875
46 0.6 0.59296875 0.1109375 0.1625
47 0.44921875 0.6375 0.1953125 0.3015625