12 0.11875 0.63828125 0.2375 0.7234375
2 0.403125 0.7484375 0.1296875 0.30625
0 0.3625 0.6125 0.18125 0.575
19 0.42890625 0.53203125 0.078125 0.228125
54 0.665625 0.67890625 0.0890625 0.1171875
54 0.42109375 0.33828125 0.1296875 0.2140625
54 0.5265625 0.1765625 0.215625 0.3515625
54 0.83125 0.15703125 0.1359375 0.234375
54 0.66953125 0.5703125 0.071875 0.1046875
12 0.653125 0.7421875 0.69375 0.515625
54 0.671875 0.2390625 0.0921875 0.1609375
54 0.2875 0.67421875 0.1203125 0.1484375
0 0.11015625 0.465625 0.11875 0.325
54 0.30859375 0.55703125 0.0140625 0.0375
54 0.26953125 0.56015625 0.034375 0.04375