28 0.20078125 0.509375 0.0140625 0.0421875
29 0.17109375 0.62890625 0.009375 0.01640625
12 0.37734375 0.1953125 0.0265625 0.02578125
12 0.35625 0.19375 0.0234375 0.02578125
29 0.79609375 0.52734375 0.0109375 0.01328125
0 0.11953125 0.6015625 0.03125 0.11953125
0 0.15078125 0.61640625 0.0453125 0.08359375
0 0.8125 0.4 0.021875 0.07109375
0 0.19765625 0.259375 0.0109375 0.0421875
0 0.0734375 0.08671875 0.0125 0.0421875
0 0.0453125 0.946875 0.053125 0.10625
0 0.2078125 0.57578125 0.05625 0.12265625
0 0.79921875 0.53359375 0.0453125 0.103125
0 0.14375 0.2953125 0.0125 0.02890625
0 0.209375 0.26640625 0.0171875 0.0453125
0 0.1609375 0.4484375 0.021875 0.06796875
0 0.05234375 0.37109375 0.01875 0.02890625
0 0.18359375 0.1984375 0.0078125 0.02265625
0 0.43125 0.51640625 0.8625 0.9609375