0 0.31875 0.90234375 0.05 0.14296875
0 0.5296875 0.88203125 0.028125 0.115625
0 0.234375 0.8828125 0.03203125 0.10078125
1 0.321875 0.95703125 0.128125 0.0859375
12 0.76171875 0.84375 0.12421875 0.08359375
52 0.15625 0.9125 0.03203125 0.05390625
12 0.47890625 0.8484375 0.05 0.03203125
12 0.57890625 0.85625 0.0859375 0.06640625
12 0.0828125 0.93828125 0.134375 0.1234375
79 0.39765625 0.76484375 0.02421875 0.06171875
67 0.8140625 0.81875 0.12421875 0.10625
3 0.409375 0.69453125 0.02578125 0.0640625