24 0.60390625 0.79140625 0.1125 0.06875
24 0.29765625 0.82109375 0.159375 0.1984375
24 0.10703125 0.346875 0.2140625 0.353125
0 0.15078125 0.51875 0.203125 0.5234375
0 0.27421875 0.5125 0.140625 0.465625
0 0.34453125 0.55546875 0.125 0.40625
0 0.41328125 0.56328125 0.115625 0.4015625
0 0.4828125 0.55234375 0.1046875 0.4109375
0 0.54296875 0.57109375 0.1421875 0.4265625
0 0.6125 0.57265625 0.0953125 0.3859375
0 0.415625 0.253125 0.0921875 0.228125
0 0.65546875 0.415625 0.0671875 0.18125
0 0.82109375 0.5640625 0.1578125 0.434375
0 0.50390625 0.284375 0.090625 0.178125
24 0.7515625 0.615625 0.0671875 0.3171875
24 0.903125 0.725 0.078125 0.0859375
0 0.7109375 0.565625 0.109375 0.3671875
24 0.88828125 0.63671875 0.103125 0.0578125
0 0.58828125 0.30546875 0.1046875 0.1765625
24 0.5 0.79765625 0.065625 0.0578125
0 0.3265625 0.26875 0.1125 0.184375