12 0.2078125 0.77578125 0.121875 0.1171875
45 0.8484375 0.68984375 0.2828125 0.1578125
19 0.18984375 0.7703125 0.0140625 0.059375
19 0.06015625 0.79296875 0.034375 0.090625
19 0.0828125 0.79765625 0.0109375 0.0328125
0 0.62734375 0.7390625 0.0171875 0.0546875
0 0.10703125 0.8125 0.0578125 0.1875
0 0.2265625 0.79921875 0.0546875 0.1765625
0 0.296875 0.82109375 0.08125 0.2578125
0 0.346875 0.7765625 0.034375 0.121875
0 0.384375 0.76953125 0.034375 0.13125
0 0.39921875 0.74453125 0.015625 0.06875
0 0.17578125 0.80625 0.04375 0.16875
0 0.41796875 0.7859375 0.0453125 0.1546875
0 0.36328125 0.76640625 0.0234375 0.1015625
19 0.1171875 0.81875 0.0203125 0.0359375
0 0.04453125 0.84453125 0.075 0.2734375
19 0.23359375 0.7609375 0.0203125 0.05
0 0.321875 0.76953125 0.028125 0.11875
0 0.2734375 0.7484375 0.0265625 0.0875
3 0.83671875 0.57578125 0.0140625 0.028125
0 0.3296875 0.7703125 0.01875 0.1046875