52 0.2890625 0.76875 0.1796875 0.1203125
52 0.52265625 0.790625 0.134375 0.1171875
52 0.94296875 0.74453125 0.1140625 0.1015625
0 0.51328125 0.72109375 0.1421875 0.11875
21 0.35546875 0.79765625 0.1234375 0.125
0 0.1375 0.58671875 0.0203125 0.0453125
6 0.434375 0.6625 0.0171875 0.0125
6 0.7578125 0.61015625 0.01875 0.0078125
6 0.72890625 0.60859375 0.009375 0.0078125
6 0.89375 0.609375 0.009375 0.0078125
6 0.8515625 0.60078125 0.0078125 0.00625
6 0.9359375 0.6046875 0.009375 0.00625
6 0.58046875 0.690625 0.0171875 0.0046875
6 0.659375 0.62109375 0.009375 0.00625
6 0.95 0.66484375 0.0140625 0.0109375
6 0.975 0.59765625 0.009375 0.0078125
6 0.89140625 0.60078125 0.0078125 0.0046875
6 0.30625 0.66171875 0.01875 0.009375
6 0.99765625 0.5953125 0.0046875 0.00625