57 0.5 0.56328125 1 0.8734375
36 0.596875 0.40859375 0.1 0.2015625
36 0.5796875 0.234375 0.0734375 0.1578125
36 0.0375 0.7296875 0.075 0.359375
37 0.30390625 0.75234375 0.1984375 0.2015625
38 0.85859375 0.42421875 0.1390625 0.103125
38 0.34609375 0.76015625 0.2375 0.2078125
39 0.37890625 0.75 0.1671875 0.171875
44 0.4203125 0.2859375 0.1265625 0.0984375
37 0.8890625 0.43125 0.1078125 0.0703125
39 0.8546875 0.4078125 0.08125 0.0515625
40 0.41171875 0.3609375 0.196875 0.18125
40 0.73515625 0.33125 0.2203125 0.15
52 0.92890625 0.4859375 0.1421875 0.590625
40 0.5578125 0.58515625 0.33125 0.315625
40 0.05703125 0.0796875 0.0765625 0.090625