18 0.5078125 0.3640625 0.7125 0.6984375
18 0.1453125 0.1609375 0.20625 0.140625
26 0.8609375 0.36015625 0.01875 0.0265625
52 0.5265625 0.78671875 0.5921875 0.334375
52 0.67890625 0.721875 0.4 0.2734375
0 0.83828125 0.36875 0.040625 0.1109375
18 0.9796875 0.19609375 0.040625 0.1078125
18 0.02890625 0.13203125 0.0359375 0.06875
0 0.05390625 0.29453125 0.046875 0.0453125
52 0.18359375 0.6421875 0.28125 0.459375
52 0.29296875 0.41484375 0.05625 0.028125
52 0.646875 0.6671875 0.1671875 0.059375
78 0.06640625 0.36484375 0.1234375 0.084375
78 0.52109375 0.3859375 0.240625 0.1
0 0.89140625 0.40234375 0.0609375 0.0765625