18 0.1609375 0.1515625 0.0484375 0.05
18 0.20625 0.13125 0.0671875 0.046875
26 0.49609375 0.53125 0.021875 0.0296875
0 0.30078125 0.56640625 0.3328125 0.5984375
0 0.4484375 0.3421875 0.090625 0.2375
0 0.1703125 0.18671875 0.0609375 0.09375
0 0.2078125 0.18359375 0.0609375 0.10625
28 0.44375 0.52734375 0.053125 0.1125
29 0.16953125 0.615625 0.075 0.1015625
12 0.85234375 0.2140625 0.0703125 0.0796875
12 0.76640625 0.24296875 0.05625 0.06875
12 0.684375 0.25390625 0.0703125 0.078125
12 0.9359375 0.21953125 0.075 0.0875
0 0.11640625 0.67734375 0.2328125 0.4265625