29 0.53515625 0.62265625 0.0625 0.05859375
0 0.321875 0.51484375 0.290625 0.58984375
0 0.6234375 0.61953125 0.2421875 0.36484375
0 0.8515625 0.57421875 0.190625 0.48359375
0 0.91953125 0.38125 0.1328125 0.46015625
0 0.76328125 0.23359375 0.121875 0.13359375
0 0.62109375 0.35625 0.121875 0.33984375
0 0.5078125 0.35625 0.1390625 0.40625
0 0.37421875 0.34765625 0.115625 0.40234375
0 0.24609375 0.32578125 0.1078125 0.43515625
0 0.13828125 0.33203125 0.1046875 0.43359375
28 0.36875 0.22734375 0.0375 0.12109375