56 0.74453125 0.65390625 0.40234375 0.38125
0 0.49765625 0.65859375 0.03046875 0.0484375
0 0.43515625 0.57890625 0.02109375 0.0328125
0 0.475 0.58125 0.01875 0.03125
0 0.5015625 0.578125 0.01875 0.034375
0 0.5203125 0.57890625 0.01640625 0.03125
0 0.55625 0.5421875 0.01171875 0.025
0 0.45859375 0.58515625 0.0140625 0.0234375
0 0.51796875 0.5578125 0.01875 0.021875
0 0.56796875 0.54296875 0.01640625 0.0234375
21 0.38203125 0.68828125 0.028125 0.0265625
0 0.59765625 0.78984375 0.05859375 0.078125
0 0.534375 0.56171875 0.01171875 0.028125
0 0.5390625 0.509375 0.00703125 0.015625
0 0.37265625 0.659375 0.03046875 0.028125
0 0.56484375 0.571875 0.26796875 0.16875