59 0.13359375 0.8328125 0.0734375 0.046875
59 0.36875 0.428125 0.109375 0.071875
53 0.215625 0.21953125 0.3 0.184375
1 0.1703125 0.56796875 0.2671875 0.221875
40 0.68125 0.51328125 0.0609375 0.04375
71 0.95546875 0.553125 0.084375 0.1265625
71 0.99140625 0.56953125 0.015625 0.0828125
52 0.153125 0.9234375 0.121875 0.153125
52 0.29765625 0.925 0.1046875 0.15
52 0.23359375 0.1359375 0.0546875 0.040625
59 0.20546875 0.11171875 0.0390625 0.0328125
59 0.3703125 0.11171875 0.0109375 0.0265625
61 0.13828125 0.87578125 0.0171875 0.0078125
63 0.371875 0.89609375 0.0453125 0.028125
70 0.6703125 0.45546875 0.0828125 0.1484375
71 0.78125 0.36640625 0.040625 0.0859375
71 0.81015625 0.3734375 0.0265625 0.06875
71 0.86328125 0.53984375 0.0890625 0.084375
71 0.97265625 0.33828125 0.0453125 0.1203125
71 0.740625 0.35703125 0.015625 0.1046875
71 0.99296875 0.5515625 0.0140625 0.121875
52 0.30234375 0.1328125 0.0421875 0.0359375
52 0.5125 0.73359375 0.13125 0.2515625
71 0.79140625 0.37109375 0.0265625 0.075
71 0.8 0.5015625 0.0796875 0.028125
71 0.90078125 0.52734375 0.0671875 0.0515625
63 0.10390625 0.8875 0.065625 0.0265625