1 0.440625 0.52734375 0.1453125 0.203125
12 0.2203125 0.44921875 0.225 0.1796875
12 0.675 0.35390625 0.25 0.2
12 0.77578125 0.3296875 0.115625 0.1109375
12 0.48984375 0.36953125 0.1625 0.10625
30 0.08203125 0.803125 0.078125 0.0609375
30 0.3390625 0.49921875 0.040625 0.028125
30 0.86171875 0.43828125 0.0640625 0.0375
0 0.65390625 0.57421875 0.4296875 0.8390625
0 0.31953125 0.41171875 0.08125 0.184375
0 0.8546875 0.34140625 0.0921875 0.1921875
0 0.4296875 0.3671875 0.04375 0.0796875
0 0.0390625 0.47734375 0.0703125 0.1765625
0 0.46953125 0.43203125 0.1515625 0.25625
0 0.88515625 0.315625 0.0625 0.1640625
12 0.9265625 0.2859375 0.0859375 0.109375
67 0.8734375 0.221875 0.1359375 0.1125
17 0.84140625 0.29453125 0.040625 0.0421875
30 0.93984375 0.34375 0.028125 0.0125
30 0.96875 0.32265625 0.0171875 0.0125
0 0.9359375 0.2875 0.053125 0.115625
0 0.66328125 0.27421875 0.059375 0.078125
0 0.96171875 0.27734375 0.0265625 0.08125
0 0.01796875 0.4921875 0.0359375 0.21875
30 0.8984375 0.38046875 0.0234375 0.0203125
0 0.12578125 0.40859375 0.0453125 0.1046875
12 0.15625 0.4109375 0.0546875 0.0578125
12 0.35546875 0.38671875 0.0421875 0.065625
0 0.4046875 0.38203125 0.6984375 0.2734375