57 0.5 0.58671875 1 0.8265625
43 0.31328125 0.4421875 0.1828125 0.15
36 0.62109375 0.2546875 0.1796875 0.428125
37 0.3640625 0.80234375 0.375 0.1140625
38 0.275 0.784375 0.2953125 0.178125
40 0.725 0.67578125 0.3015625 0.3046875
40 0.83515625 0.5390625 0.1390625 0.115625
40 0.8015625 0.428125 0.1109375 0.0890625
36 0.79140625 0.46171875 0.134375 0.1625
36 0.83515625 0.571875 0.1453125 0.1828125
40 0.69765625 0.44453125 0.109375 0.103125
36 0.65390625 0.503125 0.121875 0.11875
36 0.696875 0.4515625 0.109375 0.1046875