52 0.83984375 0.21640625 0.3125 0.43125
62 0.271875 0.534375 0.15625 0.203125
71 0.20625 0.06484375 0.10234375 0.03125
71 0.20078125 0.08203125 0.08984375 0.0140625
71 0.675 0.115625 0.0875 0.075
71 0.7 0.115625 0.07109375 0.0640625
71 0.634375 0.1140625 0.10625 0.0859375
71 0.55 0.11640625 0.12890625 0.015625
71 0.20703125 0.1265625 0.07265625 0.0140625
71 0.20703125 0.09609375 0.10625 0.0328125
71 0.20546875 0.6234375 0.41015625 0.1546875
71 0.08359375 0.46796875 0.15859375 0.1125
71 0.2125 0.11640625 0.08984375 0.01875
71 0.73046875 0.10390625 0.05 0.059375
57 0.27890625 0.6828125 0.55 0.603125
71 0.496875 0.084375 0.16484375 0.028125
0 0.48515625 0.5625 0.5375 0.875
71 0.48203125 0.1734375 0.66875 0.346875