0 0.82734375 0.271875 0.146875 0.25
0 0.253125 0.54375 0.2203125 0.83125
17 0.075 0.253125 0.1296875 0.2828125
21 0.5171875 0.45234375 0.175 0.33125
21 0.11484375 0.828125 0.228125 0.334375
21 0.73125 0.77734375 0.428125 0.415625
21 0.928125 0.55859375 0.1421875 0.13125
21 0.46796875 0.871875 0.159375 0.25625
21 0.6421875 0.42265625 0.16875 0.196875
21 0.134375 0.08515625 0.146875 0.1125
21 0.0921875 0.5640625 0.096875 0.215625
21 0.34609375 0.6171875 0.096875 0.353125
21 0.36328125 0.39453125 0.11875 0.165625
21 0.6109375 0.6265625 0.215625 0.25
21 0.9453125 0.8171875 0.1078125 0.359375
21 0.4453125 0.68828125 0.1125 0.14375
21 0.85703125 0.5015625 0.2421875 0.165625