0 0.59609375 0.34609375 0.2515625 0.628125
0 0.3828125 0.41015625 0.265625 0.8203125
0 0.21015625 0.45546875 0.2296875 0.9109375
0 0.8234375 0.31171875 0.2171875 0.5421875
0 0.06171875 0.37421875 0.1234375 0.7484375
49 0.54375 0.86796875 0.29375 0.228125
49 0.76953125 0.75703125 0.253125 0.16875
49 0.890625 0.66171875 0.2125 0.1328125
49 0.2921875 0.940625 0.33125 0.0921875
0 0.44375 0.10546875 0.128125 0.2109375
0 0.1140625 0.42109375 0.165625 0.8421875
52 0.653125 0.63125 0.1828125 0.15
52 0.79609375 0.56328125 0.1203125 0.1046875
52 0.44765625 0.72265625 0.2390625 0.1859375
70 0.68828125 0.12578125 0.309375 0.2484375