54 0.634375 0.4015625 0.1015625 0.25859375
52 0.76640625 0.715625 0.228125 0.4953125
52 0.49453125 0.690625 0.20625 0.46484375
52 0.46953125 0.4453125 0.1046875 0.0875
52 0.36640625 0.63046875 0.096875 0.4078125
52 0.87578125 0.628125 0.06875 0.41328125
35 0.59921875 0.51171875 0.03125 0.103125
35 0.56953125 0.46953125 0.0359375 0.08515625
35 0.48125 0.47578125 0.0265625 0.109375
35 0.71015625 0.48125 0.028125 0.08984375
35 0.76640625 0.48203125 0.0328125 0.0515625
35 0.67421875 0.51328125 0.06875 0.1375
36 0.7046875 0.546875 0.01875 0.04375
73 0.61796875 0.503125 0.0328125 0.06796875
73 0.66328125 0.4484375 0.059375 0.19453125
40 0.821875 0.53984375 0.0625 0.021875
35 0.509375 0.48125 0.028125 0.08125
52 0.73359375 0.44609375 0.0828125 0.08515625
57 0.65625 0.58046875 0.396875 0.61640625