0 0.1390625 0.85546875 0.04765625 0.13828125
0 0.621875 0.17109375 0.0203125 0.06640625
0 0.3671875 0.16953125 0.02421875 0.1078125
0 0.57734375 0.47109375 0.01796875 0.10234375
0 0.5203125 0.4328125 0.021875 0.10234375
0 0.08828125 0.56328125 0.0203125 0.1140625
0 0.1453125 0.45625 0.02578125 0.1140625
0 0.04921875 0.39375 0.021875 0.10234375
0 0.2671875 0.6625 0.05625 0.09609375
24 0.09921875 0.98671875 0.1 0.02109375
25 0.14609375 0.51796875 0.04375 0.0421875
0 0.29609375 0.48984375 0.028125 0.08984375
0 0.346875 0.1921875 0.02578125 0.06328125
0 0.04375 0.1921875 0.02421875 0.09296875
24 0.36015625 0.87421875 0.05390625 0.0296875
0 0.28828125 0.16953125 0.02578125 0.1078125
24 0.38125 0.85859375 0.071875 0.01484375
24 0.20234375 0.86953125 0.05625 0.01484375
24 0.525 0.48046875 0.06171875 0.02734375
24 0.46796875 0.83046875 0.02421875 0.02109375
0 0.271875 0.55078125 0.5203125 0.8921875