12 0.83515625 0.39765625 0.3015625 0.165625
12 0.29921875 0.37734375 0.4828125 0.1796875
12 0.08046875 0.3578125 0.1359375 0.1
12 0.975 0.415625 0.05 0.11875
23 0.3703125 0.5265625 0.628125 0.596875
0 0.9859375 0.3125 0.028125 0.065625
0 0.665625 0.34375 0.040625 0.153125
0 0.46796875 0.28515625 0.040625 0.0640625
0 0.4390625 0.29140625 0.0234375 0.0390625
0 0.14140625 0.28359375 0.021875 0.0515625
0 0.10859375 0.2765625 0.0203125 0.0515625
0 0.08203125 0.2796875 0.034375 0.053125
0 0.0359375 0.27734375 0.03125 0.0609375
0 0.51015625 0.29609375 0.03125 0.053125
0 0.38515625 0.2828125 0.01875 0.0328125
0 0.065625 0.278125 0.0296875 0.0578125
0 0.596875 0.29921875 0.03125 0.0609375
0 0.27578125 0.27890625 0.4609375 0.0625