52 0.52734375 0.809375 0.246875 0.3296875
52 0.1796875 0.71953125 0.1765625 0.321875
0 0.490625 0.6390625 0.74375 0.721875
0 0.8859375 0.759375 0.225 0.48125
0 0.33359375 0.390625 0.140625 0.359375
62 0.825 0.51171875 0.0578125 0.05625
0 0.58046875 0.74296875 0.3296875 0.5140625
33 0.578125 0.7109375 0.03125 0.071875
65 0.8953125 0.403125 0.10625 0.096875
66 0.578125 0.6578125 0.096875 0.1640625
70 0.86015625 0.575 0.1609375 0.2953125
71 0.01796875 0.84921875 0.0359375 0.0453125
71 0.09140625 0.90234375 0.0375 0.0296875
71 0.0171875 0.88984375 0.034375 0.0296875
71 0.0140625 0.90078125 0.028125 0.0265625
71 0.01171875 0.92890625 0.0234375 0.0265625
71 0.0171875 0.9078125 0.034375 0.0375
71 0.01875 0.8734375 0.0375 0.03125
71 0.05625 0.903125 0.0609375 0.021875
71 0.13359375 0.93046875 0.05 0.0203125
52 0.8015625 0.8125 0.159375 0.375
72 0.24375 0.4265625 0.0453125 0.06875