10 0.45625 0.68828125 0.0171875 0.03359375
10 0.50390625 0.70078125 0.0203125 0.04375
10 0.41484375 0.68359375 0.0125 0.02734375
10 0.3890625 0.67890625 0.0203125 0.02890625
10 0.3203125 0.66640625 0.0171875 0.03359375
10 0.88125 0.75234375 0.021875 0.01484375
10 0.62734375 0.696875 0.009375 0.0125
10 0.740625 0.715625 0.0125 0.01484375
10 0.253125 0.653125 0.0328125 0.02890625
10 0.484375 0.68828125 0.0140625 0.02109375
10 0.44609375 0.67109375 0.0171875 0.0125
10 0.37421875 0.67265625 0.0125 0.02890625
10 0.34140625 0.659375 0.0171875 0.02265625
10 0.21328125 0.646875 0.021875 0.02734375
10 0.54609375 0.696875 0.0203125 0.02109375
10 0.49140625 0.65390625 0.9828125 0.13359375