26 0.63125 0.5234375 0.0578125 0.0765625
52 0.24921875 0.60234375 0.059375 0.046875
52 0.171875 0.5015625 0.0890625 0.0890625
52 0.14765625 0.4359375 0.0484375 0.0671875
52 0.1375 0.35 0.0640625 0.05
52 0.29609375 0.38359375 0.0453125 0.0421875
0 0.5765625 0.59921875 0.340625 0.625
0 0.721875 0.70625 0.309375 0.5015625
0 0.40390625 0.51328125 0.103125 0.1328125
0 0.2125 0.284375 0.0625 0.0953125
0 0.1921875 0.1203125 0.0984375 0.1078125
0 0.190625 0.37734375 0.096875 0.1953125
0 0.52421875 0.21328125 0.084375 0.1703125
0 0.7421875 0.41796875 0.096875 0.125
52 0.2640625 0.51953125 0.065625 0.05
52 0.21875 0.55859375 0.09375 0.0890625
52 0.203125 0.61484375 0.046875 0.0515625
52 0.15234375 0.4 0.0375 0.0765625
52 0.36875 0.37265625 0.0484375 0.053125
52 0.73984375 0.27578125 0.0609375 0.0578125
0 0.1015625 0.540625 0.0796875 0.1390625
0 0.2859375 0.28046875 0.146875 0.190625
0 0.6078125 0.3109375 0.0921875 0.1546875
0 0.88515625 0.39453125 0.05 0.0828125
0 0.440625 0.35703125 0.078125 0.1296875
52 0.20390625 0.471875 0.0296875 0.0484375
0 0.3453125 0.35703125 0.3328125 0.521875
52 0.47109375 0.3015625 0.8296875 0.603125