59 0.3953125 0.48125 0.5609375 0.7296875
7 0.57890625 0.640625 0.303125 0.6890625
52 0.93203125 0.70625 0.1359375 0.559375
71 0.55234375 0.96484375 0.0125 0.0671875
71 0.9609375 0.690625 0.078125 0.040625
71 0.75703125 0.6890625 0.08125 0.034375
71 0.95703125 0.64609375 0.0859375 0.0671875
71 0.7203125 0.8125 0.1015625 0.065625
71 0.73984375 0.85625 0.059375 0.028125
71 0.54453125 0.9640625 0.0125 0.0671875
71 0.73984375 0.9390625 0.1328125 0.096875
71 0.965625 0.60625 0.06875 0.01875
71 0.55390625 0.91015625 0.1203125 0.0734375
0 0.52578125 0.41484375 0.2421875 0.38125