59 0.6578125 0.40703125 0.128125 0.228125
52 0.0796875 0.64453125 0.159375 0.3203125
52 0.15546875 0.5734375 0.06875 0.16875
71 0.26953125 0.6453125 0.0328125 0.0484375
52 0.46953125 0.590625 0.090625 0.159375
60 0.90234375 0.803125 0.1890625 0.39375
72 0.41953125 0.25546875 0.03125 0.071875
75 0.6875 0.69765625 0.065625 0.078125
75 0.37578125 0.74296875 0.0734375 0.1265625
26 0.68515625 0.7171875 0.0359375 0.034375
62 0.33671875 0.8546875 0.03125 0.053125
71 0.2453125 0.5890625 0.025 0.009375
71 0.296875 0.453125 0.009375 0.0765625
71 0.2796875 0.35390625 0.0078125 0.0828125
71 0.26171875 0.4578125 0.0078125 0.071875