57 0.50546875 0.5703125 0.9890625 0.8359375
36 0.5921875 0.40390625 0.0890625 0.196875
36 0.565625 0.23046875 0.065625 0.1546875
36 0.03984375 0.75390625 0.078125 0.35625
37 0.3171875 0.7625 0.1890625 0.1921875
38 0.85390625 0.40546875 0.134375 0.09609375
38 0.36015625 0.76796875 0.228125 0.196875
39 0.3921875 0.75625 0.159375 0.1640625
44 0.409375 0.290625 0.121875 0.09140625
37 0.88515625 0.4109375 0.1046875 0.065625
39 0.84921875 0.3890625 0.078125 0.046875
40 0.4046875 0.365625 0.1875 0.17109375
40 0.72578125 0.31953125 0.2140625 0.13828125
52 0.9359375 0.4640625 0.128125 0.58515625
40 0.5625 0.58203125 0.315625 0.3
40 0.0359375 0.103125 0.071875 0.08671875