59 0.8921875 0.55 0.1546875 0.5546875
52 0.025 0.6953125 0.05 0.2375
0 0.30390625 0.5265625 0.6078125 0.9
36 0.49609375 0.9421875 0.1046875 0.115625
36 0.85078125 0.91015625 0.109375 0.175
61 0.61171875 0.9125 0.128125 0.0625
63 0.55 0.815625 0.1875 0.1796875
71 0.86640625 0.74453125 0.20625 0.04375
19 0.88671875 0.5546875 0.21875 0.1890625
64 0.69609375 0.9796875 0.0609375 0.0375
71 0.88046875 0.63671875 0.23125 0.1671875
71 0.65390625 0.69375 0.178125 0.0921875
71 0.6859375 0.75 0.090625 0.025
71 0.65859375 0.6609375 0.1828125 0.0796875
64 0.421875 0.978125 0.071875 0.0328125