33 0.31875 0.575 0.0609375 0.284375
52 0.8375 0.63515625 0.1203125 0.253125
52 0.7734375 0.69765625 0.103125 0.29375
52 0.58125 0.8015625 0.2875 0.396875
57 0.30546875 0.828125 0.4625 0.34375
57 0.80546875 0.534375 0.115625 0.028125
0 0.55078125 0.61015625 0.425 0.778125
38 0.43984375 0.76015625 0.059375 0.03125
38 0.43671875 0.7125 0.0734375 0.021875
49 0.41640625 0.73359375 0.078125 0.028125
49 0.34765625 0.73984375 0.084375 0.028125
37 0.38203125 0.75703125 0.0859375 0.059375
37 0.42109375 0.69140625 0.0375 0.046875