2 0.84375 0.690625 0.0484375 0.1265625
0 0.6484375 0.55703125 0.025 0.0828125
0 0.71953125 0.571875 0.0171875 0.0796875
12 0.159375 0.5734375 0.0671875 0.0703125
12 0.5328125 0.57265625 0.1546875 0.1546875
12 0.453125 0.56875 0.04375 0.0671875
12 0.93046875 0.88828125 0.1203125 0.2234375
12 0.20078125 0.56484375 0.0578125 0.059375
12 0.09375 0.58515625 0.109375 0.103125
12 0.228125 0.5609375 0.0359375 0.0484375
0 0.66875 0.5875 0.01875 0.075
0 0.69921875 0.55546875 0.0328125 0.0890625
12 0.2359375 0.55234375 0.0484375 0.0515625
12 0.26796875 0.55078125 0.0265625 0.034375
12 0.2875 0.5453125 0.021875 0.0265625
12 0.325 0.540625 0.025 0.025
67 0.44921875 0.55234375 0.059375 0.0734375
0 0.64296875 0.55546875 0.0265625 0.0859375
12 0.303125 0.54375 0.0203125 0.0296875
12 0.48125 0.43125 0.9625 0.534375