15 0.6421875 0.3796875 0.4578125 0.5234375
15 0.85390625 0.31796875 0.2171875 0.4234375
15 0.3375 0.45625 0.45 0.440625
15 0.4828125 0.20859375 0.20625 0.1171875
15 0.21484375 0.19375 0.096875 0.08125
15 0.1703125 0.20078125 0.1 0.075
15 0.1671875 0.2140625 0.0796875 0.0625
15 0.15625 0.3078125 0.3015625 0.296875
15 0.35625 0.19921875 0.1171875 0.0875
15 0.89375 0.3359375 0.08125 0.190625
15 0.96875 0.2859375 0.0546875 0.2046875
15 0.16875 0.15234375 0.084375 0.071875
15 0.02578125 0.16796875 0.0515625 0.0671875
15 0.44453125 0.26171875 0.8890625 0.5234375