52 0.77109375 0.5875 0.3109375 0.225
52 0.80390625 0.4953125 0.1734375 0.1109375
52 0.5609375 0.45546875 0.0796875 0.1109375
57 0.49375 0.73828125 0.9875 0.5234375
57 0.403125 0.42734375 0.24375 0.159375
0 0.33828125 0.45859375 0.6765625 0.9171875
0 0.8171875 0.365625 0.175 0.23125
0 0.6828125 0.3921875 0.103125 0.19375
0 0.95859375 0.4609375 0.0828125 0.2125
0 0.9515625 0.415625 0.05625 0.103125
0 0.7234375 0.3953125 0.0390625 0.0765625
0 0.253125 0.3109375 0.2203125 0.31875
36 0.6359375 0.8453125 0.11875 0.234375
36 0.575 0.7125 0.090625 0.175
36 0.50390625 0.6890625 0.128125 0.2828125
36 0.83125 0.815625 0.165625 0.340625
37 0.18984375 0.87578125 0.1765625 0.1875
38 0.27578125 0.8625 0.2578125 0.0796875
0 0.85703125 0.36484375 0.0328125 0.0296875
36 0.35390625 0.4078125 0.0390625 0.0921875
38 0.31640625 0.909375 0.04375 0.040625
40 0.4359375 0.6578125 0.0703125 0.06875
43 0.6484375 0.659375 0.103125 0.1171875
52 0.55234375 0.4234375 0.0953125 0.109375
54 0.9375 0.7359375 0.096875 0.221875
54 0.4421875 0.409375 0.04375 0.065625
0 0.659375 0.36328125 0.0453125 0.090625
0 0.9984375 0.49140625 0.003125 0.0109375
52 0.49140625 0.3609375 0.0546875 0.046875
52 0.4640625 0.3640625 0.025 0.0375
52 0.61875 0.5171875 0.0734375 0.2546875
57 0.71640625 0.4515625 0.0359375 0.0578125
39 0.61875 0.571875 0.0328125 0.075
52 0.7640625 0.515625 0.171875 0.0703125
52 0.4609375 0.40390625 0.1171875 0.0828125
52 0.95703125 0.5109375 0.0859375 0.134375
52 0.715625 0.40703125 0.0203125 0.05