54 0.3703125 0.3078125 0.04375 0.084375
54 0.31796875 0.3375 0.0421875 0.0859375
54 0.35078125 0.33203125 0.0359375 0.071875
54 0.27109375 0.3515625 0.0734375 0.0890625
59 0.1015625 0.55859375 0.203125 0.2875
53 0.725 0.7359375 0.55 0.5125
53 0.63828125 0.45546875 0.3328125 0.3828125
1 0.928125 0.58671875 0.14375 0.4046875
62 0.5859375 0.43046875 0.034375 0.0171875
62 0.06875 0.44375 0.040625 0.0359375
36 0.51875 0.53046875 0.0265625 0.034375
54 0.403125 0.315625 0.046875 0.0796875
1 0.90546875 0.45234375 0.10625 0.1015625
1 0.934375 0.4328125 0.115625 0.1234375
36 0.55078125 0.49609375 0.028125 0.0625
36 0.4859375 0.49921875 0.025 0.04375
57 0.54609375 0.59453125 0.2796875 0.3546875
71 0.46953125 0.4890625 0.0484375 0.0359375
71 0.2609375 0.49609375 0.0828125 0.0703125
71 0.3359375 0.46484375 0.0734375 0.0625
71 0.41484375 0.45 0.0734375 0.0484375