54 0.38515625 0.30546875 0.171875 0.2390625
33 0.31171875 0.60703125 0.0421875 0.115625
52 0.36015625 0.8484375 0.3765625 0.303125
52 0.08671875 0.634375 0.1578125 0.084375
52 0.603125 0.80234375 0.225 0.3671875
57 0.346875 0.78984375 0.68125 0.4203125
33 0.709375 0.425 0.025 0.040625
33 0.7359375 0.42578125 0.0234375 0.0265625
36 0.265625 0.64765625 0.053125 0.059375
38 0.915625 0.425 0.04375 0.040625
39 0.8953125 0.3890625 0.040625 0.0890625
33 0.303125 0.59296875 0.021875 0.065625
35 0.0734375 0.365625 0.028125 0.059375
35 0.05 0.36875 0.028125 0.0578125
36 0.4734375 0.653125 0.0453125 0.04375
36 0.07890625 0.4640625 0.0296875 0.0328125
36 0.046875 0.465625 0.015625 0.0296875
40 0.934375 0.47890625 0.0640625 0.0328125
40 0.05390625 0.54453125 0.1046875 0.0578125
35 0.01953125 0.36875 0.025 0.0609375
35 0.003125 0.37109375 0.00625 0.0578125
35 0.03515625 0.36875 0.0171875 0.0578125
35 0.00703125 0.3703125 0.0125 0.0578125
52 0.14765625 0.59453125 0.175 0.1046875
36 0.021875 0.46953125 0.028125 0.028125
36 0.06015625 0.4640625 0.015625 0.025