7 0.16953125 0.5046875 0.3390625 0.8875
60 0.653125 0.56484375 0.69375 0.8703125
7 0.6703125 0.284375 0.0359375 0.0453125
7 0.84765625 0.45703125 0.0453125 0.0625
7 0.8765625 0.42890625 0.0359375 0.0421875
7 0.86796875 0.5390625 0.0453125 0.06875
63 0.71328125 0.71875 0.5484375 0.325
71 0.51875 0.40546875 0.15625 0.06875
71 0.53671875 0.44140625 0.1109375 0.0625
71 0.53671875 0.48984375 0.084375 0.075
71 0.5125 0.53125 0.1015625 0.06875
75 0.51953125 0.2953125 0.221875 0.225
75 0.14453125 0.146875 0.221875 0.203125