33 0.3609375 0.25 0.0453125 0.23359375
33 0.31171875 0.253125 0.0609375 0.24609375
33 0.39375 0.18828125 0.0359375 0.20859375
33 0.2296875 0.23671875 0.0625 0.22109375
0 0.5578125 0.5125 0.884375 0.95234375
62 0.2109375 0.50625 0.1890625 0.11484375
0 0.2296875 0.34296875 0.05 0.09375
0 0.0953125 0.37421875 0.0328125 0.03984375
0 0.13359375 0.14609375 0.078125 0.12734375
0 0.06328125 0.403125 0.05 0.1375
62 0.58359375 0.46171875 0.090625 0.08359375
0 0.38125 0.35234375 0.021875 0.05
0 0.4265625 0.33671875 0.0296875 0.06875
0 0.06015625 0.15390625 0.0625 0.09765625
52 0.4921875 0.91875 0.13125 0.1625