9 0.453125 0.603125 0.1265625 0.61953125
12 0.303125 0.634375 0.2015625 0.1890625
12 0.0859375 0.6234375 0.16875 0.228125
12 0.9671875 0.70390625 0.0640625 0.23046875
45 0.18125 0.546875 0.1 0.18359375
0 0.4546875 0.4375 0.1421875 0.4390625
0 0.69453125 0.584375 0.0265625 0.1640625
0 0.56171875 0.58046875 0.0484375 0.16953125
0 0.9359375 0.55546875 0.0359375 0.2
0 0.9734375 0.5390625 0.05 0.121875
0 0.52734375 0.590625 0.028125 0.121875
0 0.20234375 0.58359375 0.021875 0.078125
45 0.12265625 0.50390625 0.025 0.075
79 0.234375 0.49609375 0.00625 0.04140625
17 0.5703125 0.5484375 0.021875 0.046875
19 0.953125 0.5375 0.0046875 0.0390625
72 0.0140625 0.1515625 0.025 0.05
19 0.52734375 0.578125 0.015625 0.053125
45 0.25078125 0.52890625 0.0328125 0.05859375
0 0.1765625 0.575 0.0125 0.01953125