6 0.5203125 0.42734375 0.065625 0.05625
6 0.51328125 0.30390625 0.0625 0.021875
6 0.42734375 0.5640625 0.01875 0.0265625
6 0.1625 0.615625 0.0203125 0.0265625
6 0.653125 0.59375 0.01875 0.0296875
6 0.68203125 0.5703125 0.0234375 0.028125
6 0.7078125 0.53515625 0.015625 0.021875
6 0.83359375 0.54765625 0.0265625 0.0328125
6 0.76328125 0.57265625 0.0203125 0.025
0 0.26875 0.61328125 0.259375 0.6171875
22 0.2515625 0.578125 0.05625 0.071875
17 0.37265625 0.6640625 0.0640625 0.0953125
17 0.16484375 0.69140625 0.053125 0.0765625
17 0.0359375 0.70234375 0.0453125 0.0890625
6 0.49453125 0.5828125 0.021875 0.025
6 0.9359375 0.5671875 0.015625 0.025
6 0.36328125 0.58671875 0.0109375 0.0140625
6 0.19453125 0.62734375 0.0125 0.021875
17 0.13046875 0.7109375 0.05 0.053125