0 0.640625 0.10703125 0.253125 0.2140625
0 0.16171875 0.6296875 0.3234375 0.740625
50 0.57734375 0.5390625 0.1265625 0.1125
50 0.63203125 0.47421875 0.1140625 0.1203125
50 0.68515625 0.421875 0.1078125 0.1078125
50 0.73984375 0.35546875 0.1015625 0.0984375
50 0.775 0.30703125 0.096875 0.0953125
50 0.2828125 0.40078125 0.0796875 0.059375
50 0.7765625 0.503125 0.1234375 0.121875
50 0.7140625 0.58984375 0.1359375 0.1375
50 0.49921875 0.70234375 0.1140625 0.13125
50 0.565625 0.775 0.125 0.1375
50 0.50625 0.50078125 0.10625 0.115625
50 0.41953125 0.44765625 0.0984375 0.0890625
50 0.81796875 0.4421875 0.109375 0.1171875
0 0.39765625 0.09453125 0.2265625 0.1890625
51 0.85234375 0.39609375 0.109375 0.109375
51 0.88828125 0.34140625 0.1015625 0.084375
50 0.54921875 0.53359375 0.9015625 0.9328125