33 0.0625 0.7390625 0.059375 0.11875
33 0.23046875 0.60859375 0.0765625 0.15
0 0.4859375 0.50390625 0.596875 0.9921875
38 0.85078125 0.45546875 0.0359375 0.1421875
39 0.79765625 0.4671875 0.109375 0.1265625
60 0.63046875 0.76171875 0.5734375 0.2578125
63 0.5703125 0.76953125 0.3625 0.1484375
38 0.79453125 0.48515625 0.0609375 0.0890625
39 0.87890625 0.51015625 0.01875 0.0359375
39 0.81171875 0.46171875 0.03125 0.0390625
39 0.82265625 0.50859375 0.0390625 0.040625
40 0.11796875 0.834375 0.184375 0.1171875
69 0.28125 0.7 0.146875 0.059375
36 0.93125 0.571875 0.1375 0.159375