26 0.0953125 0.365625 0.0234375 0.03125
52 0.60859375 0.14453125 0.05 0.071875
52 0.68359375 0.1453125 0.0625 0.065625
52 0.6953125 0.05859375 0.046875 0.0765625
52 0.84296875 0.15234375 0.125 0.0671875
32 0.18671875 0.45390625 0.0828125 0.159375
0 0.3859375 0.5015625 0.3640625 0.85625
0 0.73515625 0.1140625 0.1171875 0.1390625
0 0.33984375 0.0984375 0.11875 0.1484375
0 0.94921875 0.103125 0.1015625 0.178125
0 0.78359375 0.06875 0.14375 0.121875
52 0.78046875 0.13828125 0.0109375 0.0234375
0 0.53984375 0.0875 0.1046875 0.175
0 0.85234375 0.13125 0.1125 0.1140625
0 0.2953125 0.07734375 0.08125 0.1546875
0 0.4390625 0.07734375 0.125 0.1546875
0 0.1171875 0.071875 0.075 0.14375
0 0.90859375 0.0734375 0.13125 0.1171875
0 0.0671875 0.07578125 0.1046875 0.1421875
52 0.1625 0.075 0.040625 0.15
0 0.2390625 0.09609375 0.090625 0.1296875