0 0.603125 0.646875 0.0859375 0.3125
0 0.66015625 0.65390625 0.071875 0.21640625
0 0.46796875 0.68125 0.0515625 0.1625
0 0.82265625 0.65859375 0.0359375 0.13984375
25 0.46328125 0.690625 0.0875 0.1
25 0.60546875 0.68515625 0.5875 0.17265625
0 0.5609375 0.678125 0.034375 0.175
0 0.45078125 0.61796875 0.015625 0.03359375
0 0.49375 0.61953125 0.0140625 0.04375
0 0.88828125 0.63984375 0.025 0.09765625
5 0.28671875 0.646875 0.0453125 0.01875
5 0.87109375 0.62265625 0.021875 0.01015625
17 0.63125 0.58359375 0.03125 0.06484375
17 0.453125 0.65625 0.021875 0.05859375
0 0.45859375 0.62578125 0.0109375 0.05625
0 0.7421875 0.67734375 0.0359375 0.12890625
24 0.7515625 0.703125 0.346875 0.21875
24 0.83515625 0.740625 0.0609375 0.02265625
24 0.91796875 0.684375 0.01875 0.04609375
0 0.44921875 0.66171875 0.0171875 0.06015625
0 0.440625 0.621875 0.0140625 0.04765625
0 0.38828125 0.68203125 0.071875 0.20390625
24 0.38671875 0.78515625 0.078125 0.02109375
24 0.6625 0.76484375 0.065625 0.01875
24 0.53671875 0.809375 0.0359375 0.00859375
24 0.528125 0.75546875 0.034375 0.01640625