12 0.6859375 0.7703125 0.0453125 0.08125
45 0.278125 0.65 0.4765625 0.4625
45 0.58046875 0.68671875 0.215625 0.296875
0 0.8375 0.70625 0.0140625 0.040625
0 0.89140625 0.70078125 0.0109375 0.040625
0 0.90625 0.6890625 0.0125 0.0375
0 0.828125 0.7046875 0.015625 0.0421875
0 0.796875 0.70859375 0.0171875 0.046875
0 0.921875 0.69140625 0.0125 0.0421875
0 0.91875 0.665625 0.0140625 0.0328125
0 0.93203125 0.67265625 0.00625 0.0171875
67 0.7828125 0.62734375 0.0515625 0.0328125
12 0.96953125 0.69375 0.034375 0.04375
12 0.82734375 0.640625 0.046875 0.025
12 0.9265625 0.66015625 0.034375 0.028125
0 0.44296875 0.53671875 0.034375 0.04375
0 0.94453125 0.66640625 0.009375 0.0234375
0 0.89765625 0.678125 0.0109375 0.034375
0 0.9265625 0.66640625 0.009375 0.0296875
0 0.97109375 0.653125 0.0078125 0.025
12 0.78203125 0.628125 0.0515625 0.0328125