33 0.83984375 0.50390625 0.1171875 0.38125
33 0.77109375 0.40859375 0.0765625 0.27890625
52 0.34140625 0.21640625 0.1828125 0.26640625
52 0.1015625 0.09453125 0.084375 0.16015625
52 0.56640625 0.12265625 0.1234375 0.05859375
52 0.15078125 0.084375 0.053125 0.15625
57 0.5 0.62578125 1 0.74765625
0 0.54453125 0.20546875 0.2453125 0.38984375
52 0.178125 0.078125 0.0421875 0.14375
35 0.509375 0.5875 0.0703125 0.19140625
35 0.58828125 0.59765625 0.075 0.21875
36 0.3234375 0.53828125 0.084375 0.2125
37 0.32578125 0.86953125 0.0703125 0.24140625
38 0.72109375 0.875 0.084375 0.25
39 0.93359375 0.85390625 0.0859375 0.08984375
36 0.378125 0.36015625 0.046875 0.06875
36 0.39609375 0.38359375 0.040625 0.10390625
36 0.66640625 0.671875 0.075 0.15859375
36 0.3796875 0.5 0.0296875 0.07265625
39 0.36328125 0.38359375 0.0140625 0.03125
52 0.2078125 0.07265625 0.0421875 0.13359375
0 0.64375 0.06328125 0.059375 0.1265625
52 0.0375 0.11640625 0.075 0.21484375
52 0.07890625 0.13203125 0.0703125 0.12890625
52 0.4109375 0.09140625 0.1125 0.075
52 0.378125 0.146875 0.1421875 0.14609375
53 0.37890625 0.16875 0.15 0.19140625
73 0.5515625 0.38359375 0.134375 0.13515625
36 0.4015625 0.51640625 0.0328125 0.07734375
52 0.403125 0.053125 0.0296875 0.0375
52 0.11171875 0.0375 0.03125 0.05234375
53 0.33984375 0.18359375 0.175 0.19609375