37 0.7 0.69375 0.6 0.43125
47 0.38203125 0.81328125 0.2109375 0.246875
47 0.4609375 0.846875 0.175 0.2703125
47 0.50859375 0.80859375 0.1234375 0.2125
47 0.17578125 0.68515625 0.34375 0.3328125
47 0.80546875 0.4046875 0.3875 0.2125
47 0.809375 0.56171875 0.3640625 0.2890625
47 0.184375 0.39609375 0.265625 0.2015625
47 0.72265625 0.25859375 0.375 0.2984375
47 0.3171875 0.81015625 0.16875 0.1390625
47 0.56328125 0.73046875 0.08125 0.103125
47 0.14375 0.51796875 0.2359375 0.1796875
47 0.2625 0.29453125 0.1953125 0.2015625