59 0.65625 0.40390625 0.12421875 0.22578125
52 0.0796875 0.6515625 0.1578125 0.3171875
52 0.15703125 0.5796875 0.065625 0.16796875
71 0.271875 0.64921875 0.03203125 0.0484375
52 0.47109375 0.59140625 0.08828125 0.15859375
60 0.9078125 0.7984375 0.18203125 0.39453125
72 0.415625 0.25703125 0.0296875 0.071875
75 0.690625 0.69453125 0.0640625 0.0765625
75 0.3796875 0.7453125 0.071875 0.125
26 0.6890625 0.7140625 0.0359375 0.03359375
62 0.34296875 0.8578125 0.0296875 0.053125
71 0.246875 0.59375 0.02421875 0.009375
71 0.29609375 0.45703125 0.0078125 0.0765625
71 0.27734375 0.3578125 0.00625 0.08203125
71 0.2609375 0.46171875 0.00625 0.071875