57 0.5 0.57109375 0.99375 0.8171875
0 0.64921875 0.17734375 0.46015625 0.34921875
0 0.1140625 0.49765625 0.228125 0.2234375
36 0.475 0.31796875 0.13203125 0.31796875
36 0.3171875 0.5296875 0.20390625 0.3828125
36 0.47578125 0.3203125 0.128125 0.31328125
37 0.6703125 0.65703125 0.0640625 0.09296875
38 0.715625 0.66953125 0.07421875 0.0546875
38 0.6921875 0.67578125 0.09765625 0.196875
40 0.6203125 0.55 0.084375 0.1046875
48 0.5203125 0.87734375 0.21015625 0.24453125
43 0.315625 0.084375 0.1796875 0.0953125
43 0.56796875 0.14375 0.165625 0.159375
51 0.89296875 0.4953125 0.2140625 0.15703125
48 0.565625 0.14765625 0.1640625 0.16171875
51 0.90390625 0.69453125 0.1921875 0.25859375