6 0.4484375 0.40703125 0.3234375 0.1171875
6 0.15234375 0.09453125 0.3046875 0.1703125
6 0.59921875 0.60078125 0.053125 0.01875
6 0.128125 0.6671875 0.234375 0.1203125
6 0.82265625 0.64765625 0.275 0.14375
6 0.721875 0.6953125 0.2125 0.053125
6 0.49375 0.74296875 0.3078125 0.10625
6 0.6109375 0.81875 0.1859375 0.0609375
6 0.69296875 0.55390625 0.48125 0.1453125
6 0.8859375 0.82265625 0.2046875 0.1125
6 0.56484375 0.903125 0.228125 0.146875
6 0.13125 0.86015625 0.0609375 0.0609375
6 0.8703125 0.4375 0.2578125 0.1140625
6 0.3640625 0.903125 0.1890625 0.0765625
6 0.5 0.52578125 1 0.9484375