0 0.22421875 0.196875 0.3921875 0.39375
0 0.49453125 0.71953125 0.1453125 0.1671875
0 0.11875 0.51015625 0.1625 0.1546875
0 0.09453125 0.8890625 0.1890625 0.196875
0 0.49609375 0.89453125 0.18125 0.1953125
0 0.09921875 0.684375 0.1984375 0.2125
0 0.2890625 0.7140625 0.1921875 0.175
0 0.71875 0.31171875 0.1828125 0.19375
0 0.28828125 0.89765625 0.2 0.190625
76 0.053125 0.5109375 0.0828125 0.0890625
0 0.81171875 0.803125 0.3671875 0.39375
0 0.31796875 0.50625 0.159375 0.1796875
0 0.49921875 0.50234375 0.2046875 0.2078125
0 0.5125 0.3046875 0.2 0.196875