57 0.5015625 0.58984375 0.996875 0.815625
43 0.3140625 0.4390625 0.1796875 0.146875
36 0.625 0.25703125 0.171875 0.425
37 0.35859375 0.8 0.3734375 0.1078125
38 0.2703125 0.78046875 0.2921875 0.17265625
40 0.721875 0.6796875 0.296875 0.29921875
40 0.834375 0.54453125 0.1375 0.1125
40 0.803125 0.43359375 0.109375 0.08671875
36 0.7921875 0.4671875 0.13125 0.1609375
36 0.83359375 0.57734375 0.1421875 0.1796875
40 0.6984375 0.44765625 0.1078125 0.10078125
36 0.65390625 0.50546875 0.1203125 0.1171875
36 0.69765625 0.4546875 0.1078125 0.103125