57 0.49375 0.76953125 0.9875 0.4609375
0 0.7125 0.43125 0.478125 0.7546875
40 0.1578125 0.66171875 0.315625 0.2484375
51 0.51328125 0.76015625 0.2796875 0.234375
73 0.08046875 0.1265625 0.0765625 0.1390625
71 0.8296875 0.16328125 0.0484375 0.1703125
71 0.8 0.1609375 0.05 0.16875
71 0.85234375 0.16875 0.046875 0.1640625
71 0.84375 0.175 0.040625 0.15625
71 0.53671875 0.159375 0.040625 0.1390625
71 0.7765625 0.1546875 0.040625 0.15
71 0.58515625 0.1625 0.03125 0.1234375
71 0.61796875 0.17265625 0.040625 0.1234375
71 0.57421875 0.178125 0.0265625 0.0953125
71 0.55234375 0.1703125 0.0234375 0.11875
71 0.5609375 0.54765625 0.021875 0.1125
71 0.53828125 0.53515625 0.0890625 0.1359375
0 0.31328125 0.31640625 0.275 0.5421875
52 0.14453125 0.45234375 0.1140625 0.203125
71 0.56015625 0.2890625 0.0140625 0.0734375
52 0.11484375 0.37265625 0.2296875 0.4265625
52 0.09765625 0.41953125 0.1078125 0.284375
71 0.7109375 0.16015625 0.2640625 0.2203125