59 0.12265625 0.415625 0.1234375 0.13125
59 0.87109375 0.57265625 0.2578125 0.3578125
59 0.5765625 0.315625 0.0703125 0.075
64 0.79453125 0.96015625 0.1234375 0.0796875
52 0.53515625 0.80390625 0.1890625 0.3921875
52 0.4609375 0.6984375 0.1265625 0.2890625
52 0.2328125 0.66953125 0.2140625 0.33125
0 0.5875 0.57109375 0.19375 0.359375
60 0.8609375 0.740625 0.246875 0.2890625
61 0.8625 0.8828125 0.125 0.0734375
63 0.12890625 0.4890625 0.0984375 0.0390625
59 0.75859375 0.53671875 0.0765625 0.1390625
61 0.18046875 0.49375 0.0171875 0.0171875
36 0.71875 0.8859375 0.1359375 0.2
36 0.0484375 0.4671875 0.0328125 0.05625
62 0.796875 0.959375 0.125 0.08125