33 0.32421875 0.515625 0.028125 0.0734375
33 0.50703125 0.50703125 0.0234375 0.096875
33 0.525 0.496875 0.0203125 0.0921875
33 0.40546875 0.52890625 0.0265625 0.11875
33 0.4765625 0.5296875 0.0171875 0.0671875
33 0.49375 0.53203125 0.0265625 0.075
39 0.28671875 0.5234375 0.0125 0.0359375
66 0.82734375 0.78515625 0.315625 0.3546875
69 0.1109375 0.6234375 0.2171875 0.075
33 0.37109375 0.525 0.0140625 0.065625
33 0.44140625 0.54453125 0.015625 0.0484375
33 0.57265625 0.49609375 0.0265625 0.0671875
33 0.5546875 0.5109375 0.021875 0.0875
72 0.36640625 0.2953125 0.0875 0.121875
33 0.35078125 0.50859375 0.03125 0.10625
33 0.3875 0.5328125 0.0203125 0.0796875
42 0.3765625 0.57734375 0.0203125 0.021875
42 0.3875 0.571875 0.0203125 0.028125
42 0.365625 0.57421875 0.0203125 0.028125
73 0.025 0.48046875 0.05 0.1265625
33 0.4203125 0.53828125 0.015625 0.071875
33 0.4265625 0.53671875 0.240625 0.1