20 0.2703125 0.56171875 0.040625 0.22265625
40 0.6078125 0.76484375 0.08125 0.0375
66 0.33046875 0.65 0.0375 0.1359375
66 0.34921875 0.6296875 0.0265625 0.11015625
66 0.3703125 0.61796875 0.0234375 0.0890625
0 0.4421875 0.615625 0.0890625 0.2671875
0 0.56875 0.55703125 0.0390625 0.0984375
0 0.86171875 0.60390625 0.0546875 0.159375
0 0.6453125 0.56171875 0.025 0.11484375
0 0.50625 0.53515625 0.0328125 0.07265625
0 0.70546875 0.540625 0.03125 0.09609375
0 0.75390625 0.596875 0.065625 0.2203125
0 0.67421875 0.5734375 0.0796875 0.09375
0 0.6015625 0.55703125 0.0609375 0.10078125
0 0.6703125 0.5140625 0.01875 0.028125
40 0.53125 0.7484375 0.0796875 0.046875
40 0.3796875 0.79765625 0.059375 0.03984375
40 0.36328125 0.74609375 0.084375 0.03046875
40 0.61015625 0.7859375 0.0796875 0.03515625
40 0.44140625 0.765625 0.084375 0.0375
40 0.58671875 0.6265625 0.0140625 0.01875
40 0.334375 0.79296875 0.0390625 0.03046875
40 0.3328125 0.803125 0.0359375 0.02578125
0 0.19921875 0.5453125 0.215625 0.56640625