54 0.8609375 0.41875 0.0703125 0.115625
6 0.0140625 0.4984375 0.028125 0.053125
70 0.98671875 0.78046875 0.0265625 0.3859375
65 0.96328125 0.434375 0.0734375 0.15
66 0.71953125 0.659375 0.1953125 0.440625
69 0.28203125 0.603125 0.2484375 0.1390625
13 0.1078125 0.41796875 0.03125 0.0390625
36 0.184375 0.634375 0.0578125 0.1
36 0.1359375 0.6390625 0.040625 0.071875
36 0.325 0.33046875 0.0296875 0.0515625
36 0.34375 0.32421875 0.0375 0.05
36 0.29921875 0.33671875 0.0390625 0.05625
36 0.384375 0.3171875 0.028125 0.0515625
36 0.4 0.3109375 0.028125 0.053125
36 0.4296875 0.41015625 0.034375 0.0578125
36 0.36484375 0.31953125 0.0265625 0.05
36 0.40390625 0.409375 0.025 0.05
36 0.43359375 0.44453125 0.0265625 0.0421875
36 0.41015625 0.45078125 0.0375 0.053125
38 0.37578125 0.41171875 0.00625 0.0140625
38 0.36796875 0.40859375 0.00625 0.0203125
38 0.3625 0.4203125 0.0109375 0.0328125
33 0.290625 0.4953125 0.034375 0.0796875