0 0.58984375 0.65546875 0.1125 0.31875
0 0.64609375 0.6671875 0.090625 0.221875
0 0.45234375 0.678125 0.065625 0.165625
0 0.8078125 0.6859375 0.0484375 0.1421875
25 0.446875 0.68671875 0.0953125 0.1078125
25 0.5890625 0.69375 0.6 0.2234375
0 0.5453125 0.6828125 0.05 0.1765625
0 0.440625 0.61328125 0.01875 0.034375
0 0.48359375 0.61875 0.0171875 0.0453125
0 0.875 0.6734375 0.0328125 0.1
5 0.275 0.62734375 0.046875 0.021875
5 0.859375 0.6546875 0.0234375 0.0125
17 0.6234375 0.59453125 0.0375 0.0671875
17 0.43984375 0.6515625 0.0265625 0.0609375
0 0.44765625 0.621875 0.015625 0.05625
0 0.72578125 0.69765625 0.046875 0.13125
24 0.7328125 0.72421875 0.3640625 0.2484375
24 0.81328125 0.76875 0.0625 0.028125
24 0.9 0.7203125 0.0234375 0.046875
0 0.43515625 0.65703125 0.021875 0.0609375
0 0.43046875 0.61640625 0.01875 0.0484375
0 0.37265625 0.671875 0.0890625 0.209375
24 0.3625 0.77421875 0.0796875 0.028125
24 0.6390625 0.778125 0.0671875 0.025
24 0.509375 0.81171875 0.0359375 0.0109375
24 0.50546875 0.75703125 0.0359375 0.01875