23 0.5 0.5 1 1
23 0.8078125 0.41328125 0.384375 0.4734375
0 0.5140625 0.2046875 0.1484375 0.3
0 0.28828125 0.23046875 0.1078125 0.259375
0 0.0515625 0.34453125 0.103125 0.5140625
0 0.18984375 0.30703125 0.03125 0.0953125
0 0.825 0.22578125 0.1390625 0.178125
0 0.565625 0.1875 0.05625 0.171875
0 0.8921875 0.19609375 0.1 0.24375
0 0.3578125 0.27421875 0.0703125 0.121875
0 0.3953125 0.24296875 0.0703125 0.24375
0 0.43671875 0.22421875 0.09375 0.271875
0 0.2328125 0.29609375 0.04375 0.1375
0 0.1046875 0.309375 0.1125 0.346875
0 0.11484375 0.290625 0.1234375 0.3640625