33 0.64375 0.2703125 0.0671875 0.12578125
52 0.4109375 0.11015625 0.26328125 0.0734375
57 0.503125 0.4953125 0.93984375 0.76640625
36 0.50234375 0.4921875 0.13203125 0.13046875
36 0.3046875 0.32578125 0.1015625 0.1125
36 0.678125 0.51015625 0.08515625 0.12421875
36 0.72890625 0.4328125 0.1125 0.1453125
36 0.54765625 0.18515625 0.0640625 0.08671875
37 0.53828125 0.62734375 0.76015625 0.25625
37 0.159375 0.303125 0.16484375 0.0359375
38 0.4765625 0.6765625 0.1765625 0.15234375
38 0.15625 0.4078125 0.19921875 0.02421875
38 0.87578125 0.52578125 0.18828125 0.0390625
36 0.725 0.3109375 0.06875 0.103125
36 0.3796875 0.27578125 0.06171875 0.103125
33 0.40546875 0.21171875 0.0734375 0.1453125
52 0.85546875 0.240625 0.23671875 0.3140625
33 0.2921875 0.1953125 0.0703125 0.11796875
38 0.63515625 0.2203125 0.15546875 0.01953125
33 0.434375 0.41484375 0.08515625 0.12109375
38 0.859375 0.3703125 0.1421875 0.01015625