52 0.27265625 0.6515625 0.134375 0.1578125
52 0.31640625 0.64375 0.103125 0.1390625
52 0.08515625 0.7953125 0.1359375 0.3109375
52 0.9453125 0.66875 0.109375 0.3125
52 0.94140625 0.5328125 0.1171875 0.175
0 0.5375 0.52109375 0.1765625 0.215625
0 0.81015625 0.37109375 0.3015625 0.7421875
0 0.11796875 0.57109375 0.2359375 0.5546875
49 0.67890625 0.67734375 0.1359375 0.0546875
49 0.828125 0.84375 0.3296875 0.1375
49 0.45078125 0.71640625 0.134375 0.0578125
49 0.228125 0.86328125 0.2234375 0.0953125
49 0.52578125 0.61484375 0.053125 0.0171875
38 0.86328125 0.77265625 0.0828125 0.0734375
57 0.5109375 0.77421875 0.978125 0.4515625
0 0.9375 0.61875 0.08125 0.08125