18 0.78359375 0.12421875 0.121875 0.0671875
0 0.41484375 0.46875 0.3890625 0.9375
0 0.58671875 0.1875 0.04375 0.0609375
0 0.99453125 0.24296875 0.0109375 0.1203125
0 0.9234375 0.25078125 0.028125 0.0484375
0 0.22421875 0.0515625 0.0453125 0.103125
0 0.5671875 0.1671875 0.0375 0.090625
0 0.4203125 0.12578125 0.025 0.0515625
0 0.32109375 0.10234375 0.0234375 0.0359375
30 0.284375 0.796875 0.1265625 0.15625
1 0.621875 0.2109375 0.04375 0.05
1 0.66953125 0.221875 0.046875 0.0625
0 0.3046875 0.10390625 0.015625 0.025
18 0.26328125 0.059375 0.065625 0.04375
0 0.95234375 0.26953125 0.0359375 0.053125
0 0.375 0.11015625 0.0296875 0.0640625
0 0.58515625 0.15546875 0.0234375 0.059375
0 0.446875 0.13671875 0.03125 0.05
0 0.48828125 0.14765625 0.315625 0.128125