0 0.18515625 0.55 0.0859375 0.284375
0 0.5125 0.51328125 0.0421875 0.0390625
59 0.1046875 0.54296875 0.0484375 0.1171875
59 0.98046875 0.40234375 0.03125 0.0796875
21 0.09921875 0.61015625 0.046875 0.0578125
21 0.4078125 0.628125 0.046875 0.0890625
21 0.446875 0.61015625 0.0484375 0.0859375
21 0.534375 0.609375 0.053125 0.0828125
21 0.35703125 0.6203125 0.0515625 0.090625
21 0.5015625 0.6234375 0.0453125 0.0921875
21 0.31875 0.63515625 0.0421875 0.096875
21 0.8453125 0.59375 0.0578125 0.08125
21 0.88203125 0.58125 0.040625 0.0828125
21 0.415625 0.55390625 0.0671875 0.0703125
21 0.590625 0.6203125 0.0453125 0.0828125
21 0.7765625 0.5359375 0.065625 0.0796875
0 0.965625 0.52421875 0.0578125 0.1515625
0 0.05625 0.58046875 0.059375 0.0859375
21 0.70078125 0.61171875 0.0390625 0.0828125
21 0.4953125 0.5921875 0.9859375 0.2953125