0 0.1609375 0.57265625 0.2984375 0.6625
72 0.415625 0.525 0.1 0.1296875
72 0.72734375 0.36015625 0.1015625 0.14375
72 0.5359375 0.33828125 0.0953125 0.1421875
72 0.9078125 0.59765625 0.1703125 0.2953125
72 0.70859375 0.69140625 0.134375 0.209375
72 0.8296875 0.371875 0.1046875 0.1453125
72 0.5640625 0.546875 0.0796875 0.1328125
72 0.43515625 0.33046875 0.0984375 0.153125
72 0.63125 0.3515625 0.103125 0.146875
72 0.92734375 0.35859375 0.115625 0.159375
72 0.47890625 0.14765625 0.14375 0.2046875
72 0.75234375 0.14375 0.140625 0.2234375
72 0.61484375 0.15703125 0.1609375 0.2234375
72 0.5921875 0.3765625 0.815625 0.753125