52 0.6328125 0.15546875 0.378125 0.3109375
52 0.1265625 0.190625 0.253125 0.38125
57 0.49921875 0.61328125 0.9921875 0.74375
40 0.42578125 0.6421875 0.2421875 0.2375
40 0.51328125 0.50234375 0.23125 0.1625
40 0.2109375 0.35859375 0.3109375 0.221875
40 0.5765625 0.46875 0.221875 0.1515625
41 0.18359375 0.328125 0.1015625 0.084375
46 0.5734375 0.3796875 0.190625 0.1375
47 0.30234375 0.540625 0.0578125 0.040625
47 0.31328125 0.490625 0.1140625 0.0609375
60 0.84140625 0.4453125 0.3171875 0.6421875
47 0.22578125 0.50078125 0.053125 0.04375
47 0.2828125 0.52421875 0.0828125 0.04375
47 0.22890625 0.4546875 0.0375 0.025
47 0.1546875 0.47109375 0.059375 0.0375
47 0.1140625 0.50546875 0.0765625 0.0375
47 0.11328125 0.5421875 0.046875 0.05
47 0.184375 0.496875 0.0296875 0.046875
47 0.12734375 0.4828125 0.0515625 0.034375
47 0.1640625 0.503125 0.0234375 0.0375
47 0.18828125 0.453125 0.059375 0.034375
52 0.39921875 0.1609375 0.2234375 0.3203125
40 0.2203125 0.51015625 0.2921875 0.15
40 0.40703125 0.421875 0.178125 0.20625
40 0.0734375 0.52890625 0.1 0.146875
46 0.67109375 0.38203125 0.040625 0.075
47 0.240625 0.4875 0.115625 0.046875