12 0.340625 0.6046875 0.5609375 0.3890625
12 0.5625 0.4796875 0.0984375 0.0671875
12 0.55546875 0.50703125 0.0578125 0.0640625
0 0.1484375 0.42890625 0.025 0.034375
0 0.1328125 0.43984375 0.0265625 0.0390625
0 0.615625 0.49921875 0.0421875 0.0921875
0 0.103125 0.4234375 0.0234375 0.0265625
12 0.15234375 0.45390625 0.0625 0.0546875
12 0.5609375 0.4484375 0.0296875 0.0109375
79 0.9390625 0.38046875 0.0328125 0.046875
4 0.725 0.5359375 0.0703125 0.2140625
12 0.06953125 0.50625 0.1390625 0.190625
79 0.15546875 0.34765625 0.021875 0.0359375
79 0.628125 0.390625 0.0171875 0.028125
2 0.65078125 0.53671875 0.0375 0.06875