20 0.2765625 0.58125 0.059375 0.225
40 0.63046875 0.7546875 0.084375 0.04375
66 0.34453125 0.6640625 0.0484375 0.1390625
66 0.3609375 0.6421875 0.0359375 0.1125
66 0.38125 0.62890625 0.03125 0.090625
0 0.45234375 0.6203125 0.1125 0.2734375
0 0.5734375 0.55078125 0.046875 0.1015625
0 0.86953125 0.571875 0.06875 0.1640625
0 0.65 0.5484375 0.034375 0.1171875
0 0.509375 0.534375 0.0390625 0.075
0 0.70859375 0.52265625 0.0390625 0.0984375
0 0.76171875 0.57421875 0.084375 0.225
0 0.6796875 0.5578125 0.0875 0.1
0 0.60625 0.54765625 0.06875 0.10625
0 0.67109375 0.49921875 0.021875 0.0296875
40 0.553125 0.74453125 0.0828125 0.053125
40 0.40625 0.80703125 0.0625 0.0453125
40 0.38515625 0.75703125 0.0859375 0.0375
40 0.634375 0.775 0.0828125 0.0421875
40 0.46484375 0.76953125 0.0875 0.0453125
40 0.59765625 0.61875 0.015625 0.0203125
40 0.36015625 0.80625 0.0421875 0.034375
40 0.36015625 0.81640625 0.0375 0.028125
0 0.2046875 0.57109375 0.2640625 0.5828125