1 0.34609375 0.628125 0.3578125 0.74375
1 0.77890625 0.3640625 0.053125 0.1203125
0 0.9046875 0.30234375 0.034375 0.0828125
0 0.63984375 0.3375 0.0109375 0.03125
12 0.74140625 0.32578125 0.0296875 0.025
12 0.31484375 0.37421875 0.2296875 0.1671875
67 0.4609375 0.346875 0.1515625 0.2046875
4 0.284375 0.1875 0.0953125 0.2890625
4 0.2234375 0.178125 0.125 0.2984375
4 0.75703125 0.29140625 0.025 0.0515625
67 0.7984375 0.30234375 0.059375 0.0890625
79 0.69453125 0.28203125 0.009375 0.0171875
4 0.184375 0.3875 0.0125 0.0296875
4 0.5421875 0.34140625 0.01875 0.059375
0 0.6296875 0.33828125 0.0140625 0.034375
0 0.45390625 0.309375 0.01875 0.0234375
0 0.5875 0.340625 0.0140625 0.04375
79 0.88671875 0.2640625 0.0078125 0.01875
12 0.865625 0.31484375 0.015625 0.015625
12 0.86875 0.3046875 0.028125 0.03125