33 0.62265625 0.203125 0.03125 0.1046875
33 0.52265625 0.24921875 0.0453125 0.1015625
33 0.54296875 0.23203125 0.01875 0.0453125
36 0.9703125 0.37578125 0.0515625 0.06875
36 0.921875 0.43359375 0.0546875 0.0671875
40 0.67421875 0.66640625 0.075 0.071875
40 0.88203125 0.8125 0.059375 0.0484375
40 0.7671875 0.42578125 0.034375 0.0421875
40 0.89375 0.74140625 0.084375 0.04375
66 0.37890625 0.73125 0.296875 0.3359375
66 0.30859375 0.48828125 0.2109375 0.18125
36 0.96015625 0.4359375 0.0375 0.05625
36 0.9875 0.44921875 0.0234375 0.0515625
36 0.89140625 0.58046875 0.028125 0.0640625
36 0.8875 0.53828125 0.021875 0.040625
36 0.9109375 0.5640625 0.0296875 0.0921875
36 0.91875 0.36953125 0.059375 0.0671875
38 0.59609375 0.125 0.0171875 0.075
38 0.6078125 0.11328125 0.0125 0.0625
38 0.56484375 0.1234375 0.0171875 0.075
38 0.57578125 0.1296875 0.015625 0.0484375
39 0.42890625 0.8953125 0.0484375 0.0609375
40 0.88203125 0.86796875 0.0578125 0.01875
40 0.88125 0.8375 0.0609375 0.025
40 0.98125 0.74296875 0.0375 0.0421875
40 0.5984375 0.4015625 0.0421875 0.0578125
36 0.946875 0.57421875 0.03125 0.0859375
36 0.8609375 0.56171875 0.03125 0.096875
38 0.57890625 0.11796875 0.028125 0.0828125
38 0.6 0.103125 0.025 0.1015625
38 0.578125 0.0796875 0.0234375 0.071875
40 0.76796875 0.39453125 0.034375 0.0390625
40 0.98359375 0.72421875 0.0328125 0.0296875
35 0.98984375 0.57109375 0.0203125 0.1296875
35 0.95703125 0.5671875 0.0234375 0.0578125