0 0.4921875 0.61875 0.109375 0.19375
25 0.521875 0.68046875 0.1296875 0.1234375
0 0.30703125 0.62109375 0.0046875 0.009375
0 0.11953125 0.68125 0.00625 0.015625
0 0.909375 0.7546875 0.0125 0.0125
0 0.4046875 0.60703125 0.0046875 0.009375
0 0.32109375 0.61953125 0.0078125 0.0125
5 0.07421875 0.61015625 0.0140625 0.00625
5 0.75625 0.665625 0.0265625 0.0203125
5 0.553125 0.62578125 0.0234375 0.015625
5 0.40703125 0.6078125 0.03125 0.0375
5 0.315625 0.6328125 0.021875 0.0109375
5 0.2328125 0.6328125 0.0234375 0.0140625
5 0.1765625 0.634375 0.021875 0.0125