0 0.4921875 0.49296875 0.26015625 0.296875
0 0.22734375 0.05234375 0.0984375 0.0875
0 0.49453125 0.1171875 0.12421875 0.1203125
0 0.79296875 0.0828125 0.11015625 0.1625
0 0.21171875 0.33515625 0.22265625 0.2875
0 0.0734375 0.52265625 0.146875 0.2140625
0 0.9234375 0.3421875 0.153125 0.209375
0 0.34765625 0.25703125 0.11484375 0.084375
28 0.41015625 0.33125 0.07265625 0.121875
29 0.06328125 0.53828125 0.06328125 0.0375
0 0.09609375 0.26640625 0.15234375 0.0953125
52 0.671875 0.30703125 0.11953125 0.034375
52 0.5453125 0.30859375 0.12421875 0.0359375
52 0.41484375 0.31328125 0.12421875 0.0359375
52 0.42890625 0.27109375 0.0609375 0.0453125
52 0.1546875 0.26640625 0.02578125 0.0265625
0 0.34453125 0.071875 0.0796875 0.103125
0 0.9359375 0.03828125 0.1078125 0.0765625
5 0.903125 0.409375 0.0609375 0.0625
28 0.2578125 0.50078125 0.121875 0.01875
0 0.4734375 0.91171875 0.253125 0.15
0 0.5359375 0.271875 0.215625 0.1125
52 0.58671875 0.2703125 0.11015625 0.04375
52 0.29609375 0.3140625 0.0984375 0.03125
52 0.284375 0.2828125 0.028125 0.0296875
52 0.07265625 0.2625 0.12421875 0.0171875
52 0.13203125 0.3171875 0.07734375 0.0359375
0 0.49921875 0.24921875 0.99765625 0.4984375