12 0.0796875 0.76796875 0.159375 0.1328125
12 0.13359375 0.7328125 0.0484375 0.0390625
67 0.9109375 0.71640625 0.175 0.3078125
79 0.21484375 0.56953125 0.0390625 0.1140625
79 0.25078125 0.56015625 0.0421875 0.06875
0 0.325 0.7734375 0.0453125 0.19375
0 0.371875 0.7765625 0.0453125 0.196875
0 0.440625 0.775 0.0484375 0.1734375
0 0.4796875 0.765625 0.0453125 0.184375
0 0.625 0.76328125 0.0453125 0.159375
0 0.51796875 0.76484375 0.03125 0.16875
0 0.74140625 0.75390625 0.0484375 0.15625
0 0.78515625 0.74609375 0.059375 0.171875
0 0.22265625 0.7890625 0.0453125 0.196875
0 0.28984375 0.78515625 0.0359375 0.1890625
12 0.9703125 0.84296875 0.0390625 0.10625
12 0.02421875 0.7046875 0.0484375 0.025
0 0.39375 0.7734375 0.040625 0.1765625
0 0.2609375 0.790625 0.05625 0.2046875
0 0.60390625 0.71796875 0.015625 0.025
0 0.5109375 0.7671875 0.74375 0.2734375