64 0.03203125 0.5953125 0.0171875 0.0140625
52 0.3828125 0.40390625 0.053125 0.1109375
52 0.0984375 0.6765625 0.196875 0.565625
57 0.2609375 0.3640625 0.1921875 0.078125
0 0.5421875 0.58125 0.38125 0.8296875
0 0.471875 0.26796875 0.1953125 0.3125
0 0.3375 0.3890625 0.15625 0.25625
0 0.17890625 0.3203125 0.05 0.0859375
0 0.03515625 0.33984375 0.0703125 0.1390625
36 0.990625 0.88828125 0.01875 0.1234375
36 0.884375 0.66953125 0.05 0.1109375
51 0.7828125 0.815625 0.2203125 0.209375
0 0.38125 0.2953125 0.0375 0.0765625
0 0.021875 0.3265625 0.04375 0.08125
20 0.56875 0.40390625 0.040625 0.0765625
20 0.50625 0.27890625 0.046875 0.0328125
20 0.275 0.296875 0.0140625 0.0078125
40 0.82890625 0.6296875 0.1390625 0.1140625
52 0.25859375 0.44296875 0.0796875 0.165625
52 0.08359375 0.39375 0.028125 0.028125
52 0.12578125 0.42890625 0.0765625 0.1390625
57 0.08359375 0.4125 0.034375 0.0265625
0 0.2796875 0.2984375 0.0828125 0.1109375
0 0.1640625 0.39609375 0.1453125 0.275
52 0.078125 0.43828125 0.028125 0.05625
52 0.12578125 0.47421875 0.078125 0.171875
0 0.09375 0.67578125 0.1875 0.5765625
0 0.0359375 0.3765625 0.071875 0.159375
38 0.5796875 0.7078125 0.375 0.1890625
57 0.7734375 0.7734375 0.453125 0.434375