18 0.51015625 0.5984375 0.06875 0.0625
18 0.65703125 0.65078125 0.0578125 0.0640625
52 0.328125 0.9203125 0.0921875 0.1296875
19 0.84296875 0.82265625 0.0578125 0.1296875
19 0.459375 0.68828125 0.053125 0.0984375
19 0.6828125 0.92421875 0.0875 0.1515625
19 0.4125 0.64765625 0.025 0.0328125
19 0.534375 0.87890625 0.0359375 0.078125
0 0.11640625 0.81484375 0.1328125 0.253125
0 0.20546875 0.83359375 0.109375 0.2390625
0 0.32421875 0.8609375 0.134375 0.2234375
0 0.78515625 0.8046875 0.1359375 0.390625
0 0.2765625 0.7640625 0.0953125 0.1984375
0 0.43984375 0.6234375 0.009375 0.03125
0 0.2375 0.67421875 0.0328125 0.0890625
0 0.18125 0.6453125 0.0546875 0.1578125
0 0.58125 0.7796875 0.16875 0.440625
0 0.71484375 0.79296875 0.1734375 0.4140625
0 0.8546875 0.81875 0.1375 0.3625
27 0.1890625 0.4765625 0.0234375 0.046875
27 0.73359375 0.3484375 0.03125 0.0359375
27 0.39375 0.35078125 0.0140625 0.021875
27 0.5015625 0.37265625 0.0140625 0.021875
27 0.56484375 0.17578125 0.0015625 0.0078125
27 0.5171875 0.47890625 0.0109375 0.0125
27 0.51171875 0.5203125 0.01875 0.0234375
27 0.4546875 0.52109375 0.0359375 0.046875
27 0.19921875 0.34375 0.0109375 0.015625
27 0.31171875 0.3734375 0.0125 0.0171875
0 0.325 0.759375 0.1375 0.175
27 0.3515625 0.33359375 0.0125 0.021875
27 0.5078125 0.2390625 0.0109375 0.015625
52 0.47109375 0.82578125 0.11875 0.2078125
0 0.21171875 0.63359375 0.0234375 0.0859375
27 0.3671875 0.47421875 0.015625 0.025
0 0.4859375 0.728125 0.971875 0.403125
27 0.52421875 0.3546875 0.8828125 0.4578125