33 0.01953125 0.4984375 0.0390625 0.165625
70 0.8265625 0.60625 0.346875 0.759375
68 0.39375 0.6109375 0.2078125 0.125
69 0.0890625 0.73203125 0.16875 0.0890625
74 0.17421875 0.43125 0.040625 0.0484375
33 0.63359375 0.1234375 0.0796875 0.025
33 0.48671875 0.13125 0.0296875 0.034375
33 0.6640625 0.03125 0.1234375 0.0265625
38 0.15234375 0.48125 0.025 0.0484375
38 0.153125 0.43125 0.0203125 0.0640625
38 0.140625 0.47890625 0.021875 0.0484375
38 0.1453125 0.43046875 0.0203125 0.065625
38 0.13125 0.48046875 0.01875 0.04375
38 0.1234375 0.47734375 0.0171875 0.0484375
38 0.1265625 0.43046875 0.028125 0.053125
40 0.2515625 0.640625 0.096875 0.05625
65 0.57734375 0.58046875 0.2046875 0.1640625