33 0.31953125 0.08671875 0.06640625 0.1453125
33 0.90390625 0.56328125 0.14765625 0.1765625
70 0.5 0.48515625 1 0.965625
0 0.48671875 0.58125 0.34375 0.80625
33 0.39375 0.090625 0.06875 0.13125
33 0.325 0.53203125 0.09140625 0.0796875
33 0.65625 0.53359375 0.05625 0.1328125
33 0.665625 0.0859375 0.075 0.171875
42 0.69375 0.32109375 0.08359375 0.0625
33 0.9328125 0.103125 0.134375 0.20625
33 0.26875 0.0890625 0.05390625 0.128125
33 0.75625 0.7625 0.09375 0.096875
36 0.25078125 0.13359375 0.06640625 0.0625
44 0.79453125 0.26171875 0.075 0.05625
44 0.78828125 0.346875 0.08125 0.0578125