54 0.43984375 0.4921875 0.2046875 0.3125
57 0.26953125 0.74921875 0.5390625 0.4796875
36 0.44921875 0.58515625 0.0609375 0.1359375
36 0.7734375 0.75625 0.0828125 0.1328125
36 0.1921875 0.52421875 0.0640625 0.0734375
36 0.07109375 0.51484375 0.0640625 0.0890625
36 0.2578125 0.2796875 0.0875 0.140625
36 0.21328125 0.65859375 0.0390625 0.090625
37 0.26328125 0.6703125 0.109375 0.0796875
37 0.31796875 0.7421875 0.1265625 0.0953125
39 0.3 0.7015625 0.1140625 0.078125
39 0.30546875 0.72734375 0.1171875 0.0921875
36 0.18671875 0.6390625 0.0265625 0.0734375
37 0.27265625 0.6765625 0.1109375 0.0765625
40 0.04609375 0.61875 0.0921875 0.125
73 0.44765625 0.58671875 0.0609375 0.13125
39 0.3 0.7203125 0.0828125 0.0796875
36 0.2390625 0.646875 0.0234375 0.0671875
36 0.21640625 0.63515625 0.0359375 0.0875
38 0.2875 0.69375 0.1234375 0.078125
36 0.25 0.6359375 0.034375 0.0765625