12 0.82890625 0.38046875 0.2984375 0.159375
12 0.29296875 0.38828125 0.48125 0.171875
12 0.0734375 0.38046875 0.134375 0.096875
12 0.9734375 0.390625 0.0515625 0.11875
23 0.371875 0.53359375 0.6171875 0.5859375
0 0.97890625 0.2875 0.0359375 0.065625
0 0.65703125 0.33515625 0.0390625 0.153125
0 0.45625 0.2875 0.0390625 0.0625
0 0.428125 0.2953125 0.021875 0.0390625
0 0.13125 0.30234375 0.021875 0.0515625
0 0.096875 0.29765625 0.01875 0.0515625
0 0.0703125 0.30234375 0.0328125 0.0515625
0 0.02421875 0.30234375 0.03125 0.0609375
0 0.49921875 0.29609375 0.03125 0.0515625
0 0.3734375 0.2890625 0.01875 0.0328125
0 0.05390625 0.3015625 0.0296875 0.0578125
0 0.5859375 0.29453125 0.03125 0.0609375
0 0.2640625 0.290625 0.4609375 0.0546875