0 0.4 0.5578125 0.478125 0.640625
0 0.29296875 0.41484375 0.165625 0.415625
0 0.7265625 0.63046875 0.228125 0.734375
0 0.871875 0.66640625 0.25625 0.6546875
39 0.621875 0.5140625 0.0609375 0.034375
40 0.64296875 0.584375 0.090625 0.05
66 0.1390625 0.6375 0.175 0.3140625
0 0.58359375 0.3484375 0.15625 0.3703125
0 0.578125 0.67890625 0.2609375 0.6203125
39 0.24140625 0.29765625 0.021875 0.16875
39 0.18046875 0.27578125 0.01875 0.1296875
39 0.1578125 0.27578125 0.0109375 0.121875
39 0.14453125 0.27421875 0.01875 0.121875
39 0.11484375 0.2890625 0.0296875 0.153125
39 0.21171875 0.2765625 0.0171875 0.1296875
39 0.01015625 0.315625 0.0203125 0.03125