33 0.378125 0.4984375 0.171875 0.1453125
36 0.6671875 0.1609375 0.0453125 0.0578125
36 0.42421875 0.5359375 0.05 0.0921875
44 0.45546875 0.553125 0.0375 0.0546875
60 0.203125 0.52421875 0.2171875 0.203125
61 0.3203125 0.55546875 0.04375 0.0296875
63 0.665625 0.61640625 0.19375 0.0640625
73 0.4453125 0.503125 0.0375 0.121875
42 0.39765625 0.55078125 0.025 0.046875
59 0.92109375 0.47734375 0.1578125 0.3671875
59 0.16328125 0.39921875 0.225 0.3015625
59 0.74296875 0.453125 0.2734375 0.290625
63 0.19921875 0.58515625 0.190625 0.075