10 0.58828125 0.70546875 0.05 0.05859375
10 0.41171875 0.69375 0.0328125 0.05625
10 0.85390625 0.67578125 0.04375 0.05234375
10 0.778125 0.75390625 0.053125 0.06640625
11 0.2828125 0.74140625 0.09375 0.07265625
6 0.5484375 0.68125 0.05 0.03359375
6 0.284375 0.68125 0.021875 0.05
10 0.14453125 0.68984375 0.0375 0.05390625
10 0.2796875 0.73828125 0.1 0.08125
10 0.32265625 0.6625 0.0265625 0.0375
10 0.98125 0.66171875 0.0171875 0.04140625
10 0.834375 0.70390625 0.0734375 0.06015625
10 0.609375 0.70390625 0.0453125 0.05234375
10 0.284375 0.66171875 0.0546875 0.04375
11 0.98046875 0.66171875 0.021875 0.03984375