59 0.83359375 0.5046875 0.3328125 0.559375
59 0.67578125 0.32265625 0.16875 0.234375
59 0.559375 0.27578125 0.1359375 0.18125
52 0.07109375 0.79921875 0.1421875 0.3390625
52 0.3890625 0.5765625 0.2234375 0.240625
0 0.43984375 0.55859375 0.8328125 0.8828125
0 0.5015625 0.47890625 0.41875 0.5265625
61 0.7703125 0.80859375 0.08125 0.071875
61 0.6734375 0.47734375 0.053125 0.03125
63 0.58125 0.8578125 0.234375 0.284375
33 0.5296875 0.315625 0.028125 0.1140625
63 0.6203125 0.5296875 0.065625 0.06875
63 0.453125 0.38828125 0.040625 0.034375
52 0.3078125 0.37578125 0.053125 0.1546875
61 0.496875 0.3578125 0.03125 0.021875
0 0.4515625 0.3109375 0.1375 0.2953125
0 0.44375 0.26640625 0.028125 0.140625