12 0.28359375 0.83984375 0.4078125 0.2640625
12 0.67578125 0.7125 0.1453125 0.140625
12 0.5640625 0.66953125 0.0703125 0.0578125
12 0.403125 0.6328125 0.0265625 0.0296875
23 0.746875 0.86796875 0.0546875 0.121875
23 0.81484375 0.934375 0.1359375 0.0859375
23 0.35390625 0.68515625 0.0203125 0.040625
0 0.73359375 0.78359375 0.0875 0.1765625
0 0.4609375 0.7578125 0.0546875 0.115625
0 0.553125 0.86640625 0.0953125 0.159375
0 0.48515625 0.6703125 0.0171875 0.034375
0 0.43515625 0.665625 0.0234375 0.0421875
0 0.64609375 0.8390625 0.134375 0.2359375
0 0.8046875 0.84140625 0.140625 0.275
0 0.59375 0.765625 0.084375 0.13125
17 0.82109375 0.83046875 0.078125 0.1515625
0 0.95 0.8234375 0.1 0.28125
0 0.3984375 0.69921875 0.03125 0.04375
79 0.68359375 0.4828125 0.0296875 0.0796875
79 0.04296875 0.53671875 0.0265625 0.0625
0 0.48359375 0.740625 0.0359375 0.0625
12 0.34375 0.66640625 0.05625 0.0640625
23 0.60625 0.86484375 0.0453125 0.115625
23 0.92421875 0.878125 0.1515625 0.18125
79 0.5015625 0.57265625 0.0125 0.0171875
17 0.6625 0.8625 0.0828125 0.1640625
0 0.84375 0.7703125 0.06875 0.16875
23 0.321875 0.7125 0.034375 0.040625
23 0.4734375 0.8546875 0.0453125 0.10625
79 0.61875 0.40234375 0.0390625 0.0859375
0 0.528125 0.7859375 0.09375 0.175
3 0.96015625 0.4484375 0.0796875 0.109375
0 0.49140625 0.6859375 0.93125 0.25625