52 0.43515625 0.2828125 0.26875 0.2109375
57 0.60859375 0.75859375 0.7640625 0.4828125
0 0.68359375 0.36484375 0.571875 0.5859375
0 0.2 0.47109375 0.3640625 0.71875
0 0.24140625 0.0953125 0.2171875 0.190625
0 0.175 0.053125 0.115625 0.10625
40 0.89609375 0.840625 0.14375 0.1265625
0 0.615625 0.19375 0.1375 0.271875
0 0.1140625 0.09765625 0.11875 0.1609375
0 0.7703125 0.09375 0.06875 0.0515625
36 0.40078125 0.36484375 0.0578125 0.053125
36 0.39921875 0.40234375 0.0453125 0.0125
51 0.38671875 0.47265625 0.0328125 0.025
52 0.14921875 0.1328125 0.0703125 0.0609375
52 0.1390625 0.203125 0.1140625 0.1
52 0.12265625 0.759375 0.2453125 0.4125
0 0.821875 0.16640625 0.059375 0.121875