54 0.64375 0.340625 0.1796875 0.471875
35 0.9296875 0.1921875 0.0484375 0.0859375
35 0.8921875 0.17578125 0.05625 0.0828125
35 0.965625 0.2 0.05625 0.090625
35 0.99296875 0.2140625 0.0140625 0.06875
36 0.921875 0.43828125 0.0421875 0.0453125
36 0.89296875 0.41953125 0.0328125 0.034375
36 0.96328125 0.4453125 0.0390625 0.0375
36 0.9875 0.45859375 0.025 0.0640625
60 0.503125 0.5046875 0.6671875 0.7546875
36 0.85078125 0.40625 0.0375 0.0359375
36 0.815625 0.38671875 0.0359375 0.0359375
5 0.85859375 0.84140625 0.2328125 0.3171875
57 0.484375 0.6546875 0.96875 0.690625