43 0.4234375 0.71640625 0.4453125 0.2546875
43 0.7703125 0.7828125 0.4265625 0.290625
36 0.26875 0.31640625 0.4140625 0.509375
38 0.88984375 0.68125 0.1765625 0.0484375
71 0.690625 0.10234375 0.0203125 0.0703125
71 0.82265625 0.1890625 0.034375 0.075
71 0.61015625 0.10078125 0.0578125 0.10625
71 0.6578125 0.0984375 0.0234375 0.075
71 0.703125 0.08359375 0.025 0.1015625
71 0.7203125 0.08515625 0.0265625 0.1015625
71 0.734375 0.29375 0.0703125 0.109375
71 0.73046875 0.19453125 0.0328125 0.08125
71 0.6375 0.19765625 0.05625 0.09375
71 0.7953125 0.19140625 0.03125 0.0796875
57 0.5 0.63203125 1 0.7359375