24 0.76171875 0.88828125 0.1125 0.0671875
24 0.6 0.87734375 0.109375 0.14375
24 0.84609375 0.6421875 0.071875 0.0359375
24 0.4484375 0.65078125 0.0203125 0.009375
0 0.0921875 0.52890625 0.028125 0.0890625
0 0.753125 0.7953125 0.0921875 0.190625
0 0.44375 0.59453125 0.0484375 0.11875
0 0.5859375 0.49921875 0.0359375 0.0640625
0 0.92734375 0.58828125 0.0640625 0.1578125
0 0.68828125 0.5734375 0.0484375 0.11875
0 0.36640625 0.534375 0.0296875 0.0859375
0 0.18828125 0.521875 0.0328125 0.1109375
0 0.59921875 0.728125 0.1140625 0.3328125
0 0.54765625 0.62109375 0.0375 0.13125
0 0.4484375 0.528125 0.0375 0.1140625
0 0.478125 0.52421875 0.0203125 0.0859375
17 0.58046875 0.65625 0.0625 0.115625
17 0.11875 0.49765625 0.0203125 0.0296875
17 0.61015625 0.5390625 0.0265625 0.053125
0 0.52421875 0.48984375 0.015625 0.0328125
0 0.42421875 0.50859375 0.6640625 0.2296875