33 0.1203125 0.61328125 0.0390625 0.0859375
20 0.525 0.5 0.1 0.1171875
20 0.23671875 0.43359375 0.184375 0.1765625
33 0.16640625 0.575 0.0390625 0.040625
52 0.371875 0.7734375 0.115625 0.3109375
52 0.10625 0.58828125 0.0875 0.0484375
35 0.209375 0.66015625 0.040625 0.065625
35 0.059375 0.6453125 0.0453125 0.0546875
35 0.296875 0.6484375 0.034375 0.0609375
35 0.0890625 0.64921875 0.0390625 0.0609375
35 0.0140625 0.61015625 0.028125 0.0546875
33 0.13359375 0.59921875 0.01875 0.0203125
57 0.18515625 0.771875 0.3703125 0.353125
0 0.44296875 0.60625 0.7140625 0.7875
35 0.003125 0.6234375 0.00625 0.05
35 0.3 0.6140625 0.0296875 0.0171875
35 0.221875 0.609375 0.03125 0.0421875
52 0.12890625 0.83203125 0.2578125 0.2609375