54 0.540625 0.125 0.0453125 0.059375
33 0.834375 0.3046875 0.0625 0.0921875
52 0.6046875 0.596875 0.134375 0.4109375
57 0.61484375 0.63203125 0.1140625 0.3640625
0 0.5671875 0.40859375 0.140625 0.3859375
36 0.44921875 0.36484375 0.01875 0.028125
65 0.45625 0.3015625 0.05625 0.0484375
66 0.46484375 0.459375 0.0578125 0.2546875
69 0.64609375 0.34609375 0.04375 0.0140625
40 0.42578125 0.63046875 0.046875 0.0328125
40 0.39140625 0.61796875 0.0265625 0.04375
40 0.73203125 0.30390625 0.065625 0.059375
40 0.734375 0.27109375 0.05625 0.015625
40 0.79375 0.21015625 0.1453125 0.034375
19 0.28359375 0.79765625 0.1421875 0.328125
33 0.6546875 0.315625 0.015625 0.046875
33 0.7875 0.278125 0.0703125 0.1296875