10 0.6125 0.69296875 0.05625 0.0640625
10 0.4359375 0.703125 0.0390625 0.059375
10 0.87265625 0.63125 0.05 0.0578125
10 0.80703125 0.71796875 0.0609375 0.071875
11 0.3140625 0.76640625 0.1015625 0.0828125
6 0.5703125 0.67421875 0.053125 0.0390625
6 0.3078125 0.70625 0.028125 0.0515625
10 0.1703125 0.73203125 0.04375 0.0578125
10 0.31015625 0.76328125 0.109375 0.0921875
10 0.34375 0.6828125 0.03125 0.040625
10 0.99296875 0.6015625 0.0140625 0.04375
10 0.85703125 0.66171875 0.0796875 0.06875
10 0.63359375 0.6890625 0.0515625 0.0578125
10 0.30546875 0.68671875 0.059375 0.05
11 0.99140625 0.60234375 0.0171875 0.0421875