26 0.19609375 0.74765625 0.025 0.034375
12 0.37890625 0.31484375 0.2359375 0.1984375
0 0.50625 0.5984375 0.19375 0.7078125
0 0.8671875 0.66015625 0.265625 0.6796875
28 0.63515625 0.32890625 0.165625 0.1609375
29 0.7890625 0.96015625 0.10625 0.078125
12 0.52421875 0.28984375 0.0625 0.0859375
17 0.0765625 0.82890625 0.153125 0.1515625
17 0.72578125 0.8625 0.0890625 0.10625
12 0.859375 0.3125 0.1484375 0.14375
17 0.28515625 0.8453125 0.2671875 0.13125
17 0.56328125 0.8609375 0.2796875 0.13125
12 0.7140625 0.328125 0.1625 0.1265625