0 0.95234375 0.69609375 0.021875 0.05
15 0.35859375 0.559375 0.1546875 0.265625
0 0.63828125 0.765625 0.0203125 0.05
0 0.2796875 0.83984375 0.0109375 0.053125
0 0.2890625 0.84375 0.0109375 0.05
12 0.37265625 0.91484375 0.1015625 0.1625
12 0.44921875 0.88671875 0.09375 0.134375
12 0.52734375 0.86328125 0.103125 0.128125
12 0.59921875 0.85 0.11875 0.13125
12 0.6984375 0.93359375 0.146875 0.115625
12 0.7765625 0.79609375 0.1125 0.0875
12 0.840625 0.88828125 0.146875 0.10625
12 0.75859375 0.90625 0.1546875 0.153125
12 0.603125 0.946875 0.13125 0.10625
15 0.51796875 0.565625 0.1671875 0.25625
12 0.97578125 0.90234375 0.0484375 0.078125
12 0.88984375 0.871875 0.128125 0.096875
12 0.51484375 0.94453125 0.1234375 0.109375
12 0.95078125 0.78984375 0.0984375 0.078125
12 0.5203125 0.790625 0.95625 0.415625