8 0.60703125 0.7984375 0.271875 0.3828125
33 0.2859375 0.95 0.034375 0.1
0 0.565625 0.62578125 0.559375 0.7484375
40 0.734375 0.63828125 0.0734375 0.0703125
65 0.94921875 0.828125 0.1015625 0.109375
39 0.28046875 0.97890625 0.0203125 0.0421875
40 0.88984375 0.6328125 0.059375 0.03125
40 0.9109375 0.2421875 0.0609375 0.071875
40 0.94921875 0.26796875 0.021875 0.04375
40 0.8515625 0.640625 0.021875 0.01875
40 0.953125 0.38828125 0.06875 0.059375
40 0.96953125 0.2828125 0.025 0.046875
40 0.83984375 0.20234375 0.11875 0.1078125