12 0.33671875 0.53984375 0.6359375 0.38515625
12 0.18125 0.38828125 0.234375 0.13984375
12 0.81875 0.46484375 0.340625 0.30390625
12 0.91171875 0.35703125 0.084375 0.06484375
12 0.64765625 0.375 0.0625 0.08515625
12 0.62578125 0.36796875 0.053125 0.05625
23 0.06171875 0.51640625 0.1234375 0.14609375
0 0.31796875 0.35859375 0.01875 0.02890625
0 0.03515625 0.428125 0.065625 0.18515625
0 0.3765625 0.34609375 0.028125 0.02265625
5 0.665625 0.6875 0.29375 0.32109375
12 0.46875 0.35 0.2015625 0.0625
0 0.2828125 0.3625 0.0140625 0.01484375
0 0.6109375 0.34921875 0.0140625 0.03515625
0 0.65 0.3375 0.00625 0.00859375
12 0.96640625 0.340625 0.028125 0.01640625