20 0.5203125 0.70859375 0.125 0.43828125
20 0.6671875 0.59765625 0.0796875 0.18984375
20 0.1703125 0.4265625 0.075 0.20234375
20 0.25625 0.37109375 0.046875 0.08828125
20 0.83671875 0.221875 0.03125 0.078125
0 0.4953125 0.5140625 0.4390625 0.828125
0 0.621875 0.446875 0.2375 0.5875
0 0.91875 0.4203125 0.1625 0.41484375
0 0.978125 0.3484375 0.04375 0.25859375
0 0.94140625 0.171875 0.1171875 0.146875
0 0.26328125 0.2203125 0.0609375 0.225
0 0.81328125 0.1734375 0.084375 0.1796875
0 0.2265625 0.3328125 0.125 0.371875
64 0.69375 0.73515625 0.028125 0.03515625
64 0.2234375 0.78984375 0.0265625 0.09140625
0 0.90625 0.18125 0.0671875 0.15703125
52 0.10546875 0.6859375 0.2109375 0.21796875
52 0.88984375 0.4953125 0.1984375 0.3265625
52 0.8546875 0.36796875 0.075 0.13671875
52 0.7578125 0.21640625 0.0234375 0.03515625
52 0.86328125 0.20234375 0.03125 0.04296875
0 0.16171875 0.4 0.253125 0.54921875
52 0.11484375 0.4921875 0.225 0.33671875