12 0.9125 0.809375 0.1453125 0.0953125
12 0.9890625 0.809375 0.021875 0.05625
12 0.809375 0.81796875 0.1109375 0.071875
12 0.46953125 0.8484375 0.071875 0.05625
67 0.24296875 0.84921875 0.2171875 0.1046875
67 0.3875 0.84296875 0.1421875 0.0796875
79 0.425 0.553125 0.0234375 0.0703125
79 0.42421875 0.66328125 0.0140625 0.0421875
67 0.9125 0.80703125 0.1453125 0.084375
79 0.33046875 0.68828125 0.0125 0.0359375
79 0.26484375 0.603125 0.01875 0.0609375
79 0.23359375 0.71484375 0.0125 0.0359375
79 0.575 0.60625 0.0203125 0.0734375
79 0.16953125 0.72421875 0.009375 0.0296875
79 0.15625 0.6453125 0.0265625 0.0703125
79 0.11953125 0.65546875 0.0203125 0.053125
79 0.028125 0.66015625 0.021875 0.0609375
79 0.1140625 0.7296875 0.0109375 0.0296875
79 0.08203125 0.7375 0.0171875 0.0234375
79 0.7703125 0.55078125 0.0578125 0.0859375
3 0.834375 0.6140625 0.065625 0.08125
79 0.5515625 0.62578125 0.64375 0.2515625