12 0.03671875 0.6375 0.0640625 0.065625
12 0.1125 0.6421875 0.084375 0.065625
12 0.8859375 0.7515625 0.0453125 0.0796875
12 0.8625 0.72578125 0.0328125 0.0515625
23 0.8453125 0.77734375 0.021875 0.046875
0 0.115625 0.6640625 0.0421875 0.1375
0 0.796875 0.834375 0.0765625 0.20625
0 0.91484375 0.7921875 0.0453125 0.15
0 0.85234375 0.74765625 0.0328125 0.071875
0 0.3203125 0.69609375 0.0453125 0.14375
0 0.30703125 0.6921875 0.0421875 0.140625
0 0.21484375 0.6875 0.034375 0.121875
0 0.009375 0.63671875 0.01875 0.1046875
0 0.94921875 0.79609375 0.0453125 0.1625
79 0.6203125 0.34296875 0.075 0.0515625
79 0.75625 0.35625 0.075 0.0484375
12 0.16953125 0.64453125 0.0390625 0.040625
12 0.25546875 0.6453125 0.0625 0.05625
12 0.07421875 0.6390625 0.0390625 0.0609375
12 0.5296875 0.66328125 0.0265625 0.021875
45 0.1421875 0.61171875 0.1 0.1015625
45 0.23359375 0.6046875 0.075 0.0578125
67 0.19921875 0.63671875 0.065625 0.05625
67 0.059375 0.58359375 0.0859375 0.071875
18 0.02734375 0.5390625 0.0546875 0.065625
12 0.58203125 0.690625 0.0421875 0.046875
12 0.34375 0.653125 0.0328125 0.0265625
79 0.9109375 0.60703125 0.025 0.0765625
2 0.87265625 0.81015625 0.021875 0.0828125
12 0.20546875 0.6296875 0.053125 0.0421875
12 0.20234375 0.64375 0.0265625 0.0375
0 0.00625 0.6390625 0.0125 0.109375
1 0.7828125 0.91796875 0.0359375 0.11875