26 0.95625 0.44296875 0.03125 0.03828125
12 0.08828125 0.35703125 0.05 0.02890625
12 0.1859375 0.34296875 0.0234375 0.0265625
0 0.21171875 0.57265625 0.1234375 0.490625
0 0.60078125 0.4109375 0.0296875 0.13125
0 0.54765625 0.4265625 0.0265625 0.109375
0 0.52421875 0.45703125 0.0453125 0.05703125
0 0.73515625 0.66875 0.2046875 0.509375
28 0.73828125 0.54140625 0.1796875 0.1
12 0.14453125 0.3609375 0.0578125 0.0265625
29 0.25703125 0.5109375 0.0375 0.040625
12 0.0203125 0.35703125 0.040625 0.040625
12 0.253125 0.32109375 0.0265625 0.03125