12 0.12421875 0.40703125 0.2484375 0.2296875
12 0.834375 0.540625 0.25 0.2203125
12 0.54609375 0.5 0.215625 0.175
0 0.6421875 0.55 0.253125 0.6234375
0 0.5171875 0.5453125 0.2828125 0.7015625
0 0.38984375 0.47265625 0.040625 0.0921875
30 0.6203125 0.8671875 0.221875 0.1359375
19 0.715625 0.565625 0.0578125 0.134375
0 0.25 0.446875 0.0203125 0.0625
0 0.7078125 0.6203125 0.1171875 0.3578125
0 0.30625 0.46328125 0.03125 0.0875
0 0.25546875 0.45703125 0.0171875 0.05
0 0.35546875 0.46875 0.034375 0.0875
0 0.23359375 0.45625 0.021875 0.0578125
79 0.38203125 0.31796875 0.028125 0.0625
79 0.4765625 0.2140625 0.0390625 0.071875
17 0.58984375 0.3609375 0.04375 0.1296875
33 0.65703125 0.6171875 0.071875 0.0953125
0 0.2703125 0.4546875 0.028125 0.0703125
0 0.12890625 0.48359375 0.2578125 0.7046875
28 0.48671875 0.38515625 0.1328125 0.25
17 0.35625 0.45234375 0.0125 0.0296875
79 0.88984375 0.1296875 0.06875 0.1078125