54 0.590625 0.56328125 0.0859375 0.103125
59 0.70859375 0.5765625 0.0875 0.103125
33 0.57578125 0.671875 0.025 0.1
52 0.56015625 0.8828125 0.1796875 0.2328125
52 0.2703125 0.88203125 0.2171875 0.2203125
52 0.921875 0.95078125 0.1 0.0984375
52 0.60625 0.7046875 0.0484375 0.0515625
52 0.9609375 0.70234375 0.0609375 0.1328125
57 0.415625 0.84375 0.4125 0.3125
35 0.56484375 0.70390625 0.03125 0.05625
35 0.5390625 0.690625 0.025 0.06875
40 0.85078125 0.7859375 0.0578125 0.04375
41 0.365625 0.69609375 0.0578125 0.0484375
65 0.81640625 0.659375 0.1203125 0.1109375
42 0.346875 0.72421875 0.01875 0.0171875
42 0.37265625 0.71484375 0.021875 0.034375
52 0.3265625 0.70703125 0.06875 0.084375
42 0.33671875 0.71640625 0.015625 0.021875