45 0.7828125 0.8703125 0.409375 0.221875
0 0.2265625 0.95859375 0.09375 0.0828125
0 0.41796875 0.9375 0.0671875 0.09375
0 0.31171875 0.9328125 0.0375 0.0453125
0 0.3359375 0.9203125 0.0234375 0.025
5 0.303125 0.95 0.0828125 0.053125
19 0.40078125 0.953125 0.0265625 0.0265625
19 0.203125 0.978125 0.028125 0.0265625
72 0.27890625 0.65234375 0.0359375 0.025
72 0.24296875 0.65859375 0.0140625 0.0203125
0 0.38671875 0.9078125 0.0078125 0.0171875
0 0.5640625 0.846875 0.0234375 0.0265625
0 0.3203125 0.92109375 0.034375 0.0421875
19 0.30390625 0.9359375 0.0234375 0.0125