33 0.11875 0.60703125 0.040625 0.0859375
20 0.525 0.50078125 0.1015625 0.1171875
20 0.23828125 0.42890625 0.1875 0.178125
33 0.16484375 0.56875 0.0390625 0.0421875
52 0.36640625 0.77109375 0.121875 0.3109375
52 0.10546875 0.58125 0.0875 0.05
35 0.20625 0.65546875 0.040625 0.065625
35 0.05703125 0.6375 0.0453125 0.05625
35 0.29375 0.64453125 0.0359375 0.0609375
35 0.08671875 0.6421875 0.040625 0.0609375
35 0.01328125 0.60078125 0.0265625 0.0546875
33 0.13203125 0.5921875 0.01875 0.0203125
57 0.18359375 0.765625 0.3671875 0.359375
0 0.4421875 0.603125 0.725 0.79375
35 0.2984375 0.6109375 0.0296875 0.0171875
35 0.2203125 0.60390625 0.03125 0.0421875
52 0.12734375 0.825 0.2546875 0.265625