0 0.33984375 0.6375 0.3640625 0.5765625
0 0.40625 0.2953125 0.0328125 0.040625
0 0.196875 0.2109375 0.0125 0.021875
0 0.25625 0.2 0.0078125 0.0140625
0 0.3046875 0.2140625 0.0171875 0.0171875
0 0.5328125 0.2 0.01875 0.021875
0 0.596875 0.20703125 0.01875 0.028125
24 0.45625 0.91796875 0.24375 0.1640625
24 0.41328125 0.31328125 0.0171875 0.00625
0 0.68671875 0.10078125 0.0140625 0.01875
0 0.33125 0.20234375 0.009375 0.0140625
0 0.2140625 0.22109375 0.0140625 0.0203125
24 0.30546875 0.221875 0.0234375 0.0046875
0 0.3 0.18359375 0.0109375 0.015625
0 0.09375 0.1984375 0.1265625 0.0640625