33 0.60625 0.50703125 0.03125 0.0890625
28 0.68125 0.25546875 0.103125 0.3828125
28 0.11328125 0.5484375 0.046875 0.303125
28 0.0875 0.525 0.0546875 0.165625
29 0.29921875 0.57734375 0.0921875 0.1203125
0 0.2375 0.6453125 0.246875 0.4515625
0 0.4921875 0.4375 0.175 0.58125
0 0.74765625 0.5421875 0.3015625 0.725
5 0.7625 0.63046875 0.4484375 0.2109375
5 0.3671875 0.52890625 0.0375 0.01875
33 0.9046875 0.7015625 0.034375 0.08125
0 0.603125 0.33515625 0.2 0.65625
0 0.975 0.509375 0.05 0.465625
0 0.09140625 0.42734375 0.1046875 0.5328125
0 0.0796875 0.375 0.159375 0.715625
0 0.8421875 0.31484375 0.159375 0.4890625
0 0.43046875 0.6109375 0.225 0.2421875
0 0.68359375 0.46484375 0.1375 0.53125