52 0.69453125 0.53359375 0.096875 0.1140625
52 0.7484375 0.540625 0.0578125 0.078125
52 0.7953125 0.521875 0.0390625 0.1015625
52 0.57265625 0.75078125 0.1859375 0.321875
52 0.75078125 0.48984375 0.034375 0.0328125
57 0.62578125 0.56171875 0.0890625 0.0671875
54 0.81796875 0.80546875 0.2984375 0.3390625
73 0.78125 0.53125 0.03125 0.084375
40 0.63515625 0.5484375 0.0234375 0.0171875
54 0.384375 0.490625 0.034375 0.0703125
73 0.3890625 0.51796875 0.0140625 0.040625
52 0.96015625 0.86484375 0.0796875 0.1546875
54 0.7796875 0.503125 0.075 0.1703125
57 0.72578125 0.55546875 0.015625 0.034375
36 0.565625 0.39453125 0.009375 0.0171875