1 0.1265625 0.60390625 0.0140625 0.06484375
1 0.9484375 0.696875 0.078125 0.1875
1 0.075 0.60625 0.0125 0.05859375
12 0.771875 0.71328125 0.328125 0.29609375
12 0.659375 0.58515625 0.2046875 0.15390625
23 0.534375 0.81484375 0.1953125 0.33515625
23 0.3984375 0.71796875 0.0578125 0.13984375
23 0.33203125 0.709375 0.0640625 0.15234375
23 0.278125 0.68359375 0.0484375 0.11875
23 0.2046875 0.590625 0.03125 0.0625
0 0.51875 0.715625 0.178125 0.49140625
0 0.12421875 0.57421875 0.0390625 0.11015625
0 0.2640625 0.63125 0.0703125 0.22734375
0 0.31796875 0.64375 0.0765625 0.26484375
0 0.3921875 0.60703125 0.0828125 0.20625
0 0.42890625 0.67890625 0.1046875 0.36640625
0 0.91796875 0.51875 0.0765625 0.17109375
0 0.790625 0.52109375 0.046875 0.10859375
0 0.8609375 0.52109375 0.04375 0.12265625
0 0.95703125 0.540625 0.05625 0.1125
0 0.35859375 0.54609375 0.0328125 0.06484375
12 0.04375 0.52265625 0.0296875 0.03125
12 0.14453125 0.52109375 0.0375 0.02890625
12 0.57578125 0.51171875 0.2375 0.1125
12 0.4140625 0.54765625 0.0328125 0.04765625
12 0.0140625 0.53203125 0.0203125 0.03125
17 0.9671875 0.56328125 0.034375 0.07890625
0 0.71875 0.49765625 0.015625 0.025
23 0.2328125 0.60859375 0.015625 0.06015625
23 0.1828125 0.55703125 0.00625 0.01875
67 0.57734375 0.51171875 0.240625 0.10625
0 0.25078125 0.61328125 0.0421875 0.18984375
12 0.0984375 0.521875 0.025 0.025
12 0.115625 0.51796875 0.0203125 0.0125
23 0.3640625 0.659375 0.021875 0.06015625
0 0.49921875 0.55546875 0.9484375 0.26484375