0 0.58359375 0.353125 0.5890625 0.70625
38 0.0671875 0.49296875 0.1078125 0.08125
38 0.228125 0.46953125 0.084375 0.075
50 0.69609375 0.7109375 0.0625 0.075
50 0.3203125 0.7796875 0.1265625 0.0765625
50 0.146875 0.78828125 0.0796875 0.0640625
50 0.42265625 0.91484375 0.14375 0.1328125
50 0.3328125 0.79375 0.665625 0.4125
50 0.459375 0.8296875 0.13125 0.0921875
50 0.35078125 0.85859375 0.0859375 0.0828125
50 0.53671875 0.75703125 0.0828125 0.09375
33 0.7765625 0.2390625 0.046875 0.1890625
37 0.23515625 0.45546875 0.0640625 0.0765625
39 0.1546875 0.50390625 0.0484375 0.034375
39 0.234375 0.45703125 0.0609375 0.075
50 0.81875 0.87578125 0.128125 0.1390625
50 0.67890625 0.6640625 0.046875 0.0421875
50 0.465625 0.7796875 0.10625 0.078125
50 0.678125 0.890625 0.1125 0.125
57 0.7484375 0.771875 0.4796875 0.25
33 0.70703125 0.21328125 0.0453125 0.11875
69 0.503125 0.25625 0.06875 0.1296875
50 0.521875 0.921875 0.1328125 0.1359375
69 0.85234375 0.39140625 0.115625 0.0734375
40 0.1640625 0.51953125 0.30625 0.1609375
57 0.5 0.6453125 1 0.709375
50 0.47421875 0.8109375 0.9484375 0.35