31 0.32734375 0.803125 0.55625 0.121875
31 0.50546875 0.7328125 0.209375 0.078125
31 0.578125 0.63515625 0.0796875 0.03125
0 0.81171875 0.4796875 0.15 0.140625
0 0.62109375 0.66484375 0.353125 0.146875
0 0.8421875 0.121875 0.0265625 0.1234375
0 0.3109375 0.1359375 0.040625 0.15
0 0.5890625 0.15859375 0.0359375 0.1109375
0 0.88359375 0.171875 0.028125 0.0453125
0 0.81796875 0.08984375 0.04375 0.103125
0 0.340625 0.7546875 0.20625 0.2171875
0 0.57109375 0.165625 0.0421875 0.0734375
0 0.540625 0.16171875 0.028125 0.0734375