54 0.4828125 0.11015625 0.0203125 0.065625
53 0.52265625 0.565625 0.8578125 0.7046875
60 0.75390625 0.396875 0.1578125 0.1546875
71 0.79140625 0.190625 0.0125 0.084375
71 0.8484375 0.09921875 0.0140625 0.084375
71 0.8953125 0.21796875 0.021875 0.09375
71 0.83125 0.21796875 0.01875 0.065625
71 0.85625 0.215625 0.0125 0.075
71 0.9125 0.22734375 0.0296875 0.08203125
71 0.93515625 0.115625 0.0140625 0.09140625
71 0.95546875 0.115625 0.053125 0.0984375
71 0.85859375 0.30234375 0.025 0.05625
71 0.896875 0.1078125 0.015625 0.0890625
71 0.92734375 0.02578125 0.0125 0.04921875
54 0.6234375 0.1203125 0.1109375 0.215625
54 0.51015625 0.10859375 0.0375 0.0609375
71 0.865625 0.21640625 0.0171875 0.084375
54 0.384375 0.0828125 0.18125 0.1640625
71 0.871875 0.103125 0.0234375 0.09140625
71 0.7140625 0.33984375 0.56875 0.67421875