8 0.190625 0.41015625 0.1359375 0.1234375
57 0.94296875 0.35234375 0.1140625 0.0453125
10 0.50859375 0.42109375 0.1265625 0.1984375
52 0.82578125 0.421875 0.0546875 0.0921875
52 0.625 0.3421875 0.0546875 0.078125
52 0.99453125 0.42578125 0.0109375 0.0796875
0 0.19140625 0.25234375 0.109375 0.3015625
0 0.09609375 0.24921875 0.1015625 0.3015625
0 0.125 0.125 0.0484375 0.1234375
0 0.1984375 0.11953125 0.11875 0.1234375
0 0.5640625 0.096875 0.0640625 0.128125
0 0.48828125 0.0765625 0.08125 0.134375
0 0.95625 0.1703125 0.0875 0.1375
0 0.52265625 0.25078125 0.075 0.2359375
0 0.40078125 0.25234375 0.1234375 0.36875
10 0.5609375 0.4359375 0.08125 0.178125
21 0.7859375 0.3 0.078125 0.065625
0 0.95234375 0.31875 0.0953125 0.290625
0 0.61171875 0.23125 0.0875 0.1578125
52 0.3390625 0.35078125 0.0359375 0.1359375
0 0.06640625 0.22421875 0.103125 0.3453125
8 0.64765625 0.384375 0.05625 0.109375
8 0.94375 0.42890625 0.0578125 0.1046875
8 0.33046875 0.384375 0.0921875 0.0703125
0 0.075 0.09296875 0.0484375 0.10625
0 0.54453125 0.29296875 0.9109375 0.5859375