12 0.98125 0.453125 0.0375 0.0125
0 0.4375 0.5546875 0.0875 0.2546875
0 0.40625 0.4390625 0.034375 0.0921875
0 0.27265625 0.4203125 0.040625 0.071875
29 0.7859375 0.54296875 0.0171875 0.0265625
29 0.28671875 0.43203125 0.0078125 0.0125
0 0.8046875 0.46328125 0.0265625 0.0375
12 0.92734375 0.46171875 0.0625 0.040625
12 0.77421875 0.4328125 0.028125 0.009375
12 0.78046875 0.44375 0.0453125 0.0328125
0 0.80390625 0.54140625 0.06875 0.1640625
0 0.921875 0.4953125 0.0328125 0.06875
29 0.17890625 0.40625 0.0078125 0.009375
29 0.93125 0.490625 0.009375 0.009375
12 0.81796875 0.44609375 0.0453125 0.0328125
0 0.18359375 0.40859375 0.0234375 0.0546875