39 0.66875 0.31484375 0.6625 0.6296875
40 0.5 0.5 1 1
47 0.2734375 0.76796875 0.2875 0.2203125
47 0.64765625 0.7671875 0.3375 0.25
47 0.53203125 0.61328125 0.159375 0.09375
47 0.7484375 0.45 0.1671875 0.2765625
47 0.896875 0.73359375 0.20625 0.2953125
47 0.1546875 0.45859375 0.171875 0.246875
47 0.3234375 0.55390625 0.2578125 0.2453125
47 0.32890625 0.90625 0.20625 0.11875
47 0.7375 0.68515625 0.0796875 0.071875
47 0.52109375 0.90234375 0.0984375 0.1140625
47 0.05390625 0.7125 0.0875 0.1625
47 0.39609375 0.64453125 0.1328125 0.0796875
47 0.83203125 0.52734375 0.1015625 0.209375
47 0.5984375 0.878125 0.46875 0.1890625