33 0.41953125 0.640625 0.0625 0.225
33 0.7765625 0.46640625 0.046875 0.1546875
52 0.603125 0.84765625 0.315625 0.2953125
52 0.62109375 0.60703125 0.1078125 0.3
52 0.3828125 0.3046875 0.0484375 0.1734375
0 0.45234375 0.4859375 0.378125 0.4875
0 0.33515625 0.2 0.1 0.265625
0 0.6171875 0.31328125 0.275 0.371875
0 0.9328125 0.40546875 0.134375 0.2984375
0 0.6109375 0.12578125 0.0890625 0.2421875
36 0.36015625 0.70078125 0.053125 0.1125
36 0.79609375 0.54375 0.0453125 0.078125
60 0.2015625 0.571875 0.2875 0.30625
60 0.66171875 0.43046875 0.203125 0.221875
0 0.69921875 0.1390625 0.14375 0.2640625
33 0.3421875 0.315625 0.0296875 0.065625
0 0.18984375 0.3984375 0.3796875 0.45625
0 0.06875 0.2921875 0.134375 0.4171875
0 0.18828125 0.1421875 0.209375 0.2171875
33 0.35078125 0.32265625 0.028125 0.0921875
52 0.78203125 0.41328125 0.1515625 0.2234375
52 0.05390625 0.92265625 0.1078125 0.1265625
52 0.1359375 0.38125 0.053125 0.0953125