1 0.4625 0.72265625 0.1046875 0.3015625
1 0.67109375 0.753125 0.134375 0.2921875
1 0.28515625 0.70078125 0.121875 0.3203125
20 0.775 0.44140625 0.0171875 0.0171875
20 0.8875 0.40546875 0.0140625 0.034375
71 0.821875 0.64296875 0.0734375 0.0828125
0 0.3046875 0.54921875 0.1765625 0.4859375
0 0.56015625 0.60234375 0.1484375 0.515625
0 0.88203125 0.68203125 0.1625 0.50625
0 0.68125 0.621875 0.178125 0.4859375
0 0.61328125 0.58359375 0.0828125 0.3859375
0 0.47890625 0.5765625 0.16875 0.4609375
0 0.4265625 0.61875 0.10625 0.3703125
0 0.37421875 0.5953125 0.1265625 0.478125
0 0.43125 0.39140625 0.0796875 0.121875
0 0.04296875 0.62734375 0.0859375 0.6484375
0 0.184375 0.56640625 0.165625 0.5375
0 0.09765625 0.50546875 0.1375 0.275
0 0.79765625 0.60859375 0.203125 0.5234375
20 0.4375 0.421875 0.0109375 0.025
20 0.6671875 0.44609375 0.0109375 0.0125
0 0.5140625 0.54375 0.8421875 0.6546875