55 0.54765625 0.74921875 0.9046875 0.47734375
36 0.36171875 0.23359375 0.0390625 0.05234375
71 0.328125 0.34375 0.1359375 0.15234375
71 0.29765625 0.20859375 0.0125 0.12890625
71 0.3359375 0.03125 0.0125 0.0625
71 0.31875 0.2125 0.0078125 0.11875
71 0.27109375 0.209375 0.009375 0.13125
71 0.3078125 0.20625 0.0078125 0.13515625
71 0.38203125 0.18828125 0.0703125 0.13359375
71 0.30078125 0.590625 0.0390625 0.1
71 0.4296875 0.19140625 0.009375 0.12890625
71 0.27421875 0.03046875 0.0203125 0.06015625
71 0.28515625 0.20625 0.0171875 0.13359375
71 0.42734375 0.41875 0.0125 0.1
71 0.41796875 0.41953125 0.009375 0.10390625
71 0.415625 0.37578125 0.28125 0.7515625