13 0.21484375 0.81328125 0.1375 0.125
13 0.259375 0.6984375 0.0796875 0.1
13 0.77578125 0.56640625 0.0453125 0.059375
13 0.6453125 0.62265625 0.021875 0.04375
13 0.58515625 0.63984375 0.0515625 0.0828125
13 0.81015625 0.8171875 0.140625 0.134375
13 0.96484375 0.775 0.0703125 0.125
13 0.915625 0.57578125 0.065625 0.0625
13 0.621875 0.95390625 0.2140625 0.0765625
13 0.70234375 0.59453125 0.01875 0.0453125
13 0.621875 0.609375 0.0484375 0.0796875
13 0.903125 0.784375 0.0875 0.1234375
13 0.85 0.7578125 0.115625 0.103125
13 0.51171875 0.6578125 0.9765625 0.684375