0 0.1671875 0.59609375 0.2546875 0.64609375
72 0.4171875 0.53046875 0.0921875 0.12421875
72 0.7171875 0.34453125 0.0921875 0.13828125
72 0.52421875 0.3359375 0.0859375 0.1359375
72 0.91328125 0.56875 0.15 0.2859375
72 0.72109375 0.6765625 0.1203125 0.2015625
72 0.8203125 0.34921875 0.0953125 0.13828125
72 0.5671875 0.5421875 0.0703125 0.12890625
72 0.4234375 0.33515625 0.0890625 0.14765625
72 0.6203125 0.34296875 0.09375 0.140625
72 0.91640625 0.32890625 0.1046875 0.15234375
72 0.4546875 0.15 0.1296875 0.196875
72 0.7265625 0.12734375 0.1265625 0.215625
72 0.590625 0.15 0.146875 0.21328125
72 0.59921875 0.359375 0.7984375 0.71875