0 0.615625 0.54609375 0.278125 0.878125
0 0.878125 0.21953125 0.1 0.271875
5 0.30625 0.534375 0.309375 0.328125
5 0.08046875 0.82890625 0.1609375 0.315625
19 0.853125 0.196875 0.0421875 0.1125
21 0.34375 0.79921875 0.1921875 0.253125
5 0.025 0.22265625 0.05 0.078125
17 0.61171875 0.375 0.21875 0.265625
41 0.23984375 0.45703125 0.0484375 0.021875
52 0.0328125 0.23359375 0.028125 0.06875
52 0.0125 0.21171875 0.0234375 0.053125
64 0.90078125 0.125 0.0078125 0.01875
64 0.0703125 0.21015625 0.0171875 0.059375
0 0.03828125 0.21484375 0.0171875 0.109375
0 0.346875 0.22734375 0.0796875 0.234375
21 0.3203125 0.26484375 0.0265625 0.0625