0 0.18203125 0.52265625 0.0625 0.2796875
0 0.5109375 0.5140625 0.0390625 0.03515625
59 0.10234375 0.50859375 0.0390625 0.11484375
59 0.9875 0.44453125 0.025 0.07734375
21 0.09140625 0.575 0.0421875 0.05390625
21 0.396875 0.61953125 0.0390625 0.08671875
21 0.4375 0.60546875 0.0421875 0.08203125
21 0.525 0.61171875 0.046875 0.0796875
21 0.346875 0.60703125 0.04375 0.08671875
21 0.490625 0.6234375 0.0375 0.0890625
21 0.3078125 0.61875 0.034375 0.09375
21 0.8359375 0.6234375 0.0515625 0.07734375
21 0.8734375 0.6140625 0.034375 0.0796875
21 0.4109375 0.54609375 0.0609375 0.065625
21 0.5796875 0.628125 0.0390625 0.0796875
21 0.77265625 0.56015625 0.059375 0.075
0 0.96171875 0.56484375 0.0453125 0.14765625
0 0.05078125 0.54140625 0.053125 0.08203125
21 0.690625 0.62890625 0.0328125 0.0796875
21 0.4875 0.59140625 0.971875 0.2109375