52 0.8921875 0.61015625 0.17109375 0.2984375
52 0.734375 0.434375 0.22421875 0.1265625
57 0.5109375 0.82578125 0.95703125 0.3046875
57 0.86953125 0.54609375 0.2203125 0.2140625
0 0.415625 0.42734375 0.61953125 0.5609375
5 0.74453125 0.43125 0.20546875 0.1171875
36 0.61796875 0.875 0.09453125 0.1140625
36 0.0984375 0.815625 0.12734375 0.15625
36 0.0578125 0.7625 0.071875 0.1734375
37 0.5296875 0.5765625 0.03515625 0.059375
37 0.2265625 0.8 0.13984375 0.0953125
39 0.67265625 0.8375 0.11953125 0.05
40 0.25390625 0.82734375 0.19140625 0.0984375
51 0.646875 0.72265625 0.13359375 0.040625
36 0.54296875 0.915625 0.14375 0.1234375
36 0.78515625 0.93359375 0.1890625 0.109375
38 0.39921875 0.740625 0.253125 0.0734375
57 0.10703125 0.546875 0.13203125 0.265625
57 0.53359375 0.365625 0.09453125 0.040625
52 0.603125 0.365625 0.17109375 0.05625
52 0.06484375 0.45546875 0.04765625 0.0515625
52 0.565625 0.58828125 0.04765625 0.090625
43 0.5234375 0.71953125 0.1171875 0.1140625