57 0.50078125 0.734375 0.9984375 0.53125
0 0.08359375 0.46328125 0.1671875 0.8796875
0 0.8078125 0.48046875 0.3265625 0.6671875
0 0.9078125 0.48828125 0.184375 0.9765625
0 0.6546875 0.496875 0.1546875 0.2875
0 0.48203125 0.50390625 0.1390625 0.16875
37 0.76484375 0.76328125 0.1625 0.1375
37 0.59296875 0.55859375 0.03125 0.03125
38 0.7984375 0.8890625 0.065625 0.1640625
0 0.296875 0.5375 0.1375 0.2359375
33 0.44375 0.390625 0.0140625 0.0234375
33 0.43203125 0.3921875 0.0140625 0.021875
33 0.41875 0.39140625 0.0125 0.01875
33 0.40703125 0.39140625 0.0109375 0.0171875
33 0.3953125 0.3921875 0.0125 0.0171875
33 0.3828125 0.39375 0.009375 0.01875
33 0.59921875 0.38359375 0.0109375 0.0234375
33 0.57578125 0.38359375 0.0109375 0.021875
36 0.55703125 0.85234375 0.1125 0.225
36 0.59375 0.70859375 0.0625 0.065625
36 0.53515625 0.67265625 0.065625 0.1625
36 0.290625 0.70546875 0.071875 0.06875
36 0.5734375 0.65078125 0.021875 0.053125
40 0.5828125 0.79453125 0.125 0.125
43 0.1265625 0.91953125 0.19375 0.1609375
43 0.73125 0.8359375 0.134375 0.1828125
0 0.1515625 0.53046875 0.2375 0.5375
36 0.45 0.89296875 0.15 0.2140625
51 0.48671875 0.65625 0.0390625 0.0859375
54 0.728125 0.25078125 0.084375 0.121875
0 0.1875 0.32421875 0.35 0.5375
33 0.37578125 0.39296875 0.009375 0.01875
33 0.38046875 0.42109375 0.0140625 0.009375
33 0.56328125 0.38671875 0.0109375 0.0140625
33 0.44609375 0.4171875 0.0109375 0.0140625
33 0.3953125 0.41875 0.0125 0.009375
0 0.35078125 0.44453125 0.0484375 0.071875
0 0.3390625 0.4875 0.0671875 0.1015625
0 0.7640625 0.47890625 0.121875 0.3828125
0 0.60078125 0.51640625 0.109375 0.20625
36 0.5984375 0.79296875 0.09375 0.1234375
33 0.47734375 0.45859375 0.215625 0.1203125