57 0.4609375 0.8453125 0.921875 0.309375
0 0.39765625 0.5640625 0.2796875 0.3796875
0 0.63359375 0.521875 0.0890625 0.19375
36 0.36484375 0.65234375 0.06875 0.078125
50 0.46015625 0.79296875 0.065625 0.053125
50 0.371875 0.8984375 0.11875 0.10625
60 0.57578125 0.56953125 0.1171875 0.0984375
73 0.68515625 0.8125 0.078125 0.1625
40 0.34453125 0.7546875 0.0796875 0.053125
50 0.4171875 0.78203125 0.059375 0.0609375
57 0.59140625 0.64375 0.184375 0.11875
64 0.63828125 0.4859375 0.0203125 0.0296875
73 0.6546875 0.590625 0.03125 0.0640625
0 0.04140625 0.38046875 0.0828125 0.2
0 0.3421875 0.415625 0.0609375 0.1203125
0 0.18984375 0.35 0.053125 0.071875
36 0.08046875 0.4625 0.03125 0.0328125