12 0.29765625 0.6296875 0.2125 0.08046875
12 0.9796875 0.64140625 0.040625 0.05234375
23 0.36875 0.8 0.371875 0.2875
23 0.59375 0.8125 0.09375 0.15859375
12 0.6875 0.61953125 0.0765625 0.034375
2 0.825 0.7390625 0.0484375 0.11875
13 0.496875 0.38125 0.071875 0.15234375
13 0.31640625 0.47890625 0.0859375 0.190625
13 0.41796875 0.41484375 0.0734375 0.1703125
13 0.53046875 0.36328125 0.059375 0.146875
13 0.3796875 0.45703125 0.0734375 0.18046875
13 0.45703125 0.39921875 0.0390625 0.140625
0 0.928125 0.7125 0.0734375 0.28125
0 0.8953125 0.6828125 0.0375 0.240625
0 0.63125 0.63359375 0.05 0.134375
0 0.4578125 0.7125 0.0609375 0.1765625
0 0.578125 0.6328125 0.0609375 0.1484375
0 0.365625 0.7828125 0.1578125 0.3515625
0 0.51328125 0.6734375 0.0703125 0.128125
0 0.14921875 0.61015625 0.059375 0.2046875
12 0.71640625 0.615625 0.140625 0.0421875
0 0.5984375 0.64453125 0.0453125 0.11015625
0 0.05234375 0.6578125 0.05 0.16875
0 0.73046875 0.69296875 0.0671875 0.2046875
0 0.33203125 0.534375 0.0375 0.06796875
12 0.67734375 0.63359375 0.05625 0.0421875
12 0.83125 0.67578125 0.1296875 0.2125
23 0.44921875 0.7671875 0.3046875 0.25078125
23 0.61328125 0.79609375 0.084375 0.140625
13 0.5578125 0.34375 0.0375 0.128125
13 0.5875 0.3109375 0.0484375 0.1203125
0 0.2390625 0.48671875 0.0296875 0.07421875
0 0.275 0.56015625 0.55 0.46171875