0 0.20390625 0.609375 0.14453125 0.21875
0 0.3765625 0.6453125 0.24453125 0.0921875
0 0.86640625 0.64765625 0.121875 0.071875
0 0.5234375 0.55859375 0.04453125 0.053125
25 0.3390625 0.896875 0.646875 0.15625
25 0.678125 0.66796875 0.6109375 0.0390625
0 0.2765625 0.55703125 0.053125 0.0671875
0 0.37109375 0.56328125 0.06640625 0.0890625
25 0.36796875 0.60390625 0.071875 0.0125
0 0.228125 0.53125 0.01953125 0.009375
0 0.24609375 0.58671875 0.021875 0.01875
0 0.06796875 0.54765625 0.075 0.0546875
0 0.04453125 0.55234375 0.071875 0.04375