0 0.575 0.91875 0.16875 0.1203125
0 0.44609375 0.83359375 0.03125 0.1375
0 0.31640625 0.95078125 0.0515625 0.078125
0 0.69921875 0.7921875 0.0484375 0.15
0 0.7453125 0.790625 0.0421875 0.1328125
0 0.8734375 0.93203125 0.13125 0.1359375
0 0.809375 0.78984375 0.053125 0.1703125
0 0.7671875 0.80625 0.028125 0.1125
0 0.846875 0.76484375 0.0296875 0.0875
0 0.27421875 0.8984375 0.078125 0.1484375
0 0.50859375 0.83984375 0.034375 0.115625
1 0.22734375 0.90859375 0.0375 0.071875
12 0.03984375 0.84609375 0.0796875 0.1203125
27 0.35703125 0.50625 0.14375 0.153125
27 0.340625 0.08515625 0.034375 0.04375
27 0.09140625 0.14140625 0.034375 0.0296875
27 0.3875 0.67109375 0.1515625 0.1515625
27 0.7453125 0.25859375 0.0109375 0.0171875
27 0.7984375 0.49765625 0.05 0.0515625
27 0.75390625 0.25234375 0.009375 0.0171875
27 0.79453125 0.54296875 0.00625 0.0109375
27 0.4140625 0.62265625 0.1515625 0.146875
27 0.725 0.63515625 0.0234375 0.0203125
27 0.709375 0.2578125 0.0125 0.0140625
27 0.5890625 0.25234375 0.0703125 0.0875
0 0.53125 0.865625 0.0265625 0.06875
12 0.33203125 0.8515625 0.025 0.0625
27 0.67421875 0.20078125 0.0078125 0.0140625
0 0.52734375 0.88046875 0.109375 0.1375
0 0.51015625 0.834375 0.9046875 0.33125
27 0.515625 0.40078125 0.96875 0.6546875