33 0.55703125 0.75703125 0.0375 0.23203125
33 0.55546875 0.8984375 0.04375 0.16640625
57 0.52890625 0.8984375 0.4921875 0.203125
57 0.11484375 0.35859375 0.215625 0.22421875
57 0.2046875 0.21640625 0.0765625 0.07890625
0 0.8328125 0.6328125 0.328125 0.734375
0 0.73828125 0.41015625 0.2828125 0.51484375
0 0.728125 0.26796875 0.1234375 0.32734375
0 0.21328125 0.3140625 0.159375 0.41953125
0 0.665625 0.20703125 0.05 0.09765625
33 0.1375 0.209375 0.0265625 0.07890625
20 0.3078125 0.62421875 0.034375 0.1609375
20 0.8375 0.66640625 0.09375 0.25859375
20 0.78046875 0.4921875 0.0625 0.20078125
36 0.5765625 0.61640625 0.0421875 0.13203125
37 0.6375 0.8578125 0.1140625 0.0421875
37 0.44609375 0.66875 0.075 0.034375
39 0.6390625 0.67265625 0.0796875 0.03203125
0 0.49140625 0.2453125 0.10625 0.2609375
33 0.58046875 0.340625 0.0125 0.04453125
33 0.53125 0.88359375 0.028125 0.11640625
36 0.5375 0.4828125 0.03125 0.1
36 0.5171875 0.61640625 0.040625 0.12890625
37 0.6375 0.515625 0.0609375 0.02109375
38 0.4265625 0.76640625 0.09375 0.015625
38 0.46484375 0.57265625 0.06875 0.0078125
52 0.15078125 0.76640625 0.1609375 0.4671875
52 0.3671875 0.4046875 0.05 0.28203125
52 0.0265625 0.61328125 0.05 0.5359375
52 0.94296875 0.81015625 0.1140625 0.3484375
52 0.96640625 0.37734375 0.0453125 0.153125
52 0.34296875 0.2546875 0.0484375 0.1796875
52 0.309375 0.25859375 0.034375 0.0953125
52 0.125 0.5 0.1234375 0.30625
52 0.30703125 0.19765625 0.0234375 0.0765625
0 0.05625 0.1625 0.1125 0.23515625
20 0.22734375 0.24296875 0.0203125 0.053125
20 0.05078125 0.18046875 0.0140625 0.05546875
36 0.60234375 0.3140625 0.0234375 0.065625
36 0.55546875 0.3453125 0.021875 0.065625
36 0.56171875 0.290625 0.0171875 0.04453125
36 0.54453125 0.30859375 0.0203125 0.0609375
36 0.14609375 0.27421875 0.01875 0.06328125
36 0.5796875 0.48046875 0.03125 0.09765625
39 0.4125 0.77734375 0.0828125 0.03203125
39 0.46171875 0.5765625 0.0609375 0.01875
52 0.1171875 0.18828125 0.0359375 0.11640625
52 0.08828125 0.16484375 0.0296875 0.07890625
33 0.0328125 0.296875 0.0140625 0.065625
38 0.63203125 0.5234375 0.078125 0.0109375
0 0.43125 0.29921875 0.1578125 0.41953125
0 0.3015625 0.63203125 0.271875 0.68828125
52 0.315625 0.1515625 0.021875 0.03984375
52 0.77578125 0.19296875 0.0296875 0.06875
57 0.58515625 0.3734375 0.2140625 0.2296875
57 0.53359375 0.66640625 0.434375 0.47265625
52 0.2328125 0.559375 0.3 0.8125