33 0.3203125 0.53984375 0.1921875 0.215625
35 0.66328125 0.26171875 0.12109375 0.1453125
37 0.1265625 0.45703125 0.25078125 0.1203125
37 0.72890625 0.5921875 0.3328125 0.059375
37 0.26015625 0.67265625 0.0875 0.2328125
38 0.74375 0.625 0.4015625 0.046875
38 0.12734375 0.23671875 0.24921875 0.021875
39 0.1328125 0.22578125 0.1484375 0.0203125
39 0.759375 0.65 0.27421875 0.0546875
48 0.5890625 0.4703125 0.1921875 0.15625
0 0.9203125 0.1640625 0.15078125 0.0765625
33 0.47421875 0.53828125 0.10234375 0.175
37 0.8203125 0.184375 0.13984375 0.0265625
57 0.49921875 0.4953125 0.99140625 0.984375
36 0.86953125 0.32734375 0.1484375 0.13125
36 0.3796875 0.1125 0.0859375 0.1359375
36 0.5984375 0.1484375 0.08984375 0.15
38 0.82734375 0.0359375 0.196875 0.0203125
39 0.83046875 0.03828125 0.1296875 0.028125
48 0.71953125 0.13125 0.0859375 0.06875
48 0.74453125 0.12421875 0.08359375 0.065625
48 0.83125 0.1140625 0.08984375 0.0703125
48 0.77578125 0.12265625 0.0859375 0.065625
0 0.05859375 0.10703125 0.1171875 0.2109375
33 0.14765625 0.584375 0.16953125 0.1359375
36 0.6453125 0.05078125 0.07109375 0.1015625
40 0.2125 0.12109375 0.27578125 0.1046875
40 0.259375 0.81015625 0.48359375 0.3375
50 0.7921875 0.23984375 0.0984375 0.0515625