54 0.234375 0.175 0.1625 0.178125
33 0.45703125 0.21171875 0.0140625 0.06875
33 0.475 0.21875 0.021875 0.059375
52 0.74140625 0.35546875 0.0796875 0.128125
52 0.396875 0.27578125 0.1375 0.08125
52 0.9703125 0.47890625 0.059375 0.165625
53 0.62734375 0.21328125 0.3453125 0.153125
1 0.2 0.08515625 0.0984375 0.11875
0 0.6046875 0.26171875 0.2296875 0.309375
0 0.828125 0.33828125 0.2796875 0.434375
50 0.22421875 0.771875 0.071875 0.071875
50 0.26953125 0.82890625 0.075 0.053125
50 0.2890625 0.78515625 0.0703125 0.06875
50 0.30625 0.721875 0.0625 0.071875
50 0.246875 0.71171875 0.0734375 0.071875
50 0.36640625 0.725 0.0625 0.0625
50 0.33828125 0.83984375 0.0734375 0.059375
50 0.20078125 0.81796875 0.071875 0.05
50 0.35625 0.78203125 0.065625 0.065625
60 0.69765625 0.47109375 0.1578125 0.184375
60 0.50625 0.38125 0.2203125 0.2125
60 0.2875 0.28125 0.221875 0.18125
61 0.8734375 0.70390625 0.08125 0.05625
71 0.9109375 0.09453125 0.0109375 0.028125
71 0.98203125 0.10625 0.015625 0.034375
54 0.98125 0.321875 0.0375 0.153125
71 0.9203125 0.609375 0.159375 0.084375
71 0.16328125 0.29375 0.075 0.05625
71 0.9 0.09453125 0.0140625 0.028125
60 0.76875 0.728125 0.328125 0.484375
71 0.978125 0.10625 0.0203125 0.034375
71 0.9203125 0.09453125 0.0171875 0.0375