54 0.46953125 0.1109375 0.021875 0.065625
53 0.525 0.56484375 0.88125 0.734375
60 0.75 0.38828125 0.1625 0.159375
71 0.78046875 0.18046875 0.015625 0.084375
71 0.834375 0.0875 0.0171875 0.084375
71 0.88515625 0.2046875 0.025 0.09375
71 0.82109375 0.20625 0.0203125 0.065625
71 0.84609375 0.203125 0.015625 0.075
71 0.90234375 0.21328125 0.0328125 0.0828125
71 0.92109375 0.10078125 0.0171875 0.0921875
71 0.94140625 0.1 0.05625 0.1
71 0.8515625 0.28984375 0.0265625 0.0578125
71 0.8828125 0.09453125 0.01875 0.0890625
71 0.91015625 0.01796875 0.0140625 0.0359375
54 0.61015625 0.11640625 0.11875 0.21875
54 0.496875 0.10859375 0.0390625 0.0625
71 0.85546875 0.20390625 0.0203125 0.084375
54 0.36953125 0.08671875 0.1875 0.1703125
71 0.8578125 0.090625 0.0265625 0.0921875
71 0.70625 0.33984375 0.5875 0.6796875