33 0.11015625 0.9265625 0.0625 0.146875
18 0.54375 0.321875 0.16875 0.1234375
20 0.48125 0.44140625 0.02890625 0.0953125
0 0.55703125 0.828125 0.41875 0.3171875
0 0.44296875 0.50390625 0.17109375 0.3484375
0 0.57421875 0.51484375 0.13984375 0.3140625
0 0.30859375 0.62890625 0.1875 0.19375
0 0.78984375 0.80859375 0.40625 0.3828125
0 0.784375 0.65625 0.16484375 0.2015625
0 0.88203125 0.6765625 0.13515625 0.159375
0 0.9578125 0.77109375 0.084375 0.2171875
0 0.62265625 0.64921875 0.16640625 0.1390625
8 0.121875 0.70546875 0.225 0.1453125
36 0.9375 0.93984375 0.06015625 0.0453125
19 0.26875 0.78359375 0.17109375 0.140625