45 0.72734375 0.90078125 0.4046875 0.1984375
0 0.1640625 0.9296875 0.0890625 0.109375
0 0.3578125 0.921875 0.0640625 0.0921875
0 0.25390625 0.90234375 0.0359375 0.04375
0 0.27890625 0.89375 0.0234375 0.025
5 0.24296875 0.91796875 0.0828125 0.0515625
19 0.3390625 0.93515625 0.025 0.0265625
19 0.1390625 0.9328125 0.028125 0.0265625
72 0.26015625 0.6203125 0.034375 0.0234375
72 0.2234375 0.621875 0.0125 0.01875
0 0.33125 0.8875 0.0078125 0.0171875
0 0.51484375 0.85234375 0.0234375 0.0265625
0 0.26328125 0.8921875 0.0328125 0.040625
19 0.24453125 0.9046875 0.021875 0.0125