57 0.5015625 0.72109375 0.996875 0.5578125
0 0.09375 0.484375 0.1875 0.884375
0 0.80625 0.46484375 0.359375 0.6796875
0 0.89375 0.478125 0.2125 0.95625
0 0.6546875 0.48828125 0.16875 0.29375
0 0.4828125 0.5046875 0.146875 0.175
37 0.778125 0.74921875 0.16875 0.1453125
37 0.59609375 0.55390625 0.0328125 0.0328125
38 0.81796875 0.87265625 0.075 0.1671875
0 0.29921875 0.54765625 0.1484375 0.2421875
33 0.4375 0.39375 0.015625 0.025
33 0.4265625 0.39609375 0.0140625 0.021875
33 0.4125 0.39609375 0.0125 0.0203125
33 0.40078125 0.396875 0.0109375 0.0171875
33 0.38984375 0.39765625 0.0125 0.0171875
33 0.37734375 0.4 0.009375 0.01875
33 0.59296875 0.37890625 0.0125 0.025
33 0.56953125 0.3796875 0.0109375 0.021875
36 0.575 0.8484375 0.1234375 0.2296875
36 0.6046875 0.703125 0.065625 0.06875
36 0.54375 0.6703125 0.0734375 0.1640625
36 0.30234375 0.71640625 0.075 0.071875
36 0.58125 0.646875 0.0234375 0.053125
40 0.59765625 0.78984375 0.13125 0.13125
43 0.14921875 0.9265625 0.2015625 0.146875
43 0.7484375 0.8234375 0.1421875 0.1875
0 0.15390625 0.54921875 0.2640625 0.5453125
36 0.4703125 0.89296875 0.159375 0.2140625
51 0.4953125 0.65703125 0.04375 0.0875
54 0.71484375 0.2390625 0.090625 0.125
0 0.1828125 0.340625 0.365625 0.553125
33 0.3703125 0.4 0.009375 0.01875
33 0.3765625 0.42734375 0.015625 0.0109375
33 0.55703125 0.38359375 0.0125 0.015625
33 0.4421875 0.4203125 0.0125 0.015625
33 0.39140625 0.42421875 0.0140625 0.0109375
0 0.3484375 0.45234375 0.053125 0.075
0 0.33828125 0.49609375 0.071875 0.1046875
0 0.7625 0.465625 0.140625 0.3859375
0 0.6015625 0.5109375 0.11875 0.2109375
36 0.61328125 0.7875 0.1 0.128125
33 0.475 0.46015625 0.2203125 0.13125