59 0.1203125 0.546875 0.1625 0.1703125
57 0.63828125 0.928125 0.7234375 0.13125
0 0.84375 0.68828125 0.1859375 0.4703125
52 0.9578125 0.85546875 0.084375 0.1984375
52 0.82265625 0.8921875 0.178125 0.0953125
62 0.51171875 0.68125 0.0390625 0.053125
62 0.7875 0.6265625 0.0484375 0.0265625
19 0.79921875 0.92109375 0.090625 0.084375
40 0.9453125 0.9375 0.06875 0.0484375
62 0.178125 0.7359375 0.0234375 0.0171875
0 0.5859375 0.70703125 0.1734375 0.434375
36 0.7328125 0.96015625 0.0359375 0.0640625
62 0.19609375 0.7328125 0.0125 0.0109375