53 0.31484375 0.6 0.071875 0.1
52 0.87265625 0.7390625 0.2359375 0.3578125
0 0.7703125 0.565625 0.3734375 0.753125
0 0.56171875 0.60390625 0.3046875 0.725
0 0.43203125 0.578125 0.38125 0.8328125
0 0.02890625 0.61328125 0.0578125 0.6140625
0 0.08125 0.684375 0.1265625 0.2671875
0 0.21640625 0.565625 0.39375 0.7921875
62 0.4296875 0.59765625 0.0234375 0.025
62 0.76875 0.43203125 0.03125 0.01875
62 0.39921875 0.54140625 0.4296875 0.184375
62 0.1921875 0.5265625 0.0203125 0.01875
0 0.05546875 0.58515625 0.1109375 0.6828125
0 0.36796875 0.7015625 0.1171875 0.171875
0 0.053125 0.7515625 0.10625 0.171875
0 0.29921875 0.62890625 0.096875 0.1625
52 0.484375 0.69921875 0.0421875 0.1203125
52 0.3125 0.72421875 0.065625 0.109375