12 0.978125 0.41171875 0.04375 0.00859375
0 0.4421875 0.56015625 0.065625 0.25
0 0.4015625 0.44765625 0.0265625 0.08984375
0 0.26640625 0.440625 0.034375 0.06875
29 0.78828125 0.51796875 0.015625 0.025
29 0.28125 0.45078125 0.00625 0.0125
0 0.8 0.43671875 0.0234375 0.03515625
12 0.92265625 0.42421875 0.059375 0.03515625
12 0.7671875 0.409375 0.028125 0.00625
12 0.77421875 0.41953125 0.0421875 0.02890625
0 0.80625 0.51484375 0.0546875 0.16015625
0 0.91953125 0.45859375 0.0265625 0.06640625
29 0.171875 0.434375 0.0078125 0.00859375
29 0.92890625 0.453125 0.009375 0.00859375
12 0.81171875 0.41875 0.0421875 0.02890625
0 0.1765625 0.43671875 0.01875 0.05390625