7 0.15625 0.53046875 0.3125 0.8734375
60 0.66875 0.56796875 0.6625 0.8640625
7 0.6546875 0.27265625 0.0328125 0.04375
7 0.84375 0.4328125 0.0421875 0.0609375
7 0.87109375 0.403125 0.034375 0.0390625
7 0.86953125 0.51328125 0.040625 0.0671875
63 0.728125 0.703125 0.534375 0.2921875
71 0.5125 0.4046875 0.1546875 0.0578125
71 0.5328125 0.4390625 0.1078125 0.0546875
71 0.5359375 0.4875 0.08125 0.0703125
71 0.5140625 0.5296875 0.0984375 0.0625
75 0.5046875 0.29453125 0.209375 0.2125
75 0.12109375 0.17265625 0.2109375 0.190625