52 0.77734375 0.5640625 0.296875 0.2015625
52 0.80234375 0.46875 0.1671875 0.096875
52 0.55625 0.45078125 0.0703125 0.10625
57 0.509375 0.7578125 0.971875 0.484375
57 0.396875 0.4359375 0.234375 0.140625
0 0.31640625 0.45546875 0.6328125 0.9109375
0 0.80390625 0.33828125 0.1578125 0.2203125
0 0.6734375 0.3765625 0.0875 0.1875
0 0.96015625 0.4203125 0.0796875 0.20625
0 0.9421875 0.3765625 0.0484375 0.1
0 0.7140625 0.37578125 0.0328125 0.0734375
0 0.2375 0.3328125 0.196875 0.30625
36 0.665625 0.83203125 0.1 0.228125
36 0.59296875 0.70546875 0.0765625 0.171875
36 0.5203125 0.68828125 0.1046875 0.278125
36 0.8578125 0.78515625 0.1390625 0.3328125
37 0.22421875 0.9015625 0.1625 0.1765625
38 0.3078125 0.88046875 0.25625 0.0578125
0 0.84375 0.334375 0.03125 0.0265625
36 0.34609375 0.42109375 0.03125 0.090625
38 0.35234375 0.92421875 0.040625 0.0375
40 0.45 0.6625 0.065625 0.0640625
43 0.66171875 0.64609375 0.09375 0.109375
52 0.5453125 0.41953125 0.0875 0.103125
54 0.95703125 0.696875 0.078125 0.21875
54 0.43515625 0.4140625 0.0390625 0.0625
0 0.646875 0.35 0.0375 0.0890625
0 0.996875 0.446875 0.00625 0.009375
52 0.47890625 0.36171875 0.0515625 0.0421875
52 0.45234375 0.36796875 0.021875 0.0359375
52 0.6203125 0.50703125 0.0515625 0.2546875
57 0.71171875 0.4328125 0.03125 0.0546875
39 0.62421875 0.5609375 0.0265625 0.0734375
52 0.76484375 0.49296875 0.16875 0.05625
52 0.45234375 0.4078125 0.1125 0.0734375
52 0.959375 0.4703125 0.08125 0.128125
52 0.70703125 0.3890625 0.0171875 0.05