33 0.69921875 0.625 0.1125 0.2859375
33 0.84921875 0.6703125 0.1171875 0.2703125
33 0.6234375 0.63203125 0.059375 0.2
33 0.753125 0.55 0.071875 0.1375
33 0.796875 0.6234375 0.090625 0.2421875
70 0.79140625 0.36484375 0.4125 0.5328125
57 0.50078125 0.74140625 0.996875 0.5171875
0 0.48671875 0.39296875 0.54375 0.678125
36 0.03046875 0.3171875 0.0609375 0.0796875
51 0.54921875 0.85390625 0.1015625 0.0515625
51 0.4140625 0.79765625 0.1 0.0515625
51 0.58203125 0.80078125 0.121875 0.040625
51 0.67109375 0.9109375 0.1234375 0.0640625
33 0.5203125 0.64140625 0.10625 0.25
33 0.85546875 0.571875 0.078125 0.1703125
36 0.9484375 0.678125 0.103125 0.1234375
51 0.42421875 0.8953125 0.10625 0.05
51 0.359375 0.84765625 0.1 0.034375
51 0.3515625 0.875 0.10625 0.040625
51 0.75390625 0.8453125 0.078125 0.053125
51 0.1125 0.83203125 0.1625 0.059375
51 0.23515625 0.86953125 0.159375 0.0453125
65 0.02734375 0.4109375 0.05 0.1109375
51 0.74375 0.03671875 0.215625 0.0390625