27 0.175 0.35078125 0.0640625 0.09609375
0 0.78671875 0.7 0.13828125 0.38671875
0 0.6921875 0.74765625 0.06796875 0.28515625
0 0.72734375 0.75703125 0.05 0.21328125
0 0.57265625 0.5203125 0.0421875 0.1546875
0 0.4109375 0.49453125 0.028125 0.0984375
0 0.43125 0.6359375 0.08203125 0.19765625
27 0.8671875 0.65078125 0.0921875 0.13046875
0 0.23984375 0.7171875 0.0921875 0.3921875
0 0.02109375 0.64765625 0.0421875 0.2
0 0.65078125 0.45078125 0.04609375 0.1359375
0 0.815625 0.4796875 0.0203125 0.08828125
0 0.4671875 0.490625 0.0640625 0.14140625
0 0.8 0.4828125 0.01796875 0.05859375
0 0.4390625 0.51875 0.021875 0.05078125
27 0.490625 0.28671875 0.0078125 0.0109375
27 0.43515625 0.45703125 0.015625 0.05859375
0 0.44296875 0.65078125 0.81015625 0.46953125