54 0.7484375 0.171875 0.3453125 0.2859375
57 0.459375 0.75234375 0.915625 0.4953125
0 0.803125 0.6421875 0.371875 0.5921875
0 0.471875 0.53984375 0.5171875 0.38125
0 0.4625 0.49375 0.19375 0.3078125
0 0.3671875 0.45 0.1484375 0.159375
0 0.69453125 0.4375 0.1015625 0.1359375
35 0.10546875 0.5875 0.053125 0.0578125
35 0.1625 0.5703125 0.0484375 0.05625
35 0.2109375 0.575 0.046875 0.05625
35 0.11484375 0.5453125 0.046875 0.0390625
39 0.43203125 0.62421875 0.0171875 0.01875
39 0.47734375 0.62109375 0.03125 0.0203125
39 0.25859375 0.53125 0.0296875 0.015625
40 0.6171875 0.90546875 0.29375 0.1359375
43 0.2421875 0.703125 0.0890625 0.0359375
44 0.56640625 0.78671875 0.1171875 0.0375
44 0.4265625 0.76328125 0.0671875 0.0265625
44 0.45 0.740625 0.0609375 0.0296875
44 0.47265625 0.73046875 0.046875 0.0234375
44 0.5265625 0.7984375 0.0578125 0.0296875
51 0.2125 0.68515625 0.178125 0.0765625
52 0.93671875 0.81484375 0.0984375 0.2828125
54 0.47734375 0.27109375 0.1875 0.128125
36 0.409375 0.646875 0.0484375 0.05
36 0.44765625 0.6421875 0.0625 0.053125
39 0.45078125 0.60234375 0.0265625 0.0359375
42 0.48984375 0.790625 0.0390625 0.025
42 0.43046875 0.7765625 0.0203125 0.01875
42 0.475 0.78671875 0.03125 0.034375
42 0.4578125 0.7875 0.01875 0.03125
44 0.559375 0.7734375 0.06875 0.0234375
44 0.5828125 0.76953125 0.0828125 0.0390625
44 0.44453125 0.7546875 0.065625 0.0296875
44 0.57265625 0.75546875 0.0453125 0.0171875
44 0.5890625 0.61171875 0.0625 0.0328125
43 0.75625 0.665625 0.078125 0.04375