39 0.63515625 0.146875 0.7125 0.2625
40 0.50390625 0.49921875 0.990625 0.975
47 0.4203125 0.61328125 0.053125 0.0625
47 0.58828125 0.57421875 0.06875 0.07890625
47 0.325 0.6625 0.0515625 0.09140625
47 0.5984375 0.66171875 0.059375 0.1
57 0.5 0.49453125 1 0.9875
47 0.4171875 0.78984375 0.0453125 0.07265625
47 0.62265625 0.81796875 0.0515625 0.08515625
47 0.5171875 0.57734375 0.05 0.06484375
47 0.39296875 0.63671875 0.05625 0.05859375
47 0.696875 0.51171875 0.0484375 0.05390625
47 0.7375 0.63359375 0.040625 0.07890625
47 0.50625 0.73984375 0.0703125 0.12265625
47 0.4671875 0.57578125 0.059375 0.0625
47 0.65703125 0.64609375 0.05 0.06484375