53 0.52109375 0.671875 0.753125 0.4359375
0 0.5125 0.575 0.15 0.421875
0 0.66328125 0.690625 0.165625 0.61796875
0 0.3546875 0.4875 0.18125 0.2671875
64 0.31640625 0.4484375 0.0078125 0.00703125
36 0.4421875 0.92421875 0.0546875 0.11484375
36 0.53046875 0.7890625 0.04375 0.1265625
36 0.50390625 0.87109375 0.0515625 0.084375
36 0.575 0.903125 0.0515625 0.103125
39 0.60078125 0.8828125 0.0203125 0.02109375
40 0.58671875 0.82578125 0.0625 0.0703125
60 0.35703125 0.61796875 0.1453125 0.1265625
60 0.50703125 0.63359375 0.13125 0.12421875
60 0.67421875 0.68984375 0.1546875 0.1125
52 0.196875 0.4671875 0.121875 0.17109375
52 0.1296875 0.53125 0.0875 0.309375
73 0.45859375 0.84296875 0.0390625 0.1078125
17 0.87734375 0.85390625 0.140625 0.27421875
54 0.46796875 0.76328125 0.1078125 0.27421875
36 0.42734375 0.7703125 0.0328125 0.11484375