1 0.4953125 0.659375 0.0859375 0.221875
0 0.29765625 0.634375 0.146875 0.4078125
0 0.515625 0.58046875 0.1171875 0.3375
0 0.02265625 0.50546875 0.0453125 0.1234375
0 0.5796875 0.43671875 0.0234375 0.0671875
0 0.59375 0.403125 0.01875 0.059375
0 0.6234375 0.4140625 0.0203125 0.059375
0 0.484375 0.46015625 0.021875 0.034375
0 0.6078125 0.4234375 0.0109375 0.0328125
17 0.51796875 0.60625 0.0609375 0.06875
0 0.63359375 0.4265625 0.01875 0.04375
0 0.57734375 0.3640625 0.0203125 0.0546875
0 0.4984375 0.4453125 0.0203125 0.053125
5 0.2828125 0.31640625 0.0359375 0.0265625
0 0.46796875 0.478125 0.0234375 0.0671875
0 0.3890625 0.6328125 0.1453125 0.4515625
0 0.4109375 0.3890625 0.4234375 0.2265625