33 0.8828125 0.62734375 0.03515625 0.096875
72 0.84296875 0.23828125 0.10078125 0.0671875
0 0.46875 0.67265625 0.2765625 0.6265625
38 0.80703125 0.49140625 0.01640625 0.0421875
38 0.83046875 0.49140625 0.01640625 0.06875
38 0.93203125 0.490625 0.046875 0.0890625
40 0.046875 0.471875 0.0796875 0.0140625
66 0.1734375 0.7921875 0.328125 0.415625
38 0.88515625 0.4890625 0.01171875 0.0546875
38 0.89609375 0.4921875 0.00703125 0.04375
0 0.6265625 0.61640625 0.2859375 0.4859375
38 0.84453125 0.48046875 0.02109375 0.0890625
38 0.86640625 0.48984375 0.0140625 0.0484375
66 0.0421875 0.8484375 0.084375 0.3