33 0.90078125 0.43125 0.0890625 0.2203125
33 0.9515625 0.57265625 0.0953125 0.2859375
33 0.95234375 0.72578125 0.0921875 0.2671875
57 0.5 0.73125 1 0.521875
0 0.525 0.2765625 0.325 0.553125
39 0.52109375 0.56640625 0.0859375 0.0765625
39 0.384375 0.6109375 0.06875 0.1171875
39 0.3515625 0.7453125 0.05 0.1234375
40 0.6953125 0.534375 0.1609375 0.109375
40 0.1671875 0.1953125 0.0734375 0.0484375
33 0.25 0.16796875 0.028125 0.0796875
33 0.2609375 0.1609375 0.0171875 0.090625
36 0.2546875 0.22578125 0.0328125 0.04375
37 0.221875 0.63984375 0.1734375 0.1171875
39 0.3125 0.709375 0.071875 0.1890625
40 0.21953125 0.22734375 0.06875 0.053125
66 0.096875 0.409375 0.19375 0.35625
39 0.371875 0.63828125 0.0625 0.0890625
39 0.44140625 0.61171875 0.084375 0.046875
70 0.42890625 0.28203125 0.3265625 0.5640625
33 0.6453125 0.5 0.1234375 0.2203125
39 0.4046875 0.7703125 0.065625 0.196875