12 0.940625 0.6984375 0.11875 0.290625
0 0.3359375 0.52265625 0.32578125 0.621875
0 0.5859375 0.5171875 0.278125 0.5734375
0 0.77109375 0.5640625 0.203125 0.6203125
0 0.5578125 0.32265625 0.07109375 0.1296875
0 0.04453125 0.3375 0.0890625 0.2125
0 0.4703125 0.303125 0.0609375 0.075
0 0.85625 0.3078125 0.0609375 0.0671875
0 0.21328125 0.3 0.1390625 0.146875
4 0.61640625 0.50625 0.15546875 0.2671875
4 0.78671875 0.515625 0.1625 0.2578125
0 0.8984375 0.36953125 0.06640625 0.1546875
0 0.16875 0.32734375 0.0640625 0.2015625
0 0.296875 0.26796875 0.07578125 0.084375
0 0.43359375 0.296875 0.05390625 0.0546875
20 0.6203125 0.353125 0.03515625 0.040625
20 0.71484375 0.37421875 0.03984375 0.0328125
23 0.2171875 0.6171875 0.42890625 0.3875
0 0.090625 0.3328125 0.0609375 0.2
0 0.67421875 0.59921875 0.64609375 0.6859375