54 0.8703125 0.51640625 0.0484375 0.0828125
54 0.584375 0.52734375 0.2609375 0.8296875
59 0.73359375 0.4765625 0.1234375 0.15
52 0.39765625 0.61015625 0.0890625 0.1359375
53 0.846875 0.74453125 0.303125 0.3453125
57 0.628125 0.54765625 0.74375 0.8984375
52 0.78046875 0.7640625 0.20625 0.2296875
52 0.25390625 0.896875 0.0640625 0.1765625
52 0.37734375 0.7234375 0.1734375 0.1890625
70 0.165625 0.46875 0.1796875 0.253125
36 0.33671875 0.50859375 0.01875 0.0328125
40 0.20546875 0.53828125 0.065625 0.04375
73 0.578125 0.77734375 0.0734375 0.3140625
8 0.6578125 0.746875 0.0515625 0.0921875
72 0.47421875 0.32734375 0.0453125 0.0671875
36 0.16484375 0.54453125 0.01875 0.0359375