77 0.7484375 0.37109375 0.04375 0.06015625
0 0.7515625 0.61953125 0.253125 0.76015625
38 0.6359375 0.475 0.021875 0.12734375
38 0.63203125 0.45234375 0.009375 0.05390625
38 0.6234375 0.44765625 0.0109375 0.0625
38 0.60234375 0.44453125 0.0109375 0.05390625
38 0.59765625 0.50625 0.00625 0.03984375
38 0.60390625 0.52265625 0.0125 0.07109375
38 0.61328125 0.52421875 0.0125 0.07265625
38 0.61953125 0.52734375 0.0125 0.07734375
59 0.91015625 0.65625 0.1796875 0.33359375
72 0.18828125 0.3 0.0265625 0.03515625
38 0.6125 0.44375 0.0078125 0.05390625
54 0.96171875 0.34921875 0.0765625 0.09375
65 0.48828125 0.48359375 0.05 0.06640625
38 0.61640625 0.446875 0.0078125 0.05234375