26 0.54921875 0.7734375 0.021875 0.0296875
26 0.66484375 0.51328125 0.0203125 0.028125
26 0.4578125 0.77265625 0.009375 0.01875
26 0.86015625 0.76328125 0.021875 0.028125
0 0.52890625 0.58984375 0.3515625 0.7828125
0 0.7078125 0.559375 0.1875 0.584375
0 0.97421875 0.29765625 0.0390625 0.1234375
28 0.2734375 0.446875 0.2015625 0.05
29 0.6796875 0.53359375 0.0765625 0.0921875
0 0.703125 0.3109375 0.0234375 0.11875
0 0.6234375 0.3140625 0.021875 0.109375
26 0.646875 0.80078125 0.0125 0.0234375
26 0.52421875 0.778125 0.009375 0.015625
26 0.88984375 0.365625 0.0046875 0.00625
29 0.63671875 0.3015625 0.0140625 0.0234375
0 0.95390625 0.30703125 0.03125 0.1125