33 0.55703125 0.62890625 0.0203125 0.06875
52 0.2171875 0.83359375 0.1125 0.3328125
52 0.3015625 0.66015625 0.046875 0.13125
57 0.5828125 0.75703125 0.59375 0.4859375
37 0.80078125 0.8546875 0.071875 0.028125
37 0.73515625 0.74921875 0.053125 0.015625
38 0.7046875 0.71171875 0.0515625 0.0125
38 0.8015625 0.86875 0.0703125 0.0140625
0 0.6984375 0.56484375 0.071875 0.178125
0 0.790625 0.65078125 0.115625 0.2890625
0 0.90234375 0.73203125 0.1953125 0.4671875
0 0.33125 0.78984375 0.28125 0.4203125
0 0.35703125 0.64765625 0.125 0.2546875
0 0.39609375 0.6390625 0.059375 0.196875
0 0.43125 0.60703125 0.0671875 0.16875
0 0.634375 0.51875 0.0453125 0.1109375
0 0.47890625 0.55 0.06875 0.1109375
0 0.728125 0.60625 0.1140625 0.2453125
0 0.66171875 0.5453125 0.0640625 0.1515625
0 0.44453125 0.553125 0.0421875 0.1328125
35 0.40546875 0.85859375 0.0390625 0.10625
35 0.67890625 0.778125 0.0359375 0.109375
35 0.65234375 0.6796875 0.0296875 0.0578125
35 0.4984375 0.60859375 0.0171875 0.0359375
35 0.65546875 0.7578125 0.034375 0.0984375
35 0.6375 0.69375 0.03125 0.075
35 0.6203125 0.63359375 0.0234375 0.0578125
35 0.45703125 0.84140625 0.034375 0.109375
35 0.4609375 0.746875 0.0265625 0.078125
38 0.4375 0.871875 0.0484375 0.0140625
38 0.75234375 0.79453125 0.071875 0.01875
38 0.6640625 0.6484375 0.0390625 0.0109375
38 0.6484375 0.61015625 0.034375 0.0078125
38 0.43203125 0.77109375 0.053125 0.0125
52 0.33203125 0.590625 0.028125 0.040625
52 0.7 0.50703125 0.0171875 0.0484375
52 0.9609375 0.771875 0.078125 0.365625
52 0.75859375 0.5328125 0.0203125 0.0578125
52 0.70546875 0.5234375 0.015625 0.0359375
39 0.684375 0.6796875 0.021875 0.009375
39 0.43515625 0.82265625 0.040625 0.025
39 0.4671875 0.85 0.0140625 0.040625
52 0.846875 0.7015625 0.0703125 0.21875
52 0.39921875 0.5765625 0.0375 0.1078125
52 0.41171875 0.546875 0.0265625 0.065625
38 0.4578125 0.684375 0.0375 0.0109375
35 0.4734375 0.734375 0.0265625 0.0765625
35 0.4953125 0.65859375 0.0203125 0.053125
35 0.5078125 0.65546875 0.015625 0.053125
35 0.603125 0.59765625 0.01875 0.0390625
38 0.73515625 0.75078125 0.0546875 0.0171875
35 0.54296875 0.590625 0.1859375 0.1203125