79 0.2015625 0.43203125 0.021875 0.01640625
17 0.91171875 0.834375 0.06875 0.16015625
0 0.4828125 0.85390625 0.0984375 0.29140625
0 0.5859375 0.859375 0.103125 0.27890625
0 0.70625 0.84140625 0.0671875 0.28984375
0 0.86484375 0.8578125 0.0921875 0.284375
0 0.2953125 0.80234375 0.0890625 0.275
0 0.13984375 0.68125 0.0453125 0.21015625
79 0.6890625 0.49296875 0.0109375 0.05234375
79 0.70390625 0.49296875 0.0109375 0.05859375
18 0.56328125 0.675 0.1859375 0.15
18 0.85 0.68515625 0.1640625 0.11640625
18 0.7328125 0.61875 0.1359375 0.08515625
18 0.8890625 0.59453125 0.14375 0.07265625
18 0.8109375 0.58359375 0.0765625 0.0375
18 0.54140625 0.57109375 0.1453125 0.07265625
18 0.26875 0.640625 0.15625 0.07109375
18 0.3265625 0.57734375 0.0859375 0.06015625
18 0.18984375 0.55703125 0.071875 0.04765625
18 0.04921875 0.59453125 0.0984375 0.07265625
18 0.25234375 0.58046875 0.08125 0.04375
18 0.69765625 0.66796875 0.1421875 0.12109375
19 0.29609375 0.8125 0.046875 0.08125
19 0.240625 0.68671875 0.025 0.02734375
0 0.19453125 0.66328125 0.040625 0.1625
0 0.10625 0.75078125 0.0265625 0.13515625
0 0.38828125 0.69921875 0.0546875 0.19375
0 0.6609375 0.684375 0.03125 0.21875
0 0.05390625 0.8140625 0.1015625 0.371875
79 0.7609375 0.409375 0.028125 0.01875
19 0.64453125 0.825 0.0546875 0.125
0 0.096875 0.63828125 0.0390625 0.13515625
18 0.409375 0.58203125 0.0640625 0.04375
0 0.4078125 0.84765625 0.1171875 0.29765625
18 0.5 0.59296875 0.996875 0.21484375
0 0.5 0.45078125 0.95625 0.76875