12 0.89765625 0.34921875 0.190625 0.103125
12 0.78828125 0.3171875 0.0359375 0.0265625
45 0.315625 0.3578125 0.24375 0.115625
45 0.85703125 0.30390625 0.078125 0.059375
0 0.59765625 0.4984375 0.253125 0.3859375
0 0.1296875 0.453125 0.2234375 0.2703125
0 0.3640625 0.37734375 0.0390625 0.071875
0 0.3953125 0.375 0.04375 0.0609375
0 0.5203125 0.35078125 0.028125 0.04375
79 0.046875 0.20703125 0.034375 0.0390625
30 0.6234375 0.66875 0.1203125 0.084375
67 0.5015625 0.33671875 0.165625 0.1109375
0 0.446875 0.36640625 0.0578125 0.0703125
0 0.87265625 0.31640625 0.03125 0.0375
79 0.01640625 0.20859375 0.028125 0.0421875
79 0.834375 0.27421875 0.009375 0.0078125
79 0.77109375 0.28359375 0.0125 0.009375
19 0.3671875 0.38984375 0.0203125 0.0203125
79 0.9515625 0.24453125 0.0265625 0.0203125
19 0.359375 0.36484375 0.021875 0.0171875
12 0.70703125 0.32265625 0.0265625 0.0140625