52 0.74921875 0.23125 0.3421875 0.303125
57 0.75859375 0.18203125 0.4265625 0.3640625
57 0.590625 0.58046875 0.81875 0.8390625
1 0.06171875 0.22890625 0.1234375 0.0953125
0 0.390625 0.5 0.78125 1
33 0.871875 0.0453125 0.065625 0.090625
33 0.784375 0.05390625 0.0375 0.05
33 0.840625 0.05078125 0.034375 0.046875
37 0.75078125 0.46171875 0.1625 0.0421875
38 0.690625 0.8453125 0.61875 0.146875
38 0.62578125 0.32734375 0.1828125 0.0421875
40 0.37890625 0.49453125 0.2015625 0.1265625
40 0.84296875 0.6890625 0.3140625 0.234375
40 0.6953125 0.52734375 0.303125 0.146875
40 0.43984375 0.55546875 0.2390625 0.1515625
40 0.253125 0.30078125 0.184375 0.078125
40 0.77890625 0.4453125 0.2484375 0.1375
42 0.59296875 0.4125 0.0859375 0.065625
42 0.6765625 0.4015625 0.0859375 0.0671875
42 0.78125 0.375 0.0828125 0.046875
40 0.8828125 0.10078125 0.071875 0.0421875
43 0.5546875 0.63359375 0.615625 0.2703125
33 0.95625 0.5328125 0.0875 0.175
33 0.55546875 0.46640625 0.1 0.115625
33 0.8140625 0.059375 0.0328125 0.040625
38 0.9578125 0.77109375 0.084375 0.0984375
38 0.64921875 0.78671875 0.10625 0.040625
52 0.53671875 0.203125 0.1625 0.078125
52 0.53046875 0.12578125 0.140625 0.05625