12 0.9625 0.58203125 0.075 0.0515625
12 0.95625 0.57421875 0.0875 0.0609375
12 0.675 0.59140625 0.034375 0.0390625
79 0.55234375 0.36171875 0.028125 0.06875
79 0.428125 0.38203125 0.0296875 0.0703125
12 0.42890625 0.66640625 0.1234375 0.09375
12 0.303125 0.64765625 0.1015625 0.0609375
12 0.1140625 0.66171875 0.03125 0.040625
79 0.70859375 0.090625 0.06875 0.1703125
79 0.82265625 0.471875 0.0203125 0.0234375
12 0.7859375 0.57890625 0.015625 0.0171875
12 0.93046875 0.571875 0.0359375 0.0296875
12 0.215625 0.65 0.0671875 0.059375
12 0.14296875 0.65703125 0.0359375 0.0390625
12 0.54609375 0.603125 0.0296875 0.01875
12 0.06015625 0.66484375 0.0453125 0.03125
79 0.71640625 0.4953125 0.025 0.01875
2 0.54140625 0.63046875 0.0078125 0.0171875