18 0.1171875 0.63046875 0.0828125 0.08125
12 0.478125 0.67890625 0.05625 0.0671875
12 0.5640625 0.6671875 0.0546875 0.05625
67 0.7078125 0.64765625 0.1171875 0.2015625
67 0.39609375 0.64453125 0.0796875 0.190625
79 0.50625 0.534375 0.00625 0.03125
0 0.11953125 0.74140625 0.0578125 0.265625
0 0.55390625 0.67578125 0.015625 0.071875
0 0.3453125 0.67578125 0.0171875 0.0640625
12 0.52421875 0.6578125 0.025 0.0453125
79 0.3109375 0.53203125 0.00625 0.03125
79 0.28984375 0.51953125 0.0078125 0.034375
79 0.303125 0.53359375 0.0078125 0.034375
79 0.3171875 0.55625 0.00625 0.021875
79 0.28046875 0.5734375 0.009375 0.0390625
79 0.62421875 0.5890625 0.0046875 0.028125
79 0.634375 0.6171875 0.009375 0.0140625
2 0.30546875 0.73203125 0.0171875 0.075
0 0.92109375 0.6125 0.0140625 0.0421875
0 0.5609375 0.68515625 0.009375 0.05625
12 0.56484375 0.6578125 0.0109375 0.03125
0 0.62890625 0.68359375 0.0078125 0.03125
79 0.2515625 0.55625 0.0109375 0.0203125
2 0.61484375 0.68203125 0.00625 0.021875
2 0.3578125 0.70234375 0.0078125 0.046875
0 0.5703125 0.6765625 0.0140625 0.075
0 0.53203125 0.67734375 0.0265625 0.0640625
0 0.728125 0.69609375 0.025 0.103125