28 0.18359375 0.27890625 0.2515625 0.09375
0 0.5265625 0.53046875 0.553125 0.8640625
0 0.90625 0.4421875 0.15 0.16875
0 0.68671875 0.5234375 0.05625 0.0734375
0 0.79296875 0.2875 0.0796875 0.1609375
0 0.8296875 0.309375 0.0875 0.1421875
0 0.79296875 0.434375 0.0984375 0.2046875
0 0.23828125 0.49921875 0.09375 0.1265625
0 0.13671875 0.5171875 0.065625 0.134375
0 0.17734375 0.51484375 0.1203125 0.1390625
0 0.103125 0.6078125 0.165625 0.203125
0 0.3203125 0.5984375 0.0859375 0.0984375
20 0.71328125 0.5109375 0.0328125 0.0765625
29 0.0765625 0.734375 0.1078125 0.1109375
0 0.90234375 0.28671875 0.103125 0.19375
0 0.70390625 0.4609375 0.15625 0.2046875
0 0.5 0.36953125 1 0.7390625