64 0.2015625 0.95390625 0.0609375 0.03125
60 0.15 0.82265625 0.2171875 0.24765625
71 0.6203125 0.2375 0.0203125 0.15
71 0.51328125 0.23828125 0.009375 0.14609375
71 0.56796875 0.240625 0.0140625 0.14140625
71 0.5484375 0.23984375 0.0109375 0.14375
71 0.64921875 0.23515625 0.009375 0.14140625
71 0.60546875 0.23828125 0.0109375 0.14765625
71 0.63671875 0.23828125 0.015625 0.14765625
71 0.48046875 0.25390625 0.0109375 0.12109375
71 0.8953125 0.2375 0.11875 0.15859375
71 0.57890625 0.24140625 0.0109375 0.14140625
71 0.48984375 0.25390625 0.0046875 0.11640625
55 0.68828125 0.853125 0.54375 0.2625
62 0.61015625 0.95078125 0.0921875 0.03125
71 0.59765625 0.2375 0.0078125 0.14375