64 0.5546875 0.51875 0.0671875 0.053125
12 0.91875 0.45625 0.090625 0.05625
0 0.5875 0.696875 0.4015625 0.596875
0 0.38046875 0.56953125 0.053125 0.109375
0 0.3125 0.58203125 0.0625 0.1109375
0 0.75 0.50546875 0.0875 0.1109375
0 0.81015625 0.48984375 0.0375 0.075
0 0.92890625 0.4734375 0.0625 0.096875
0 0.97265625 0.46796875 0.0453125 0.0765625
0 0.76796875 0.49375 0.0359375 0.078125
0 0.86953125 0.48828125 0.046875 0.1046875
0 0.240625 0.61171875 0.090625 0.1171875
19 0.61953125 0.71171875 0.3375 0.3421875
0 0.79921875 0.4921875 0.040625 0.0828125
0 0.32578125 0.5390625 0.0328125 0.03125
67 0.86484375 0.4515625 0.1953125 0.065625
79 0.8390625 0.3046875 0.040625 0.053125
79 0.7765625 0.196875 0.0515625 0.084375
79 0.63046875 0.38984375 0.0296875 0.0484375
19 0.828125 0.48359375 0.0171875 0.025
19 0.85703125 0.475 0.115625 0.0453125
19 0.93046875 0.46953125 0.028125 0.03125
0 0.896875 0.44375 0.0171875 0.021875
79 0.95546875 0.39375 0.0234375 0.0296875
0 0.8984375 0.48984375 0.046875 0.0953125