33 0.7140625 0.484375 0.0484375 0.1125
52 0.70859375 0.6640625 0.1234375 0.065625
57 0.5796875 0.7890625 0.78125 0.421875
38 0.690625 0.4125 0.0296875 0.040625
38 0.66875 0.41484375 0.0234375 0.034375
65 0.15 0.1359375 0.2046875 0.1828125
69 0.1921875 0.4703125 0.3359375 0.128125
38 0.678125 0.41640625 0.021875 0.03125
38 0.68515625 0.39921875 0.0140625 0.01875
38 0.690625 0.4359375 0.021875 0.028125
52 0.53203125 0.65859375 0.140625 0.0625
71 0.89140625 0.815625 0.1328125 0.1109375
36 0.3578125 0.04921875 0.0421875 0.075
36 0.409375 0.06796875 0.0421875 0.0609375
36 0.36015625 0.225 0.0390625 0.040625
36 0.3859375 0.22890625 0.021875 0.01875
40 0.925 0.72421875 0.05 0.0546875
40 0.38671875 0.7 0.25625 0.1578125
40 0.61015625 0.41484375 0.0390625 0.03125
52 0.68828125 0.9625 0.2015625 0.075
52 0.846875 0.9671875 0.159375 0.065625
38 0.665625 0.46328125 0.025 0.028125