54 0.30859375 0.38671875 0.05625 0.0390625
52 0.3078125 0.615625 0.1359375 0.1671875
57 0.3640625 0.525 0.2328125 0.1203125
52 0.42734375 0.5640625 0.1171875 0.15
70 0.90390625 0.684375 0.1921875 0.56875
40 0.753125 0.54296875 0.0703125 0.0328125
19 0.14609375 0.50234375 0.0921875 0.18125
36 0.61328125 0.496875 0.028125 0.021875
36 0.809375 0.55390625 0.0375 0.034375
36 0.74375 0.50390625 0.0453125 0.021875
39 0.73671875 0.5390625 0.0109375 0.00625
69 0.7890625 0.5328125 0.1140625 0.025
71 0.0046875 0.3890625 0.009375 0.046875
71 0.06640625 0.38515625 0.0234375 0.040625
71 0.03046875 0.36484375 0.0328125 0.0875
71 0.015625 0.36171875 0.03125 0.1015625
71 0.01328125 0.36171875 0.0265625 0.1015625
40 0.84375 0.6578125 0.040625 0.05625