1 0.13203125 0.709375 0.2640625 0.159375
1 0.19453125 0.696875 0.234375 0.153125
0 0.60078125 0.69921875 0.0921875 0.19375
0 0.14921875 0.65 0.15625 0.2078125
0 0.5640625 0.6921875 0.0765625 0.171875
0 0.5140625 0.69140625 0.11875 0.19375
0 0.61875 0.3609375 0.090625 0.159375
20 0.53359375 0.64375 0.0171875 0.03125
79 0.7453125 0.54765625 0.0515625 0.065625
79 0.78203125 0.53046875 0.0640625 0.09375
17 0.1921875 0.61015625 0.0703125 0.0625
21 0.45859375 0.71953125 0.0671875 0.1
0 0.20703125 0.6453125 0.096875 0.1484375
21 0.6296875 0.76484375 0.046875 0.05
0 0.66875 0.69765625 0.0921875 0.196875