18 0.578125 0.37421875 0.6203125 0.278125
18 0.1953125 0.34921875 0.390625 0.1921875
18 0.2796875 0.27890625 0.14765625 0.0421875
0 0.403125 0.6625 0.375 0.646875
0 0.7109375 0.48125 0.140625 0.25625
0 0.1078125 0.70703125 0.20859375 0.5671875
0 0.9109375 0.475 0.10078125 0.2625
0 0.96953125 0.5171875 0.0609375 0.2109375
19 0.2109375 0.825 0.1453125 0.1859375
19 0.83359375 0.4765625 0.0328125 0.0328125
19 0.6171875 0.40390625 0.05625 0.0421875
0 0.78359375 0.45234375 0.09140625 0.184375
0 0.94453125 0.76796875 0.1109375 0.0703125
0 0.621875 0.47421875 0.10078125 0.2390625
18 0.74921875 0.35546875 0.15234375 0.028125
0 0.85390625 0.4265625 0.05625 0.034375
0 0.85 0.41015625 0.065625 0.0515625