18 0.3046875 0.11796875 0.35 0.2359375
18 0.4734375 0.42734375 0.2578125 0.259375
18 0.5328125 0.32265625 0.2 0.1203125
18 0.6875 0.16328125 0.409375 0.3015625
0 0.22265625 0.575 0.175 0.61875
0 0.72421875 0.5328125 0.1171875 0.121875
0 0.43515625 0.62109375 0.1734375 0.534375
0 0.5328125 0.68515625 0.1375 0.403125
0 0.63359375 0.53359375 0.0765625 0.165625
0 0.309375 0.571875 0.178125 0.6453125
0 0.60859375 0.60859375 0.1359375 0.2984375
19 0.346875 0.5296875 0.0640625 0.18125
64 0.36328125 0.2921875 0.0171875 0.040625
19 0.4265625 0.54921875 0.09375 0.2203125
19 0.24921875 0.48828125 0.1140625 0.2546875
52 0.8015625 0.728125 0.0703125 0.0890625
52 0.56953125 0.66953125 0.059375 0.1671875
17 0.2671875 0.5359375 0.0671875 0.1578125
12 0.959375 0.5390625 0.08125 0.34375