70 0.8359375 0.53671875 0.328125 0.90390625
65 0.53125 0.37421875 0.2265625 0.18125
66 0.25546875 0.6375 0.328125 0.43125
68 0.66640625 0.40703125 0.065625 0.10859375
72 0.303125 0.25859375 0.021875 0.0375
0 0.87734375 0.29140625 0.0328125 0.07109375
0 0.84140625 0.27734375 0.0265625 0.04609375
0 0.78359375 0.13359375 0.0328125 0.06484375
0 0.74375 0.25390625 0.0203125 0.05234375
0 0.72421875 0.23828125 0.01875 0.08125
0 0.75 0.23671875 0.028125 0.08359375
0 0.82578125 0.52890625 0.04375 0.05625