57 0.50078125 0.496875 0.9984375 0.9796875
0 0.72734375 0.43203125 0.5453125 0.8640625
36 0.6109375 0.2140625 0.16640625 0.17109375
38 0.4953125 0.47421875 0.11640625 0.04453125
38 0.2234375 0.94609375 0.05625 0.1078125
39 0.525 0.96640625 0.1015625 0.06640625
40 0.0703125 0.91796875 0.13984375 0.14921875
51 0.4609375 0.60078125 0.21015625 0.246875
51 0.734375 0.615625 0.1015625 0.1375
51 0.88671875 0.50859375 0.20859375 0.32421875
40 0.88046875 0.16796875 0.1484375 0.1265625
50 0.73203125 0.61875 0.103125 0.1421875