33 0.59375 0.74453125 0.028125 0.05859375
33 0.66328125 0.63046875 0.0171875 0.05390625
33 0.634375 0.62578125 0.015625 0.0421875
33 0.59375 0.6328125 0.0171875 0.046875
33 0.56640625 0.63046875 0.0140625 0.0375
69 0.703125 0.88203125 0.465625 0.22421875
19 0.11875 0.778125 0.1875 0.128125
76 0.71640625 0.4359375 0.01875 0.09140625
77 0.471875 0.79921875 0.0953125 0.0328125
33 0.4609375 0.73515625 0.03125 0.08203125
33 0.6375 0.74765625 0.0265625 0.0609375
33 0.53046875 0.740625 0.0171875 0.08203125
33 0.28359375 0.7234375 0.034375 0.10546875
33 0.246875 0.74453125 0.0234375 0.0703125