26 0.20546875 0.6359375 0.025 0.0234375
28 0.48515625 0.64375 0.021875 0.028125
29 0.58671875 0.65546875 0.03125 0.0578125
0 0.41796875 0.16171875 0.0703125 0.134375
0 0.6578125 0.75234375 0.171875 0.29375
0 0.7875 0.73828125 0.1671875 0.3375
0 0.45859375 0.13984375 0.1125 0.2484375
0 0.45234375 0.6984375 0.2140625 0.4390625
0 0.553125 0.14453125 0.1203125 0.2421875
0 0.65 0.1421875 0.0890625 0.228125
0 0.771875 0.16640625 0.11875 0.2703125
0 0.83046875 0.165625 0.0828125 0.2515625
0 0.321875 0.15390625 0.078125 0.125
0 0.2796875 0.1140625 0.10625 0.19375
0 0.92734375 0.09453125 0.0515625 0.09375
5 0.23671875 0.14609375 0.1296875 0.1390625
5 0.696875 0.2203125 0.05625 0.065625
0 0.15625 0.14140625 0.05625 0.159375
0 0.484375 0.190625 0.96875 0.38125