59 0.2109375 0.40703125 0.421875 0.8015625
60 0.765625 0.59765625 0.38125 0.175
71 0.72421875 0.25234375 0.0953125 0.3984375
71 0.6078125 0.246875 0.1078125 0.403125
71 0.74921875 0.2546875 0.084375 0.3828125
71 0.8640625 0.21015625 0.0578125 0.221875
71 0.66875 0.2421875 0.0953125 0.4234375
71 0.69765625 0.25390625 0.0921875 0.3984375
71 0.875 0.27734375 0.0734375 0.3359375
71 0.9359375 0.284375 0.0765625 0.3265625
71 0.63984375 0.2515625 0.103125 0.4109375
71 0.775 0.25546875 0.084375 0.3796875
71 0.79375 0.2703125 0.071875 0.3546875
71 0.91640625 0.28125 0.0734375 0.3359375
71 0.89375 0.2796875 0.0828125 0.3484375
71 0.796875 0.51640625 0.40625 0.9671875