9 0.784375 0.48515625 0.128125 0.3578125
9 0.8578125 0.46640625 0.0734375 0.2578125
9 0.6703125 0.509375 0.184375 0.434375
9 0.7015625 0.353125 0.0875 0.1109375
9 0.43828125 0.51484375 0.3421875 0.7375
9 0.22421875 0.50390625 0.278125 0.6484375
9 0.546875 0.32109375 0.059375 0.1109375
12 0.053125 0.55 0.10625 0.196875
0 0.88515625 0.61796875 0.1609375 0.44375
0 0.9828125 0.5 0.034375 0.125
0 0.14609375 0.54453125 0.090625 0.334375
0 0.84296875 0.334375 0.071875 0.1171875
0 0.8796875 0.33359375 0.04375 0.1171875
0 0.8625 0.28515625 0.0296875 0.0640625
0 0.91484375 0.3 0.0515625 0.0953125
0 0.07265625 0.425 0.0265625 0.0390625
0 0.87734375 0.2875 0.01875 0.0390625
17 0.10390625 0.46953125 0.0421875 0.1015625
20 0.88046875 0.325 0.009375 0.0375
20 0.8359375 0.32734375 0.0171875 0.040625
0 0.05390625 0.42265625 0.025 0.0390625
0 0.95 0.45546875 0.0140625 0.01875
0 0.99375 0.49765625 0.0125 0.0734375
0 0.10859375 0.534375 0.0609375 0.271875