0 0.1953125 0.5828125 0.1625 0.23125
0 0.3640625 0.634375 0.2515625 0.1125
0 0.85234375 0.67890625 0.128125 0.0828125
0 0.51796875 0.56015625 0.0484375 0.05625
25 0.3171875 0.88125 0.634375 0.2125
25 0.6625 0.6828125 0.6125 0.0921875
0 0.27265625 0.5375 0.059375 0.071875
0 0.36640625 0.5515625 0.0734375 0.09375
25 0.359375 0.5921875 0.0734375 0.01875
0 0.2265625 0.5078125 0.0203125 0.0109375
0 0.23984375 0.5640625 0.0234375 0.0203125
0 0.065625 0.51015625 0.0796875 0.0609375
0 0.04140625 0.5125 0.075 0.05