40 0.23359375 0.12578125 0.196875 0.0546875
40 0.22578125 0.2125 0.15078125 0.053125
66 0.79140625 0.74609375 0.4171875 0.4453125
71 0.25078125 0.8453125 0.02265625 0.0796875
71 0.228125 0.84609375 0.01640625 0.08125
0 0.03359375 0.490625 0.0609375 0.321875
33 0.934375 0.4796875 0.0484375 0.1078125
33 0.8796875 0.484375 0.0421875 0.0703125
33 0.9859375 0.50703125 0.028125 0.0859375
33 0.2375 0.746875 0.03984375 0.0890625
33 0.1703125 0.75546875 0.04375 0.096875
33 0.1640625 0.6390625 0.04375 0.1
33 0.20390625 0.76875 0.02734375 0.0609375
33 0.4515625 0.409375 0.03125 0.0375
33 0.9625 0.48984375 0.05 0.1046875
33 0.24921875 0.5875 0.04609375 0.05
40 0.228125 0.35546875 0.1609375 0.0828125
65 0.88125 0.32265625 0.2375 0.1921875
71 0.2859375 0.84375 0.02265625 0.0890625
71 0.26875 0.8421875 0.02109375 0.0875
71 0.1453125 0.86484375 0.01484375 0.0890625
71 0.18828125 0.85625 0.0421875 0.0953125
71 0.2125 0.853125 0.0125 0.0765625
33 0.19140625 0.53828125 0.05234375 0.0359375
33 0.428125 0.4078125 0.02734375 0.053125
33 0.26484375 0.64609375 0.0546875 0.0765625
33 0.3453125 0.315625 0.26796875 0.46875