78 0.2765625 0.44296875 0.265625 0.2828125
78 0.421875 0.41171875 0.265625 0.2640625
0 0.41328125 0.64453125 0.0328125 0.1015625
78 0.71953125 0.40234375 0.2125 0.240625
78 0.42109375 0.6765625 0.24375 0.2515625
78 0.1421875 0.2359375 0.2328125 0.1734375
0 0.5140625 0.4625 0.028125 0.1
0 0.47265625 0.3890625 0.0140625 0.028125
0 0.10625 0.40390625 0.0296875 0.059375
0 0.44140625 0.38203125 0.0265625 0.0453125
0 0.76015625 0.46015625 0.0453125 0.0828125
0 0.79453125 0.45390625 0.040625 0.0859375
52 0.1109375 0.43984375 0.0359375 0.0625
52 0.7859375 0.45625 0.034375 0.0765625
52 0.75078125 0.45859375 0.040625 0.0765625
0 0.42890625 0.36640625 0.01875 0.028125
0 0.3640625 0.4203125 0.025 0.059375
0 0.40703125 0.48046875 0.03125 0.0828125
0 0.50234375 0.3796875 0.0140625 0.0234375
52 0.11953125 0.4015625 0.0046875 0.0140625
78 0.58203125 0.4046875 0.2078125 0.290625
78 0.86015625 0.48203125 0.08125 0.046875