54 0.8734375 0.51875 0.08125 0.11640625
54 0.77109375 0.446875 0.1109375 0.13359375
54 0.94140625 0.34921875 0.0546875 0.07734375
54 0.89921875 0.36328125 0.025 0.06015625
54 0.50546875 0.59609375 0.04375 0.07109375
52 0.603125 0.63125 0.0984375 0.36015625
52 0.1140625 0.77109375 0.2234375 0.42734375
57 0.70078125 0.77890625 0.5921875 0.41015625
0 0.71875 0.49921875 0.2375 0.55859375
0 0.45703125 0.49375 0.5125 0.9875
0 0.11640625 0.48203125 0.2328125 0.30390625
0 0.03125 0.46015625 0.059375 0.25625
37 0.86796875 0.8125 0.1546875 0.15
37 0.93671875 0.56171875 0.0859375 0.01875
38 0.75625 0.88515625 0.278125 0.05234375
49 0.73515625 0.81484375 0.1640625 0.11640625
49 0.6828125 0.46953125 0.0703125 0.1125
0 0.17734375 0.334375 0.025 0.04375
8 0.85703125 0.60546875 0.0953125 0.06875
47 0.93671875 0.69609375 0.06875 0.04609375
47 0.83828125 0.69375 0.0484375 0.02890625
54 0.81875 0.365625 0.0421875 0.06875
54 0.978125 0.36171875 0.0421875 0.05859375
54 0.82578125 0.53359375 0.0546875 0.0875
54 0.8578125 0.365625 0.0375 0.06640625
57 0.04453125 0.59921875 0.0890625 0.01640625
38 0.93984375 0.57265625 0.0703125 0.00625
47 0.94375 0.70234375 0.0359375 0.01484375
47 0.9671875 0.61171875 0.040625 0.01875