24 0.734375 0.90546875 0.1078125 0.06015625
24 0.5734375 0.88359375 0.1 0.1375
24 0.83515625 0.665625 0.0703125 0.03125
24 0.43828125 0.646875 0.0203125 0.00859375
0 0.09140625 0.50078125 0.021875 0.0875
0 0.73203125 0.8125 0.0796875 0.18515625
0 0.4375 0.590625 0.040625 0.11640625
0 0.5859375 0.50546875 0.03125 0.0625
0 0.9203125 0.61796875 0.053125 0.15390625
0 0.6828125 0.58671875 0.040625 0.11640625
0 0.3640625 0.525 0.0234375 0.08515625
0 0.1875 0.5 0.025 0.11015625
0 0.5828125 0.734375 0.0921875 0.32734375
0 0.5390625 0.62421875 0.028125 0.12890625
0 0.446875 0.52421875 0.0296875 0.1125
0 0.4765625 0.52265625 0.0140625 0.08515625
17 0.56953125 0.66171875 0.0546875 0.1125
17 0.11953125 0.47109375 0.01875 0.02890625
17 0.60703125 0.546875 0.0234375 0.05234375
0 0.525 0.49140625 0.0140625 0.03125
0 0.4234375 0.503125 0.653125 0.18515625