12 0.0640625 0.70859375 0.05625 0.05703125
12 0.13984375 0.70078125 0.0765625 0.05390625
12 0.9203125 0.68828125 0.034375 0.07578125
12 0.89375 0.66640625 0.025 0.04765625
23 0.884375 0.7203125 0.015625 0.04453125
0 0.14609375 0.721875 0.021875 0.1359375
0 0.8453125 0.78359375 0.0453125 0.20234375
0 0.95546875 0.7234375 0.021875 0.1484375
0 0.88671875 0.68984375 0.021875 0.06953125
0 0.353125 0.721875 0.0234375 0.1421875
0 0.33984375 0.7203125 0.0203125 0.1390625
0 0.24765625 0.7296875 0.015625 0.1203125
0 0.0328125 0.71328125 0.0125 0.1046875
0 0.98984375 0.721875 0.0203125 0.16171875
79 0.59453125 0.32578125 0.06875 0.04140625
79 0.73046875 0.31796875 0.0703125 0.03828125
12 0.19609375 0.69453125 0.034375 0.03515625
12 0.28125 0.68203125 0.05625 0.04765625
12 0.1015625 0.70390625 0.03125 0.05703125
12 0.5546875 0.65703125 0.0234375 0.01875
45 0.1640625 0.66640625 0.0875 0.08828125
45 0.253125 0.6453125 0.06875 0.04765625
67 0.22421875 0.68203125 0.059375 0.04765625
67 0.078125 0.6515625 0.078125 0.06015625
17 0.01953125 0.70078125 0.0125 0.04453125
18 0.03125 0.6140625 0.0625 0.05703125
0 0.0125 0.71171875 0.0171875 0.1203125
12 0.6109375 0.67578125 0.0359375 0.04140625
12 0.36953125 0.67578125 0.0296875 0.021875
79 0.92265625 0.54140625 0.0140625 0.07578125
2 0.91640625 0.7484375 0.009375 0.08203125
12 0.2296875 0.67421875 0.0484375 0.03515625
12 0.228125 0.68828125 0.021875 0.03515625
0 0.0234375 0.71640625 0.01875 0.1078125
1 0.84453125 0.86875 0.0171875 0.1171875