9 0.178125 0.65546875 0.35625 0.6609375
11 0.5078125 0.7484375 0.175 0.471875
11 0.39296875 0.67734375 0.1296875 0.2859375
11 0.86015625 0.7546875 0.13125 0.475
11 0.975 0.6921875 0.05 0.3421875
11 0.7765625 0.66953125 0.0625 0.315625
11 0.3640625 0.55390625 0.0796875 0.1
11 0.65234375 0.52421875 0.0734375 0.06875
11 0.6234375 0.4625 0.034375 0.0328125
11 0.64375 0.4859375 0.053125 0.0484375
11 0.75625 0.54765625 0.046875 0.1546875
0 0.246875 0.51015625 0.296875 0.815625
0 0.559375 0.40625 0.015625 0.028125
0 0.5953125 0.403125 0.0109375 0.01875
0 0.57734375 0.40546875 0.0109375 0.021875
11 0.51171875 0.48359375 0.0328125 0.0609375
11 0.66640625 0.70703125 0.178125 0.4171875
0 0.6640625 0.40703125 0.0125 0.021875
11 0.92109375 0.71875 0.084375 0.41875
11 0.69609375 0.54609375 0.5953125 0.2734375