12 0.05078125 0.67734375 0.059375 0.0609375
12 0.1265625 0.675 0.0796875 0.059375
12 0.90625 0.7171875 0.0390625 0.078125
12 0.88125 0.69375 0.028125 0.05
23 0.86796875 0.746875 0.01875 0.0453125
0 0.13125 0.696875 0.03125 0.1375
0 0.825 0.80703125 0.059375 0.2046875
0 0.9390625 0.7546875 0.0328125 0.15
0 0.87265625 0.71640625 0.0265625 0.0703125
0 0.33828125 0.7109375 0.0328125 0.14375
0 0.325 0.70859375 0.0296875 0.140625
0 0.23203125 0.71171875 0.0234375 0.121875
0 0.01875 0.68046875 0.0203125 0.1046875
0 0.9734375 0.75546875 0.03125 0.1625
79 0.60625 0.3328125 0.071875 0.046875
79 0.74296875 0.334375 0.0734375 0.04375
12 0.18359375 0.67265625 0.0375 0.0375
12 0.26875 0.66640625 0.059375 0.0515625
12 0.08828125 0.67578125 0.034375 0.059375
12 0.54375 0.66015625 0.025 0.0203125
45 0.153125 0.6421875 0.09375 0.09375
45 0.24375 0.628125 0.071875 0.0515625
67 0.2125 0.6625 0.0625 0.0515625
67 0.06875 0.621875 0.0828125 0.065625
17 0.00703125 0.66640625 0.0140625 0.0453125
18 0.028125 0.58046875 0.05625 0.0609375
0 0.00546875 0.6765625 0.0109375 0.121875
12 0.5984375 0.6828125 0.0390625 0.04375
12 0.3578125 0.66640625 0.03125 0.0234375
79 0.91875 0.57109375 0.01875 0.0765625
2 0.8984375 0.7765625 0.015625 0.0828125
12 0.21796875 0.6546875 0.05 0.0390625
12 0.215625 0.66875 0.025 0.0359375
0 0.0109375 0.6828125 0.021875 0.109375
1 0.81796875 0.8921875 0.025 0.11875