39 0.290625 0.23359375 0.578125 0.228125
46 0.815625 0.70703125 0.0953125 0.115625
47 0.45546875 0.559375 0.0671875 0.065625
47 0.66953125 0.43828125 0.0640625 0.065625
47 0.36171875 0.5875 0.0890625 0.059375
40 0.60859375 0.49609375 0.778125 0.990625
47 0.34453125 0.51875 0.046875 0.08125
47 0.6015625 0.56953125 0.0578125 0.06875
47 0.6921875 0.36640625 0.0203125 0.0375
47 0.4375 0.753125 0.0359375 0.109375
46 0.87734375 0.2875 0.0625 0.115625
47 0.55234375 0.85625 0.05 0.046875
47 0.49375 0.64140625 0.025 0.040625