12 0.18515625 0.74921875 0.125 0.11875
45 0.83046875 0.71953125 0.2859375 0.1625
19 0.1671875 0.7421875 0.015625 0.059375
19 0.0359375 0.753125 0.0359375 0.090625
19 0.05859375 0.76015625 0.0109375 0.0328125
0 0.60625 0.74921875 0.01875 0.0546875
0 0.08125 0.7765625 0.0609375 0.1890625
0 0.2015625 0.77421875 0.0578125 0.1765625
0 0.26953125 0.80234375 0.084375 0.2578125
0 0.3234375 0.7625 0.0359375 0.121875
0 0.3609375 0.75859375 0.0359375 0.13125
0 0.378125 0.734375 0.015625 0.06875
0 0.15078125 0.7765625 0.046875 0.16875
0 0.39296875 0.77734375 0.0484375 0.1546875
0 0.340625 0.75390625 0.025 0.103125
19 0.090625 0.784375 0.0203125 0.0359375
0 0.028125 0.80234375 0.05625 0.2734375
19 0.2125 0.73671875 0.021875 0.05
0 0.29921875 0.753125 0.0296875 0.11875
0 0.25234375 0.728125 0.028125 0.0890625
3 0.82890625 0.6046875 0.0140625 0.028125
0 0.30703125 0.75390625 0.0203125 0.1046875