11 0.74765625 0.5828125 0.078125 0.1625
18 0.83984375 0.4390625 0.0390625 0.0171875
18 0.89609375 0.4234375 0.025 0.01875
18 0.94375 0.4328125 0.0375 0.01875
18 0.83515625 0.4171875 0.03125 0.0140625
18 0.98828125 0.4296875 0.0234375 0.01875
18 0.921875 0.42109375 0.0359375 0.025
0 0.3171875 0.53359375 0.0875 0.2171875
0 0.39375 0.51875 0.0453125 0.109375
0 0.61328125 0.4875 0.040625 0.1171875
0 0.425 0.45234375 0.021875 0.065625
0 0.50703125 0.453125 0.0234375 0.0734375
0 0.5515625 0.44296875 0.0140625 0.04375
0 0.5203125 0.45234375 0.0265625 0.06875
0 0.47890625 0.43125 0.0140625 0.040625
0 0.41484375 0.4609375 0.0484375 0.0828125
0 0.3 0.4125 0.0140625 0.0359375
26 0.26171875 0.5484375 0.009375 0.0109375
0 0.3703125 0.4234375 0.0203125 0.04375
0 0.440625 0.45234375 0.021875 0.0734375
18 0.8640625 0.421875 0.021875 0.0125
18 0.56953125 0.403125 0.0234375 0.0171875
18 0.5515625 0.40078125 0.01875 0.015625
18 0.83359375 0.4328125 0.0421875 0.0234375
18 0.9296875 0.4375 0.0375 0.0171875
52 0.9359375 0.48671875 0.0390625 0.0359375
0 0.246875 0.38359375 0.0078125 0.015625
18 0.7671875 0.4234375 0.1578125 0.1234375
0 0.50859375 0.453125 0.740625 0.228125