26 0.61171875 0.36953125 0.034375 0.0421875
0 0.2625 0.6015625 0.39375 0.609375
0 0.565625 0.63046875 0.1765625 0.35
0 0.425 0.6265625 0.20625 0.371875
0 0.9046875 0.59765625 0.190625 0.5203125
0 0.0703125 0.665625 0.140625 0.3125
0 0.03203125 0.68125 0.0640625 0.296875
28 0.4453125 0.3875 0.1578125 0.1171875
28 0.76015625 0.65234375 0.05 0.2390625
28 0.746875 0.6515625 0.0515625 0.2328125
0 0.04765625 0.44609375 0.0953125 0.3921875
0 0.09375 0.47265625 0.175 0.4875
0 0.03828125 0.31796875 0.0515625 0.128125
28 0.734375 0.65390625 0.0578125 0.2484375
28 0.77734375 0.65234375 0.05625 0.2265625
28 0.721875 0.64921875 0.059375 0.24375
28 0.74296875 0.71953125 0.065625 0.1890625
5 0.64765625 0.74453125 0.13125 0.14375
29 0.65234375 0.675 0.059375 0.0359375