0 0.18671875 0.15703125 0.078125 0.1453125
0 0.29765625 0.140625 0.0953125 0.14375
67 0.4984375 0.11484375 0.215625 0.146875
41 0.18046875 0.6234375 0.1375 0.3609375
41 0.27734375 0.60859375 0.15625 0.3078125
41 0.67421875 0.7796875 0.3875 0.4171875
41 0.46640625 0.58984375 0.253125 0.3859375
41 0.55234375 0.475 0.1890625 0.309375
41 0.778125 0.59921875 0.2578125 0.40625
41 0.79921875 0.484375 0.0890625 0.1890625
41 0.09609375 0.6234375 0.1921875 0.396875
41 0.33984375 0.60546875 0.1546875 0.2921875
41 0.36953125 0.621875 0.2734375 0.43125
41 0.8515625 0.5828125 0.2890625 0.4015625
12 0.23515625 0.15 0.04375 0.0484375
12 0.48046875 0.12265625 0.2328125 0.1578125
41 0.909375 0.5609375 0.18125 0.278125
41 0.3640625 0.83671875 0.375 0.3265625
0 0.7359375 0.10546875 0.334375 0.2109375
41 0.5 0.378125 1 0.75625