1 0.8546875 0.73359375 0.0421875 0.084375
1 0.94453125 0.74765625 0.0796875 0.0890625
1 0.80546875 0.72265625 0.0421875 0.0921875
1 0.71875 0.71953125 0.040625 0.078125
1 0.75390625 0.72109375 0.0359375 0.0765625
45 0.48828125 0.62890625 0.5125 0.496875
0 0.6234375 0.596875 0.059375 0.0765625
5 0.953125 0.77578125 0.0546875 0.046875
5 0.75390625 0.74296875 0.06875 0.059375
1 0.9171875 0.734375 0.0484375 0.0875
1 0.87578125 0.7328125 0.034375 0.09375
1 0.76953125 0.71328125 0.0296875 0.0484375
5 0.08515625 0.71953125 0.0171875 0.0328125
5 0.01015625 0.715625 0.0203125 0.04375