23 0.31875 0.57890625 0.1140625 0.2171875
23 0.59140625 0.553125 0.140625 0.2015625
23 0.42734375 0.59375 0.0734375 0.1203125
23 0.52109375 0.58671875 0.06875 0.10625
0 0.78671875 0.40078125 0.4265625 0.6140625
0 0.1625 0.5265625 0.3 0.509375
0 0.57890625 0.53359375 0.15 0.2390625
0 0.3375 0.57578125 0.1015625 0.2171875
0 0.48828125 0.59140625 0.053125 0.0984375
0 0.44140625 0.56640625 0.025 0.04375
12 0.46171875 0.609375 0.053125 0.075
23 0.4875 0.6 0.0296875 0.0703125
0 0.4109375 0.5484375 0.05625 0.0484375
0 0.51171875 0.53046875 0.0390625 0.0515625
23 0.16640625 0.53359375 0.31875 0.525
23 0.8046875 0.43671875 0.3640625 0.60625