0 0.859375 0.503125 0.278125 0.57109375
0 0.60703125 0.44296875 0.221875 0.51015625
0 0.3609375 0.4546875 0.253125 0.49453125
39 0.40390625 0.71875 0.028125 0.0890625
39 0.83125 0.86171875 0.1515625 0.0328125
39 0.6328125 0.86171875 0.159375 0.03984375
39 0.70078125 0.90625 0.10625 0.12421875
0 0.1484375 0.24453125 0.078125 0.04921875
36 0.7875 0.77890625 0.0625 0.08203125
37 0.55546875 0.92890625 0.15 0.01875
40 0.6171875 0.7484375 0.084375 0.08203125
40 0.053125 0.9421875 0.10625 0.115625
40 0.71953125 0.80703125 0.078125 0.05859375
52 0.0484375 0.51953125 0.096875 0.11015625
52 0.73125 0.46640625 0.096875 0.09375
52 0.696875 0.41484375 0.0265625 0.01875
52 0.78828125 0.41796875 0.0234375 0.028125
52 0.7734375 0.4125 0.015625 0.0328125
57 0.49921875 0.83515625 0.9984375 0.28828125
73 0.9625 0.440625 0.021875 0.03515625
0 0.13515625 0.565625 0.2640625 0.58984375
0 0.4828125 0.32890625 0.1375 0.32578125
40 0.75703125 0.94375 0.246875 0.1125
40 0.95390625 0.91328125 0.0921875 0.12421875
52 0.75625 0.41015625 0.01875 0.028125
36 0.065625 0.86640625 0.0890625 0.075