0 0.43671875 0.41328125 0.0609375 0.13125
0 0.0765625 0.41484375 0.0453125 0.1140625
0 0.6328125 0.50703125 0.0546875 0.1078125
0 0.296875 0.47578125 0.053125 0.209375
13 0.4671875 0.646875 0.1640625 0.359375
13 0.31953125 0.634375 0.1828125 0.325
13 0.1328125 0.63828125 0.265625 0.3640625
13 0.8265625 0.65546875 0.1703125 0.58125
13 0.68984375 0.63671875 0.0890625 0.246875
13 0.6046875 0.6625 0.1734375 0.25625
0 0.6984375 0.51640625 0.0484375 0.13125
0 0.321875 0.44453125 0.0359375 0.078125
0 0.81953125 0.2953125 0.103125 0.1671875
0 0.18828125 0.4640625 0.0578125 0.1578125