33 0.4671875 0.140625 0.05625 0.1859375
36 0.60625 0.25390625 0.1390625 0.2890625
36 0.8140625 0.28984375 0.1796875 0.321875
36 0.95 0.35 0.1 0.36875
36 0.72109375 0.26171875 0.090625 0.2734375
38 0.6828125 0.74375 0.584375 0.1625
39 0.64921875 0.8265625 0.6296875 0.1671875
49 0.5109375 0.525 0.94375 0.41875
0 0.13046875 0.21171875 0.2359375 0.4234375
0 0.25546875 0.11953125 0.3328125 0.2390625
0 0.834375 0.10234375 0.33125 0.1671875
36 0.5265625 0.19453125 0.0671875 0.1328125
49 0.3796875 0.27890625 0.3765625 0.1328125
57 0.5 0.50390625 1 0.9921875