9 0.18671875 0.62734375 0.3734375 0.6890625
11 0.48671875 0.7484375 0.215625 0.484375
11 0.378125 0.6671875 0.1546875 0.2953125
11 0.8359375 0.77109375 0.171875 0.4578125
11 0.95625 0.7328125 0.0796875 0.3453125
11 0.7609375 0.69296875 0.0890625 0.31875
11 0.359375 0.5421875 0.0875 0.10625
11 0.65 0.5375 0.078125 0.075
11 0.62578125 0.4734375 0.0375 0.0359375
11 0.64453125 0.4984375 0.05625 0.0515625
11 0.75078125 0.56953125 0.059375 0.1578125
0 0.246875 0.48828125 0.365625 0.8359375
0 0.5671875 0.41171875 0.01875 0.0296875
0 0.60390625 0.41171875 0.0125 0.0203125
0 0.58515625 0.4125 0.0125 0.021875
11 0.51328125 0.48515625 0.0375 0.0640625
11 0.6484375 0.7203125 0.2125 0.4296875
0 0.671875 0.42109375 0.0140625 0.021875
11 0.90078125 0.7546875 0.1203125 0.4234375
11 0.69140625 0.56328125 0.6140625 0.3234375