64 0.134375 0.9015625 0.065625 0.040625
60 0.11484375 0.7640625 0.2296875 0.278125
71 0.66015625 0.259375 0.04375 0.1515625
71 0.55390625 0.24375 0.0328125 0.1453125
71 0.6078125 0.2546875 0.0359375 0.1421875
71 0.58828125 0.25078125 0.0328125 0.14375
71 0.6890625 0.26171875 0.03125 0.140625
71 0.6453125 0.2578125 0.034375 0.146875
71 0.67578125 0.26328125 0.0390625 0.1484375
71 0.51953125 0.25390625 0.0296875 0.121875
71 0.9296875 0.3015625 0.140625 0.175
71 0.61875 0.25703125 0.0328125 0.140625
71 0.528125 0.25546875 0.0234375 0.115625
55 0.6296875 0.853125 0.578125 0.29375
62 0.53828125 0.9625 0.0953125 0.0453125
71 0.6375 0.25625 0.0296875 0.14375