12 0.0921875 0.89296875 0.184375 0.15625
12 0.86796875 0.7765625 0.2640625 0.446875
45 0.34765625 0.7859375 0.6921875 0.421875
45 0.74296875 0.84765625 0.10390625 0.19609375
0 0.20625 0.740625 0.0421875 0.0875
72 0.4921875 0.22734375 0.028125 0.0421875
0 0.390625 0.73359375 0.04765625 0.09375
0 0.121875 0.73671875 0.0578125 0.06953125
0 0.478125 0.784375 0.05234375 0.22578125
0 0.04375 0.72421875 0.05625 0.0875
12 0.1703125 0.97734375 0.33984375 0.0453125
0 0.24296875 0.8265625 0.03984375 0.0875
0 0.6421875 0.76953125 0.0421875 0.0328125
0 0.42421875 0.76171875 0.021875 0.0421875