39 0.684375 0.3359375 0.63125 0.671875
40 0.5 0.5 1 1
47 0.2265625 0.71953125 0.290625 0.225
47 0.59375 0.790625 0.340625 0.2546875
47 0.509375 0.6171875 0.1609375 0.096875
47 0.753125 0.4984375 0.171875 0.278125
47 0.8609375 0.80859375 0.24375 0.2984375
47 0.16875 0.39375 0.175 0.25
47 0.31640625 0.51953125 0.2609375 0.2484375
47 0.2546875 0.86640625 0.2078125 0.121875
47 0.69765625 0.72734375 0.08125 0.071875
47 0.44375 0.8984375 0.1 0.115625
47 0.0328125 0.6234375 0.065625 0.1625
47 0.3703125 0.621875 0.1328125 0.08125
47 0.8203125 0.590625 0.1046875 0.209375
47 0.52421875 0.88984375 0.4703125 0.196875