33 0.35625 0.67265625 0.046875 0.1421875
33 0.4765625 0.715625 0.025 0.0265625
53 0.58203125 0.85 0.5921875 0.3
56 0.08125 0.359375 0.1625 0.659375
0 0.8484375 0.2015625 0.1625 0.403125
0 0.4625 0.471875 0.2984375 0.553125
0 0.340625 0.2828125 0.0875 0.1765625
0 0.16953125 0.2484375 0.090625 0.1546875
5 0.3125 0.553125 0.2046875 0.1828125
35 0.4046875 0.403125 0.0421875 0.0953125
19 0.45703125 0.60078125 0.0875 0.0703125
5 0.19921875 0.32578125 0.13125 0.228125
0 0.146875 0.1953125 0.0375 0.0625
0 0.159375 0.13984375 0.040625 0.065625
0 0.39296875 0.3890625 0.109375 0.1453125
0 0.28046875 0.371875 0.13125 0.2171875
56 0.55390625 0.21484375 0.8765625 0.4296875
5 0.64296875 0.52109375 0.146875 0.4015625
19 0.30390625 0.434375 0.0609375 0.0734375
0 0.21796875 0.24453125 0.05 0.16875