1 0.3328125 0.61875 0.2828125 0.73359375
1 0.79140625 0.39375 0.040625 0.11640625
0 0.9234375 0.34609375 0.0265625 0.08125
0 0.65625 0.353125 0.0078125 0.03125
12 0.75859375 0.35234375 0.028125 0.02265625
12 0.32890625 0.35546875 0.215625 0.14609375
67 0.47734375 0.34375 0.1328125 0.19140625
4 0.31796875 0.16640625 0.065625 0.28359375
4 0.25859375 0.15078125 0.0953125 0.28984375
4 0.77734375 0.31953125 0.0203125 0.05
67 0.8171875 0.334375 0.0515625 0.08359375
79 0.71640625 0.30390625 0.0078125 0.01640625
4 0.19765625 0.35546875 0.009375 0.02890625
4 0.55859375 0.346875 0.0125 0.05859375
0 0.64609375 0.353125 0.0109375 0.03359375
0 0.47421875 0.30546875 0.0171875 0.02109375
0 0.60390625 0.35078125 0.009375 0.04375
79 0.909375 0.30546875 0.00625 0.01875
12 0.8828125 0.35390625 0.0140625 0.01484375
12 0.8875 0.34453125 0.025 0.02890625