70 0.1359375 0.47421875 0.0359375 0.39375
52 0.52265625 0.7328125 0.078125 0.5140625
65 0.55234375 0.3625 0.1265625 0.16875
68 0.45625 0.52421875 0.025 0.04375
36 0.33984375 0.52890625 0.015625 0.0421875
36 0.32578125 0.540625 0.0109375 0.01875
36 0.3125 0.53046875 0.01875 0.040625
69 0.209375 0.54296875 0.096875 0.0125
71 0.5625 0.1296875 0.0390625 0.059375
36 0.3125 0.5 0.0171875 0.00625
36 0.3140625 0.46171875 0.0203125 0.0046875
36 0.3125 0.4859375 0.0171875 0.00625
36 0.3125 0.48046875 0.0171875 0.00625
36 0.3140625 0.4671875 0.0171875 0.00625
52 0.7828125 0.51640625 0.0734375 0.071875
52 0.47734375 0.7171875 0.0515625 0.478125
52 0.6953125 0.5265625 0.0484375 0.065625
66 0.51796875 0.675 0.1765625 0.4109375
57 0.73046875 0.7765625 0.3953125 0.446875