52 0.13671875 0.60703125 0.0796875 0.178125
52 0.74921875 0.96171875 0.1046875 0.0625
0 0.56328125 0.6953125 0.125 0.3046875
0 0.7578125 0.6890625 0.14375 0.1546875
0 0.259375 0.46328125 0.0625 0.15625
0 0.321875 0.3953125 0.0921875 0.128125
73 0.66484375 0.28828125 0.0140625 0.053125
73 0.621875 0.29296875 0.015625 0.040625
0 0.621875 0.85078125 0.0546875 0.1875
0 0.44765625 0.62578125 0.05 0.1859375
0 0.6546875 0.71015625 0.084375 0.1578125
52 0.1953125 0.28046875 0.075 0.196875
52 0.21484375 0.2171875 0.0375 0.1390625
52 0.28046875 0.23984375 0.0640625 0.1640625
60 0.496875 0.34140625 0.0375 0.0359375
0 0.69140625 0.878125 0.1828125 0.2296875
0 0.20625 0.56484375 0.1421875 0.359375
0 0.16484375 0.425 0.0375 0.0734375
52 0.35 0.409375 0.05 0.1
52 0.23203125 0.2890625 0.0109375 0.0265625
52 0.1390625 0.26484375 0.0390625 0.0765625
57 0.1640625 0.26640625 0.1 0.203125
63 0.13515625 0.99140625 0.0359375 0.0171875
0 0.35703125 0.79453125 0.2140625 0.1828125
73 0.5890625 0.278125 0.0046875 0.021875