26 0.40390625 0.2203125 0.0609375 0.08125
0 0.25546875 0.46796875 0.2796875 0.7609375
0 0.35078125 0.646875 0.19375 0.5875
0 0.415625 0.5515625 0.2453125 0.5703125
23 0.49765625 0.65 0.0578125 0.0625
0 0.24296875 0.63125 0.05 0.128125
0 0.16328125 0.6390625 0.0453125 0.0859375
0 0.775 0.6359375 0.1390625 0.375
0 0.1125 0.615625 0.015625 0.021875
0 0.68828125 0.6296875 0.153125 0.359375
0 0.79765625 0.63203125 0.01875 0.04375
5 0.0859375 0.6609375 0.04375 0.046875
5 0.1390625 0.65 0.01875 0.0109375
17 0.24453125 0.60859375 0.0203125 0.0421875
0 0.06796875 0.6265625 0.0234375 0.0390625
0 0.1296875 0.64140625 0.0296875 0.071875
0 0.9109375 0.63984375 0.0109375 0.0265625
5 0.115625 0.64921875 0.0203125 0.009375
5 0.034375 0.65234375 0.03125 0.0390625
5 0.1453125 0.64609375 0.0265625 0.0265625
0 0.23203125 0.5875 0.0125 0.03125
0 0.44140625 0.63671875 0.8828125 0.3234375