12 0.525 0.50625 0.603125 0.3359375
23 0.603125 0.44453125 0.0921875 0.0984375
0 0.85859375 0.62421875 0.209375 0.6390625
0 0.1375 0.67265625 0.2015625 0.5265625
0 0.63671875 0.44453125 0.05 0.1171875
18 0.1421875 0.39453125 0.2578125 0.08125
18 0.6484375 0.37890625 0.0609375 0.025
79 0.24140625 0.14375 0.034375 0.06875
19 0.23671875 0.621875 0.0796875 0.128125
19 0.8890625 0.8328125 0.0984375 0.25
18 0.57109375 0.38671875 0.0640625 0.021875
19 0.0765625 0.57421875 0.05 0.1375
12 0.03984375 0.44375 0.0421875 0.034375
67 0.15859375 0.41015625 0.18125 0.1765625
67 0.02578125 0.41328125 0.0515625 0.0796875
18 0.4671875 0.3828125 0.0625 0.034375
12 0.95859375 0.434375 0.0828125 0.140625
0 0.5765625 0.42890625 0.0484375 0.071875