18 0.72890625 0.08828125 0.115625 0.05234375
0 0.41015625 0.4734375 0.2625 0.92578125
0 0.5421875 0.178125 0.0359375 0.05703125
0 0.9671875 0.17578125 0.01875 0.11953125
0 0.884375 0.19453125 0.021875 0.0453125
0 0.16328125 0.0796875 0.0265625 0.13125
0 0.5203125 0.1609375 0.025 0.08828125
0 0.36875 0.140625 0.01875 0.05
0 0.2671875 0.13125 0.01875 0.03359375
30 0.328125 0.82421875 0.1078125 0.14296875
1 0.58046875 0.196875 0.0375 0.0453125
1 0.62890625 0.20078125 0.0390625 0.05703125
0 0.2515625 0.13515625 0.0125 0.02421875
18 0.2046875 0.096875 0.0609375 0.0359375
0 0.915625 0.20859375 0.0296875 0.05
0 0.321875 0.13125 0.021875 0.06171875
0 0.53671875 0.146875 0.015625 0.05703125
0 0.396875 0.14765625 0.025 0.04765625
0 0.4390625 0.153125 0.30625 0.0859375