1 0.83359375 0.34921875 0.2390625 0.1234375
1 0.31953125 0.2328125 0.1390625 0.0625
23 0.50703125 0.3640625 0.4296875 0.2296875
23 0.24765625 0.396875 0.3015625 0.296875
23 0.3421875 0.22734375 0.1046875 0.046875
0 0.18203125 0.196875 0.0671875 0.1
0 0.6390625 0.25546875 0.05625 0.0828125
0 0.3625 0.19140625 0.059375 0.0484375
0 0.5171875 0.22265625 0.0609375 0.084375
0 0.8203125 0.25859375 0.0453125 0.046875
18 0.8125 0.22421875 0.221875 0.125
18 0.62890625 0.18125 0.215625 0.090625
18 0.54140625 0.16796875 0.153125 0.0734375
18 0.46015625 0.16640625 0.1140625 0.05
0 0.33203125 0.1890625 0.0375 0.0296875
41 0.41484375 0.20703125 0.0234375 0.0234375
41 0.5546875 0.26875 0.0125 0.021875
41 0.40625 0.265625 0.065625 0.0515625
41 0.29609375 0.253125 0.0578125 0.0546875
41 0.55546875 0.240625 0.0125 0.021875
41 0.5328125 0.25078125 0.0234375 0.028125
41 0.55 0.22421875 0.0125 0.0234375
44 0.84296875 0.3265625 0.0625 0.05625
44 0.896875 0.54609375 0.071875 0.0484375
44 0.7703125 0.31484375 0.1984375 0.1265625
0 0.66875 0.24765625 0.0390625 0.0546875
12 0.27421875 0.18125 0.0859375 0.04375
12 0.21640625 0.18828125 0.10625 0.1
41 0.41015625 0.234375 0.0296875 0.0234375
41 0.43125 0.225 0.053125 0.0359375
41 0.45703125 0.303125 0.0640625 0.0375
44 0.74296875 0.52109375 0.140625 0.0953125
44 0.89765625 0.29765625 0.065625 0.04375
0 0.86171875 0.2734375 0.028125 0.0296875
0 0.11875 0.2203125 0.09375 0.1640625
12 0.4296875 0.20546875 0.125 0.053125
18 0.746875 0.22109375 0.1328125 0.0421875
41 0.4546875 0.27109375 0.046875 0.040625
18 0.91484375 0.18828125 0.071875 0.046875
18 0.95 0.221875 0.1 0.06875
41 0.47734375 0.24296875 0.03125 0.015625
0 0.7234375 0.23984375 0.05 0.0390625
41 0.56328125 0.2203125 0.009375 0.0171875
41 0.45390625 0.2421875 0.2875 0.1578125