0 0.11953125 0.82578125 0.0515625 0.0921875
0 0.20234375 0.83984375 0.0546875 0.084375
0 0.46875 0.89140625 0.0171875 0.015625
0 0.628125 0.9015625 0.015625 0.028125
0 0.6765625 0.9078125 0.0125 0.021875
0 0.39765625 0.878125 0.0203125 0.0296875
0 0.65 0.903125 0.015625 0.0234375
0 0.603125 0.89921875 0.015625 0.0234375
0 0.42421875 0.8875 0.0203125 0.015625
27 0.73515625 0.27734375 0.11875 0.0734375
27 0.95 0.1984375 0.1 0.10625
0 0.615625 0.89921875 0.0125 0.01875
0 0.4 0.88125 0.0125 0.0234375
0 0.41484375 0.88515625 0.0125 0.01875