0 0.846875 0.640625 0.1359375 0.57734375
0 0.02421875 0.58125 0.0484375 0.44140625
0 0.4546875 0.49453125 0.0375 0.13515625
0 0.3390625 0.48359375 0.0296875 0.12109375
0 0.6203125 0.52578125 0.0578125 0.23359375
0 0.48671875 0.5 0.034375 0.12734375
0 0.30390625 0.465625 0.0125 0.06484375
0 0.3671875 0.46953125 0.021875 0.07265625
56 0.653125 0.50859375 0.69375 0.5875
17 0.8359375 0.55 0.109375 0.21640625
17 0.54140625 0.48984375 0.0421875 0.10234375
17 0.4484375 0.48828125 0.021875 0.03984375
19 0.48359375 0.478125 0.025 0.04765625
19 0.41328125 0.46484375 0.0125 0.03125
19 0.6265625 0.50859375 0.034375 0.04609375
21 0.5921875 0.57890625 0.0546875 0.14140625
56 0.04921875 0.44609375 0.06875 0.09609375
17 0.4171875 0.465625 0.0203125 0.02890625
19 0.65078125 0.5 0.028125 0.03125
21 0.3328125 0.52734375 0.0296875 0.03125
0 0.42109375 0.475 0.0140625 0.1
0 0.55 0.5125 0.0421875 0.20625
0 0.64921875 0.53125 0.040625 0.17734375
0 0.57265625 0.5375 0.065625 0.26015625
19 0.328125 0.46796875 0.0140625 0.02734375
19 0.00625 0.54453125 0.0125 0.09140625
0 0.5 0.53125 0.4 0.20390625