33 0.60625 0.5 0.025 0.0875
28 0.6640625 0.24375 0.0765625 0.37890625
28 0.11796875 0.575 0.0265625 0.30234375
28 0.090625 0.55390625 0.04375 0.1625
29 0.30546875 0.59140625 0.084375 0.11484375
0 0.2484375 0.66328125 0.2171875 0.4375
0 0.4875 0.43828125 0.1359375 0.57265625
0 0.75 0.525 0.253125 0.70859375
5 0.77109375 0.61171875 0.4375 0.18125
5 0.36953125 0.53828125 0.0359375 0.01640625
33 0.91796875 0.67265625 0.0296875 0.07890625
0 0.59140625 0.328125 0.1546875 0.64765625
0 0.9828125 0.47578125 0.034375 0.46484375
0 0.0875 0.45625 0.0671875 0.52890625
0 0.0640625 0.40546875 0.128125 0.70859375
0 0.828125 0.29140625 0.1265625 0.48125
0 0.43828125 0.615625 0.209375 0.22890625
0 0.68046875 0.45234375 0.1015625 0.525