59 0.83046875 0.46328125 0.3390625 0.5640625
59 0.653125 0.303125 0.1734375 0.2359375
59 0.53203125 0.26953125 0.1390625 0.1828125
52 0.09765625 0.83984375 0.1734375 0.3203125
52 0.39921875 0.5890625 0.2265625 0.2453125
0 0.4484375 0.559375 0.846875 0.88125
0 0.49921875 0.47890625 0.4265625 0.5328125
61 0.80546875 0.7734375 0.0828125 0.0734375
61 0.66953125 0.45625 0.053125 0.03125
63 0.625 0.85078125 0.2390625 0.296875
33 0.50703125 0.31328125 0.0296875 0.1140625
63 0.6234375 0.51484375 0.0671875 0.0703125
63 0.43984375 0.39453125 0.040625 0.0359375
52 0.29375 0.4 0.05625 0.15625
61 0.47890625 0.35859375 0.03125 0.0234375
0 0.42890625 0.31875 0.1421875 0.296875
0 0.415625 0.275 0.0296875 0.140625