59 0.1140625 0.47578125 0.10625 0.115625
59 0.8859375 0.5125 0.2234375 0.328125
59 0.546875 0.30625 0.0609375 0.065625
64 0.8640625 0.91015625 0.1140625 0.065625
52 0.584375 0.80078125 0.1296875 0.390625
52 0.4921875 0.70234375 0.084375 0.278125
52 0.2625 0.709375 0.1671875 0.309375
0 0.59765625 0.55625 0.1421875 0.340625
60 0.89453125 0.68125 0.209375 0.259375
61 0.91796875 0.82109375 0.1171875 0.05625
63 0.13203125 0.546875 0.0953125 0.025
59 0.7609375 0.49609375 0.05625 0.13125
61 0.18359375 0.54375 0.015625 0.015625
36 0.7765625 0.846875 0.1078125 0.184375
36 0.04921875 0.53828125 0.025 0.053125
62 0.865625 0.909375 0.115625 0.065625