0 0.24453125 0.1125 0.0578125 0.1375
0 0.35625 0.11328125 0.075 0.134375
67 0.55859375 0.11953125 0.2 0.115625
41 0.16484375 0.571875 0.0828125 0.353125
41 0.26328125 0.57265625 0.1109375 0.29375
41 0.628125 0.803125 0.334375 0.36875
41 0.453125 0.58359375 0.2 0.359375
41 0.55546875 0.48359375 0.1453125 0.290625
41 0.759375 0.64140625 0.2015625 0.378125
41 0.79765625 0.53125 0.0609375 0.18125
41 0.075 0.55859375 0.1484375 0.378125
41 0.325 0.57890625 0.1125 0.278125
41 0.35234375 0.6 0.2125 0.403125
41 0.834375 0.63671875 0.234375 0.36875
12 0.29296875 0.1125 0.0375 0.04375
12 0.53984375 0.12421875 0.215625 0.125
41 0.91171875 0.62734375 0.1765625 0.253125
41 0.309375 0.8359375 0.328125 0.328125
0 0.80078125 0.115625 0.3015625 0.23125
41 0.49921875 0.34140625 0.9984375 0.678125