0 0.86484375 0.584375 0.225 0.5921875
0 0.05078125 0.6546875 0.1015625 0.44375
0 0.4546875 0.5015625 0.0578125 0.1390625
0 0.33828125 0.50859375 0.0484375 0.125
0 0.62265625 0.50703125 0.09375 0.2390625
0 0.48671875 0.50234375 0.053125 0.13125
0 0.30078125 0.496875 0.021875 0.065625
0 0.3640625 0.490625 0.0328125 0.075
56 0.63203125 0.48359375 0.7359375 0.6890625
17 0.83984375 0.496875 0.1421875 0.23125
17 0.5390625 0.48359375 0.0578125 0.1078125
17 0.446875 0.496875 0.028125 0.0421875
19 0.48046875 0.48125 0.0328125 0.0515625
19 0.40859375 0.47890625 0.0171875 0.0328125
19 0.6265625 0.4890625 0.040625 0.0515625
21 0.603125 0.56328125 0.0765625 0.1484375
56 0.04609375 0.5171875 0.0828125 0.10625
17 0.4125 0.47890625 0.025 0.03125
19 0.64921875 0.4765625 0.0328125 0.0359375
21 0.3390625 0.553125 0.034375 0.0359375
0 0.41796875 0.4875 0.0296875 0.1015625
0 0.5515625 0.5046875 0.0734375 0.2109375
0 0.65234375 0.5078125 0.0671875 0.18125
0 0.57734375 0.52578125 0.10625 0.2671875
19 0.325 0.4953125 0.01875 0.0296875
19 0.01953125 0.62109375 0.0265625 0.0921875
0 0.5046875 0.53125 0.4265625 0.2640625