1 0.29765625 0.53984375 0.0328125 0.1
12 0.65625 0.50625 0.1671875 0.2
12 0.56015625 0.496875 0.078125 0.1296875
0 0.4265625 0.48828125 0.2328125 0.3984375
0 0.109375 0.50625 0.0546875 0.1734375
0 0.75078125 0.50078125 0.0390625 0.1375
0 0.771875 0.51171875 0.021875 0.09375
30 0.415625 0.6546875 0.1203125 0.0421875
19 0.8125 0.52109375 0.03125 0.0640625
19 0.11484375 0.50390625 0.034375 0.090625
0 0.82734375 0.52890625 0.059375 0.2265625
67 0.6609375 0.80625 0.4953125 0.36875
0 0.7921875 0.51484375 0.03125 0.10625