39 0.51015625 0.3203125 0.5515625 0.2953125
47 0.3640625 0.546875 0.1125 0.0890625
40 0.509375 0.5296875 0.715625 0.509375
47 0.546875 0.68359375 0.1078125 0.059375
47 0.74140625 0.640625 0.0765625 0.0734375
47 0.734375 0.5015625 0.065625 0.0375
47 0.80546875 0.5140625 0.0703125 0.075
47 0.3203125 0.42265625 0.053125 0.0359375
47 0.27734375 0.440625 0.0609375 0.0375
36 0.190625 0.19765625 0.3265625 0.36875
36 0.5578125 0.18046875 0.275 0.2453125
38 0.85390625 0.30078125 0.26875 0.1421875
47 0.521875 0.35859375 0.0953125 0.05625
47 0.48203125 0.63046875 0.115625 0.0828125
47 0.80703125 0.5796875 0.05625 0.075
47 0.696875 0.5875 0.071875 0.0734375
0 0.8859375 0.57421875 0.228125 0.4796875