33 0.02890625 0.6421875 0.0578125 0.121875
33 0.21328125 0.55 0.090625 0.15625
0 0.48359375 0.5 0.6921875 1
38 0.85234375 0.5296875 0.05 0.14375
39 0.7984375 0.5296875 0.121875 0.1359375
60 0.5734375 0.7828125 0.590625 0.3140625
63 0.51328125 0.778125 0.371875 0.184375
38 0.790625 0.546875 0.06875 0.09375
39 0.86875 0.58828125 0.021875 0.0359375
39 0.8125 0.52734375 0.034375 0.0421875
39 0.8140625 0.57578125 0.04375 0.04375
40 0.0765625 0.746875 0.153125 0.134375
69 0.24453125 0.65 0.15 0.0734375
36 0.9109375 0.6609375 0.159375 0.1734375