33 0.85625 0.240625 0.0375 0.084375
33 0.7953125 0.21015625 0.05625 0.1296875
37 0.4234375 0.5515625 0.0484375 0.025
37 0.428125 0.57265625 0.0234375 0.01875
38 0.50546875 0.61953125 0.246875 0.0421875
38 0.6359375 0.60546875 0.0296875 0.015625
40 0.47421875 0.48828125 0.4125 0.14375
17 0.28125 0.2890625 0.190625 0.1515625
38 0.55 0.54296875 0.2375 0.065625
38 0.4265625 0.575 0.015625 0.009375
57 0.41875 0.7390625 0.8375 0.521875
17 0.44453125 0.32578125 0.1796875 0.1
38 0.409375 0.56796875 0.028125 0.0046875
57 0.85234375 0.36875 0.1734375 0.2734375
33 0.77890625 0.25 0.0578125 0.0859375
33 0.7921875 0.21640625 0.0328125 0.0953125
33 0.82421875 0.25 0.0265625 0.0765625
37 0.42734375 0.58671875 0.021875 0.0171875
37 0.4578125 0.528125 0.0328125 0.0203125
39 0.39921875 0.60625 0.0234375 0.015625
37 0.415625 0.559375 0.0234375 0.009375
38 0.51953125 0.5890625 0.2703125 0.040625