12 0.0671875 0.73203125 0.134375 0.2046875
12 0.19453125 0.6828125 0.14375 0.0734375
12 0.475 0.71015625 0.0765625 0.0546875
0 0.19296875 0.82578125 0.1453125 0.315625
23 0.46796875 0.825 0.059375 0.1671875
0 0.30234375 0.81796875 0.1296875 0.2609375
0 0.3859375 0.81796875 0.115625 0.35625
0 0.51484375 0.8359375 0.1015625 0.328125
0 0.09375 0.7609375 0.1203125 0.278125
0 0.35 0.7390625 0.03125 0.115625
23 0.6734375 0.9046875 0.0875 0.190625
19 0.40078125 0.85078125 0.1109375 0.240625
19 0.046875 0.821875 0.0390625 0.084375
19 0.5421875 0.9515625 0.03125 0.096875
19 0.20546875 0.828125 0.0640625 0.1421875
0 0.6015625 0.8484375 0.1125 0.303125
0 0.54765625 0.865625 0.0703125 0.26875
0 0.1578125 0.71640625 0.046875 0.1125
0 0.6171875 0.8609375 0.0171875 0.053125
12 0.51796875 0.734375 0.321875 0.1171875
17 0.2703125 0.93203125 0.084375 0.1109375
23 0.7390625 0.8890625 0.1140625 0.19375
23 0.43828125 0.85390625 0.0625 0.1375
23 0.75234375 0.925 0.0703125 0.1421875
23 0.2484375 0.75 0.03125 0.0921875
23 0.77109375 0.9484375 0.0734375 0.103125
23 0.15546875 0.7484375 0.0515625 0.103125
23 0.66875 0.79375 0.059375 0.0578125
23 0.9265625 0.90078125 0.084375 0.16875
23 0.7921875 0.83359375 0.059375 0.059375
23 0.64609375 0.78125 0.03125 0.04375
18 0.7796875 0.74609375 0.0921875 0.1546875
18 0.771875 0.6765625 0.1046875 0.0578125
18 0.62265625 0.67734375 0.0703125 0.0421875
18 0.59453125 0.66640625 0.053125 0.0359375
18 0.51796875 0.68203125 0.040625 0.01875
18 0.55546875 0.68359375 0.0296875 0.0140625
19 0.5171875 0.8046875 0.0390625 0.0453125
19 0.3078125 0.790625 0.0265625 0.0203125
0 0.86796875 0.82890625 0.2421875 0.3421875
12 0.05078125 0.6265625 0.1 0.034375
67 0.303125 0.7234375 0.0890625 0.1453125
19 0.15234375 0.70625 0.028125 0.0375
23 0.4265625 0.7625 0.175 0.065625