54 0.86640625 0.45 0.071875 0.1171875
6 0.015625 0.45546875 0.03125 0.053125
70 0.96875 0.81484375 0.05 0.3703125
65 0.9640625 0.47421875 0.071875 0.1515625
66 0.7046875 0.678125 0.2015625 0.44375
69 0.27421875 0.58359375 0.25 0.14375
13 0.11640625 0.384375 0.03125 0.0390625
36 0.1734375 0.60625 0.059375 0.1015625
36 0.125 0.60703125 0.040625 0.071875
36 0.340625 0.315625 0.03125 0.0515625
36 0.359375 0.3109375 0.0390625 0.05
36 0.3140625 0.31953125 0.040625 0.05625
36 0.40078125 0.3078125 0.0296875 0.0515625
36 0.4171875 0.303125 0.0296875 0.053125
36 0.4375 0.4046875 0.0359375 0.059375
36 0.38125 0.30859375 0.028125 0.05
36 0.41171875 0.4015625 0.0265625 0.05
36 0.4390625 0.4390625 0.0265625 0.0421875
36 0.41484375 0.44296875 0.0390625 0.0546875
38 0.38359375 0.4015625 0.00625 0.0140625
38 0.3765625 0.39765625 0.0078125 0.0203125
38 0.3703125 0.40859375 0.0109375 0.0328125
33 0.29140625 0.47734375 0.0359375 0.0796875