59 0.1078125 0.27734375 0.215625 0.25078125
33 0.78125 0.96640625 0.05234375 0.06640625
52 0.4359375 0.39609375 0.278125 0.3703125
53 0.84921875 0.66796875 0.3 0.61875
0 0.72109375 0.4734375 0.18203125 0.33828125
0 0.54765625 0.3546875 0.15390625 0.34375
0 0.35390625 0.38828125 0.1359375 0.41875
0 0.1171875 0.653125 0.234375 0.57578125
0 0.7453125 0.5734375 0.3140625 0.44296875
0 0.27578125 0.28515625 0.0921875 0.3734375
36 0.184375 0.61171875 0.0359375 0.07734375
36 0.6859375 0.39453125 0.034375 0.0640625
62 0.7546875 0.50546875 0.03984375 0.05078125
63 0.22265625 0.315625 0.06171875 0.04296875
33 0.21875 0.26015625 0.01796875 0.07734375
33 0.36171875 0.37734375 0.03828125 0.0375
36 0.94765625 0.76015625 0.07421875 0.1359375
40 0.65703125 0.2625 0.0421875 0.0265625
62 0.2828125 0.515625 0.0359375 0.02109375
62 0.63515625 0.54765625 0.0140625 0.0109375
62 0.24375 0.25703125 0.021875 0.034375
62 0.26015625 0.509375 0.0203125 0.01875
36 0.79375 0.275 0.0140625 0.0296875
0 0.66484375 0.4 0.1296875 0.2828125
33 0.73984375 0.24765625 0.01796875 0.05859375
0 0.1 0.85859375 0.19609375 0.25625