54 0.909375 0.065625 0.0953125 0.11875
52 0.1609375 0.34921875 0.1328125 0.3265625
52 0.534375 0.21640625 0.6953125 0.259375
23 0.54296875 0.57578125 0.7765625 0.621875
0 0.1890625 0.2296875 0.0875 0.2171875
60 0.3421875 0.27734375 0.0984375 0.121875
71 0.82734375 0.0828125 0.03125 0.00625
71 0.31015625 0.16328125 0.0171875 0.034375
71 0.82734375 0.09453125 0.03125 0.0109375
71 0.815625 0.0640625 0.0390625 0.01875
71 0.815625 0.05390625 0.0328125 0.0109375
71 0.82265625 0.07734375 0.0484375 0.009375
71 0.8046875 0.08828125 0.015625 0.009375
71 0.8203125 0.0859375 0.046875 0.0140625
63 0.33671875 0.26328125 0.0328125 0.0125