33 0.63828125 0.21015625 0.0265625 0.10390625
33 0.5359375 0.25078125 0.040625 0.1
33 0.55703125 0.234375 0.0171875 0.04375
36 0.97578125 0.40078125 0.0484375 0.06640625
36 0.925 0.45546875 0.0515625 0.06484375
40 0.665625 0.675 0.071875 0.06875
40 0.86484375 0.83203125 0.0578125 0.04609375
40 0.77109375 0.43984375 0.0328125 0.03984375
40 0.88046875 0.76171875 0.0828125 0.03984375
66 0.3671875 0.72421875 0.2796875 0.32109375
66 0.309375 0.478125 0.2015625 0.17109375
36 0.9625 0.46015625 0.034375 0.05390625
36 0.98984375 0.475 0.0203125 0.05
36 0.88671875 0.60078125 0.025 0.0625
36 0.88515625 0.55859375 0.0203125 0.03984375
36 0.90703125 0.58515625 0.025 0.09140625
36 0.925 0.39140625 0.05625 0.06484375
38 0.615625 0.13046875 0.0125 0.075
38 0.628125 0.11953125 0.009375 0.0625
38 0.584375 0.12734375 0.0140625 0.075
38 0.5953125 0.134375 0.0125 0.04765625
39 0.40859375 0.89140625 0.0453125 0.05859375
40 0.8625 0.8875 0.05625 0.01640625
40 0.86328125 0.85703125 0.059375 0.02265625
40 0.975 0.76796875 0.0484375 0.03984375
40 0.603125 0.40703125 0.0390625 0.05625
36 0.9421875 0.59765625 0.0265625 0.08515625
36 0.85703125 0.58046875 0.0265625 0.09609375
38 0.5984375 0.12265625 0.0234375 0.08125
38 0.6203125 0.10859375 0.0203125 0.1
38 0.6 0.084375 0.0203125 0.07109375
40 0.7734375 0.40859375 0.0328125 0.0375
40 0.9765625 0.75 0.0421875 0.02734375
35 0.9890625 0.596875 0.021875 0.12890625
35 0.953125 0.59140625 0.0203125 0.05625