59 0.45859375 0.35546875 0.1046875 0.1140625
53 0.27734375 0.78203125 0.5296875 0.4359375
53 0.753125 0.68125 0.35625 0.5265625
69 0.040625 0.3328125 0.08125 0.05
71 0.2890625 0.32109375 0.0125 0.040625
71 0.30625 0.3796875 0.0203125 0.0546875
71 0.30625 0.47109375 0.025 0.0625
71 0.26484375 0.315625 0.0265625 0.0734375
71 0.2953125 0.390625 0.0296875 0.071875
71 0.31171875 0.46484375 0.03125 0.0703125
71 0.32734375 0.534375 0.0953125 0.115625
71 0.28984375 0.39296875 0.0265625 0.065625
17 0.27109375 0.5765625 0.1171875 0.165625
54 0.56796875 0.39296875 0.0328125 0.0578125
54 0.0109375 0.259375 0.0171875 0.0296875
60 0.4828125 0.54609375 0.0890625 0.05625
71 0.27734375 0.31953125 0.0109375 0.059375
71 0.32734375 0.2984375 0.0125 0.065625
71 0.340625 0.3703125 0.03125 0.0609375
36 0.5421875 0.525 0.0265625 0.05625
52 0.27109375 0.78046875 0.5296875 0.4390625
52 0.7765625 0.4078125 0.15625 0.109375
71 0.290625 0.48203125 0.0375 0.0828125
73 0.23515625 0.26171875 0.015625 0.0171875
71 0.2875 0.31171875 0.0296875 0.0703125
71 0.30234375 0.3703125 0.109375 0.2546875