12 0.334375 0.75625 0.1203125 0.1359375
12 0.5125 0.765625 0.11875 0.109375
12 0.3984375 0.740625 0.0453125 0.04375
12 0.24375 0.73515625 0.05625 0.0421875
12 0.02109375 0.7203125 0.0421875 0.05625
12 0.0828125 0.70078125 0.084375 0.05
79 0.165625 0.26875 0.0546875 0.0625
79 0.1453125 0.440625 0.05 0.0390625
2 0.66484375 0.7671875 0.01875 0.040625
12 0.0375 0.7015625 0.025 0.0234375
12 0.2828125 0.72109375 0.015625 0.0171875
67 0.33359375 0.75859375 0.121875 0.134375
79 0.45 0.46875 0.0515625 0.0734375
79 0.14765625 0.05703125 0.0734375 0.1140625