0 0.56328125 0.34609375 0.5765625 0.6921875
38 0.06953125 0.54609375 0.10625 0.0796875
38 0.2265625 0.50234375 0.0828125 0.075
50 0.7203125 0.6859375 0.0609375 0.075
50 0.35625 0.79921875 0.125 0.075
50 0.18515625 0.8296875 0.0796875 0.0625
50 0.4734375 0.921875 0.1421875 0.1296875
50 0.35625 0.80625 0.6875 0.3875
50 0.5 0.8328125 0.1296875 0.090625
50 0.3953125 0.87421875 0.084375 0.08125
50 0.56796875 0.75078125 0.08125 0.0921875
33 0.74296875 0.20703125 0.04375 0.1875
37 0.23203125 0.48828125 0.0625 0.075
39 0.15703125 0.54609375 0.0484375 0.0328125
39 0.23125 0.48984375 0.059375 0.075
50 0.8625 0.83359375 0.125 0.1359375
50 0.69765625 0.64140625 0.0453125 0.0421875
50 0.5 0.78203125 0.1046875 0.0765625
50 0.72421875 0.86640625 0.1109375 0.1234375
57 0.77109375 0.73984375 0.4578125 0.2421875
33 0.67109375 0.18984375 0.04375 0.11875
69 0.4734375 0.25703125 0.065625 0.128125
50 0.5734375 0.91640625 0.1296875 0.134375
69 0.8359375 0.34921875 0.1140625 0.071875
40 0.16875 0.56015625 0.303125 0.1546875
57 0.5 0.65 1 0.7
50 0.4984375 0.8140625 0.975 0.334375