9 0.33125 0.575 0.246875 0.2734375
9 0.3734375 0.58671875 0.2125 0.2296875
78 0.48984375 0.4859375 0.7 0.328125
0 0.6484375 0.434375 0.0859375 0.1
0 0.34453125 0.415625 0.0390625 0.0765625
0 0.4015625 0.4046875 0.046875 0.1140625
0 0.1375 0.578125 0.0609375 0.1359375
0 0.05859375 0.61015625 0.10625 0.2046875
0 0.31328125 0.40078125 0.0453125 0.109375
0 0.453125 0.4015625 0.05 0.13125
9 0.4625 0.55703125 0.0828125 0.221875
0 0.27734375 0.40234375 0.0546875 0.0890625
0 0.6734375 0.41171875 0.0234375 0.0328125
0 0.4875 0.40625 0.0359375 0.05625