33 0.5765625 0.75078125 0.0328125 0.0609375
33 0.65390625 0.64140625 0.0203125 0.0546875
33 0.625 0.63515625 0.01875 0.04375
33 0.584375 0.6390625 0.0203125 0.0484375
33 0.55703125 0.63515625 0.0171875 0.0390625
69 0.67578125 0.88359375 0.4796875 0.2328125
19 0.1 0.75078125 0.1953125 0.140625
76 0.7203125 0.4515625 0.025 0.0921875
77 0.45078125 0.796875 0.096875 0.0390625
33 0.44453125 0.73203125 0.0375 0.084375
33 0.61953125 0.75703125 0.03125 0.0625
33 0.51328125 0.7421875 0.0234375 0.0828125
33 0.26875 0.7078125 0.0421875 0.1078125
33 0.23046875 0.7265625 0.028125 0.071875