26 0.44921875 0.33125 0.0140625 0.02109375
32 0.40234375 0.42265625 0.0453125 0.065625
18 0.746875 0.32109375 0.0890625 0.03984375
18 0.9484375 0.40390625 0.103125 0.1265625
32 0.615625 0.521875 0.0578125 0.065625
32 0.48984375 0.46953125 0.01875 0.03515625
0 0.7015625 0.59609375 0.15625 0.43828125
0 0.95234375 0.48984375 0.0484375 0.0984375
0 0.296875 0.38203125 0.028125 0.08203125
0 0.24609375 0.5796875 0.2828125 0.4640625
0 0.271875 0.37734375 0.03125 0.10546875
0 0.9046875 0.5078125 0.0640625 0.1125
0 0.1046875 0.384375 0.0265625 0.121875
0 0.1984375 0.35703125 0.021875 0.03984375
0 0.08515625 0.3515625 0.0171875 0.04921875
0 0.01875 0.3515625 0.0140625 0.0609375
0 0.3234375 0.453125 0.0875 0.2296875
26 0.24375 0.1734375 0.003125 0.0046875
0 0.525 0.453125 0.0609375 0.215625