29 0.515625 0.61015625 0.0515625 0.078125
0 0.42578125 0.72109375 0.2703125 0.3296875
0 0.1953125 0.6890625 0.203125 0.4859375
0 0.42421875 0.19609375 0.0390625 0.0921875
0 0.4515625 0.19609375 0.03125 0.0890625
26 0.82421875 0.49375 0.015625 0.0203125
28 0.7109375 0.5359375 0.059375 0.175
0 0.36015625 0.490625 0.028125 0.1421875
0 0.38125 0.48125 0.040625 0.165625
0 0.42734375 0.4328125 0.028125 0.0375
0 0.4609375 0.475 0.0359375 0.1515625
0 0.440625 0.38046875 0.028125 0.0859375
0 0.69609375 0.3546875 0.0390625 0.06875
0 0.35234375 0.40703125 0.015625 0.025
26 0.81015625 0.49921875 0.0171875 0.021875
0 0.790625 0.034375 0.015625 0.0453125
0 0.43515625 0.18125 0.0171875 0.0546875
0 0.5 0.5546875 1 0.609375