33 0.17265625 0.94921875 0.0828125 0.1015625
18 0.51875 0.3171875 0.184375 0.1453125
20 0.4734375 0.44453125 0.0421875 0.0984375
0 0.6015625 0.815625 0.459375 0.36875
0 0.44375 0.51171875 0.2171875 0.36875
0 0.57578125 0.5046875 0.1828125 0.3296875
0 0.328125 0.65390625 0.2125 0.2171875
0 0.80078125 0.76484375 0.3984375 0.4359375
0 0.803125 0.61484375 0.190625 0.221875
0 0.903125 0.621875 0.15625 0.1765625
0 0.9671875 0.70390625 0.065625 0.2265625
0 0.6421875 0.63046875 0.184375 0.1609375
8 0.15390625 0.75625 0.24375 0.175
36 0.98046875 0.875 0.0390625 0.053125
19 0.31015625 0.81328125 0.1890625 0.1625