39 0.8765625 0.10546875 0.246875 0.209375
46 0.85234375 0.540625 0.2703125 0.340625
46 0.54140625 0.37421875 0.2828125 0.378125
46 0.25234375 0.778125 0.2078125 0.259375
46 0.12109375 0.3125 0.2078125 0.303125
46 0.15390625 0.66484375 0.05625 0.103125
46 0.5640625 0.69296875 0.1828125 0.271875
46 0.2453125 0.33828125 0.1734375 0.284375
46 0.796875 0.234375 0.153125 0.121875
46 0.4421875 0.17109375 0.2703125 0.29375
37 0.878125 0.103125 0.24375 0.20625
40 0.5 0.5 1 1
57 0.5015625 0.49296875 0.9875 0.978125
46 0.40625 0.83359375 0.175 0.221875