12 0.7 0.76015625 0.0421875 0.0796875
45 0.28671875 0.66171875 0.4546875 0.440625
45 0.58984375 0.68203125 0.2015625 0.2875
0 0.84765625 0.68828125 0.0125 0.040625
0 0.90078125 0.6796875 0.009375 0.040625
0 0.915625 0.66796875 0.0109375 0.0375
0 0.83828125 0.68671875 0.0140625 0.0421875
0 0.8078125 0.69296875 0.0140625 0.046875
0 0.93125 0.66875 0.0109375 0.0421875
0 0.9265625 0.64375 0.0125 0.03125
0 0.940625 0.65 0.0046875 0.0171875
67 0.7890625 0.6125 0.0515625 0.03125
12 0.97890625 0.66953125 0.0328125 0.0421875
12 0.834375 0.6234375 0.0453125 0.0234375
12 0.934375 0.63828125 0.034375 0.0265625
0 0.44453125 0.53984375 0.0328125 0.0421875
0 0.95234375 0.64296875 0.009375 0.0234375
0 0.90625 0.65703125 0.009375 0.034375
0 0.93515625 0.64453125 0.0078125 0.0296875
0 0.97890625 0.628125 0.0078125 0.025
12 0.78828125 0.61328125 0.0515625 0.03125