12 0.90703125 0.37734375 0.18515625 0.090625
12 0.8 0.3375 0.03515625 0.0234375
45 0.32578125 0.3453125 0.2375 0.1
45 0.86953125 0.32890625 0.075 0.0546875
0 0.59765625 0.50546875 0.22734375 0.3703125
0 0.13359375 0.42734375 0.20625 0.25625
0 0.37265625 0.36796875 0.03359375 0.0703125
0 0.40390625 0.36796875 0.03984375 0.0578125
0 0.53046875 0.35234375 0.025 0.0421875
79 0.06875 0.17578125 0.03125 0.0375
30 0.61171875 0.67734375 0.11484375 0.0765625
67 0.51328125 0.3375 0.15859375 0.1
0 0.45625 0.36328125 0.05390625 0.0671875
0 0.884375 0.34296875 0.02890625 0.0359375
79 0.03828125 0.17578125 0.025 0.040625
79 0.84921875 0.2984375 0.00859375 0.0078125
79 0.78515625 0.303125 0.0125 0.0078125
19 0.375 0.38046875 0.01875 0.01875
79 0.96796875 0.2765625 0.025 0.01875
19 0.36875 0.35546875 0.02109375 0.015625
12 0.71875 0.3375 0.025 0.0125