33 0.44765625 0.4609375 0.03125 0.090625
33 0.4859375 0.44296875 0.028125 0.1109375
33 0.80546875 0.49296875 0.03125 0.084375
52 0.35859375 0.3296875 0.0625 0.08125
35 0.56171875 0.45546875 0.0265625 0.090625
36 0.6703125 0.49375 0.03125 0.0359375
36 0.78203125 0.525 0.0359375 0.0578125
38 0.475 0.271875 0.0265625 0.1171875
38 0.5015625 0.271875 0.0140625 0.11875
39 0.84609375 0.69140625 0.0390625 0.0359375
40 0.7921875 0.565625 0.046875 0.0546875
40 0.721875 0.53515625 0.053125 0.05625
40 0.64140625 0.51953125 0.0671875 0.0484375
40 0.64296875 0.53359375 0.0828125 0.04375
44 0.72265625 0.51953125 0.0265625 0.0171875
66 0.86796875 0.81484375 0.2546875 0.3703125
68 0.73828125 0.48125 0.0859375 0.10625
69 0.51875 0.54765625 0.2296875 0.1140625
33 0.31484375 0.42890625 0.025 0.065625
33 0.33203125 0.42265625 0.028125 0.0734375
36 0.0515625 0.63828125 0.034375 0.0578125
39 0.66015625 0.515625 0.0453125 0.0265625
39 0.584375 0.40078125 0.0203125 0.0359375
36 0.59765625 0.48828125 0.0375 0.071875