11 0.13203125 0.6953125 0.1546875 0.3796875
11 0.3796875 0.72734375 0.059375 0.2328125
11 0.43046875 0.7421875 0.0296875 0.17578125
11 0.453125 0.7296875 0.05625 0.21171875
11 0.4890625 0.7453125 0.071875 0.2078125
11 0.5671875 0.7203125 0.0203125 0.12890625
11 0.59765625 0.73515625 0.04375 0.1359375
11 0.6453125 0.73125 0.0296875 0.11484375
11 0.2375 0.721875 0.065625 0.2796875
11 0.534375 0.73828125 0.0359375 0.17890625
11 0.68984375 0.71484375 0.028125 0.0859375
11 0.74296875 0.71875 0.01875 0.071875
11 0.665625 0.71484375 0.021875 0.08984375
11 0.9125 0.709375 0.0140625 0.04296875
11 0.83671875 0.71484375 0.0078125 0.046875
11 0.62578125 0.72421875 0.01875 0.1078125
11 0.61484375 0.72421875 0.7328125 0.28671875