33 0.7078125 0.44765625 0.0296875 0.10859375
52 0.73359375 0.62578125 0.1171875 0.04609375
57 0.63515625 0.80234375 0.7296875 0.3625
38 0.67265625 0.38046875 0.0234375 0.0375
38 0.6515625 0.38671875 0.01875 0.03125
65 0.0921875 0.20234375 0.18125 0.15390625
69 0.19140625 0.52421875 0.328125 0.07265625
38 0.6609375 0.38671875 0.0171875 0.02890625
38 0.66484375 0.36875 0.0109375 0.01640625
38 0.6765625 0.40390625 0.0171875 0.025
52 0.559375 0.65078125 0.1359375 0.03984375
71 0.940625 0.74296875 0.11875 0.09140625
36 0.28125 0.08046875 0.0296875 0.07109375
36 0.3359375 0.08984375 0.0328125 0.05625
36 0.31484375 0.253125 0.0328125 0.03515625
36 0.340625 0.253125 0.01875 0.01640625
40 0.9578125 0.646875 0.0421875 0.04765625
40 0.4234375 0.71640625 0.2390625 0.11875
40 0.59375 0.396875 0.0359375 0.025
52 0.7703125 0.94453125 0.1890625 0.08515625
52 0.92890625 0.93359375 0.1421875 0.11015625
38 0.65703125 0.43515625 0.0203125 0.025