0 0.809375 0.3328125 0.1390625 0.2234375
0 0.465625 0.3375 0.059375 0.1484375
21 0.34140625 0.915625 0.3890625 0.16875
0 0.77265625 0.31015625 0.0875 0.1578125
0 0.5859375 0.3046875 0.05 0.0921875
0 0.53046875 0.32109375 0.090625 0.1703125
0 0.55390625 0.296875 0.028125 0.0640625
0 0.4921875 0.33671875 0.0453125 0.1421875
21 0.21640625 0.49765625 0.04375 0.0359375
0 0.44140625 0.34453125 0.0546875 0.1390625
0 0.40625 0.3375 0.05 0.1015625
0 0.36171875 0.33359375 0.0625 0.1125
0 0.25234375 0.35859375 0.0515625 0.1046875
21 0.60546875 0.834375 0.3046875 0.31875
21 0.86328125 0.47421875 0.15625 0.1234375
21 0.253125 0.61015625 0.184375 0.184375
21 0.16875 0.56484375 0.1328125 0.178125
21 0.103125 0.46171875 0.1015625 0.053125
21 0.2578125 0.7046875 0.221875 0.190625
21 0.1046875 0.60546875 0.05625 0.1171875
21 0.76953125 0.47109375 0.1234375 0.11875
21 0.21875 0.79765625 0.15625 0.1875
21 0.13046875 0.42578125 0.0421875 0.0328125
21 0.10390625 0.534375 0.0328125 0.04375
0 0.0859375 0.36953125 0.05625 0.1140625
21 0.4859375 0.45859375 0.803125 0.3125