18 0.66953125 0.06015625 0.121875 0.0671875
0 0.40703125 0.4859375 0.3890625 0.953125
0 0.496875 0.175 0.04375 0.0609375
0 0.9171875 0.1140625 0.0359375 0.1203125
0 0.83828125 0.14375 0.028125 0.0484375
0 0.1078125 0.13046875 0.0453125 0.134375
0 0.47265625 0.16171875 0.0375 0.090625
0 0.3203125 0.1625 0.025 0.0515625
0 0.21796875 0.1671875 0.0234375 0.0359375
30 0.375 0.8453125 0.1265625 0.15625
1 0.5375 0.18828125 0.04375 0.05
1 0.5859375 0.1859375 0.046875 0.0625
0 0.203125 0.1734375 0.015625 0.025
18 0.1515625 0.1421875 0.065625 0.04375
0 0.87109375 0.15390625 0.0359375 0.053125
0 0.27265625 0.159375 0.0296875 0.0640625
0 0.4875 0.1453125 0.0234375 0.059375
0 0.34921875 0.165625 0.03125 0.05
0 0.39140625 0.16484375 0.315625 0.128125