54 0.1453125 0.84140625 0.15390625 0.26640625
54 0.31484375 0.365625 0.26796875 0.6453125
54 0.9296875 0.80234375 0.13984375 0.20546875
54 0.04375 0.79765625 0.084375 0.25078125
54 0.1171875 0.65625 0.1640625 0.25078125
0 0.53828125 0.70703125 0.228125 0.5546875
0 0.4328125 0.634375 0.17421875 0.61328125
0 0.65078125 0.40390625 0.20390625 0.30703125
20 0.52265625 0.67578125 0.05390625 0.19765625
75 0.63515625 0.5296875 0.1 0.1921875
52 0.66796875 0.7734375 0.028125 0.1703125
54 0.78203125 0.4359375 0.29375 0.871875
54 0.03828125 0.3546875 0.07578125 0.41875
75 0.465625 0.53359375 0.1 0.2109375
75 0.28984375 0.66796875 0.10390625 0.21875
75 0.753125 0.709375 0.1203125 0.1359375
75 0.7328125 0.7703125 0.13203125 0.14375
75 0.6890625 0.6375 0.0921875 0.13359375
20 0.45625 0.50234375 0.03828125 0.0296875
20 0.7421875 0.70234375 0.04375 0.02421875