12 0.46953125 0.21875 0.28125 0.16640625
12 0.86171875 0.25625 0.184375 0.11015625
0 0.434375 0.52890625 0.2125 0.46640625
0 0.63125 0.378125 0.1234375 0.23984375
0 0.69296875 0.54140625 0.1421875 0.275
0 0.74921875 0.38828125 0.0828125 0.24140625
0 0.81953125 0.49375 0.1140625 0.20625
0 0.39296875 0.32265625 0.0234375 0.11015625
0 0.24609375 0.43203125 0.0140625 0.075
5 0.50859375 0.43515625 0.1328125 0.15859375
5 0.79609375 0.41328125 0.203125 0.12265625
12 0.78203125 0.234375 0.0921875 0.07890625
79 0.4515625 0.05546875 0.01875 0.05
79 0.49375 0.0875 0.0125 0.04765625
54 0.92421875 0.45390625 0.046875 0.15390625
0 0.75 0.21328125 0.0296875 0.04765625
67 0.13203125 0.20546875 0.2390625 0.14765625
54 0.146875 0.65234375 0.13125 0.46640625
54 0.890625 0.49375 0.0265625 0.04609375
54 0.959375 0.47734375 0.0390625 0.09609375
54 0.1 0.84140625 0.1015625 0.16875
54 0.0859375 0.68203125 0.171875 0.56640625
54 0.215625 0.56171875 0.0390625 0.12890625
54 0.20546875 0.66640625 0.0328125 0.07890625
0 0.546875 0.46875 0.140625 0.24375
0 0.73125 0.215625 0.009375 0.0625
67 0.9671875 0.23125 0.065625 0.05390625
79 0.88125 0.13671875 0.0140625 0.03125
5 0.98671875 0.47109375 0.0265625 0.11015625