12 0.540625 0.66875 0.08828125 0.05859375
23 0.38828125 0.9046875 0.1078125 0.16875
23 0.94921875 0.75625 0.0796875 0.096875
79 0.3671875 0.49609375 0.04609375 0.14453125
79 0.41015625 0.50390625 0.04375 0.14453125
19 0.01484375 0.8140625 0.028125 0.09921875
0 0.72421875 0.81875 0.084375 0.26796875
0 0.50390625 0.83515625 0.078125 0.27890625
0 0.3890625 0.846875 0.10390625 0.21484375
0 0.30703125 0.8328125 0.06171875 0.2734375
0 0.23984375 0.846875 0.08984375 0.30546875
0 0.18984375 0.83515625 0.0578125 0.27109375
0 0.89609375 0.6875 0.05625 0.06171875
0 0.71484375 0.678125 0.0421875 0.06953125
0 0.94765625 0.71171875 0.05390625 0.13125
0 0.4546875 0.70390625 0.03203125 0.16328125
0 0.4859375 0.671875 0.02421875 0.05078125
1 0.5078125 0.88984375 0.07421875 0.190625
1 0.6359375 0.771875 0.06015625 0.1046875
1 0.71875 0.86875 0.10390625 0.17421875
1 0.859375 0.80703125 0.1078125 0.14453125
12 0.92421875 0.6796875 0.10625 0.0640625
12 0.77890625 0.68125 0.08828125 0.0640625
12 0.06328125 0.653125 0.05 0.03203125
20 0.50234375 0.784375 0.01796875 0.05390625
1 0.59609375 0.884375 0.11015625 0.16875
1 0.80390625 0.77578125 0.0578125 0.07265625
1 0.17890625 0.69140625 0.0203125 0.05390625
1 0.7828125 0.8296875 0.01796875 0.0453125
1 0.14921875 0.71328125 0.0203125 0.03515625
19 0.06796875 0.91796875 0.015625 0.05859375
0 0.040625 0.8578125 0.0640625 0.284375
17 0.025 0.77890625 0.01015625 0.0375
0 0.859375 0.7625 0.071875 0.1984375
0 0.475 0.69296875 0.81015625 0.4796875