54 0.77109375 0.590625 0.0625 0.078125
54 0.63671875 0.67265625 0.13125 0.1703125
53 0.39296875 0.6578125 0.309375 0.2296875
35 0.4625 0.62265625 0.021875 0.059375
36 0.44765625 0.65546875 0.01875 0.01875
36 0.41796875 0.64375 0.0140625 0.0171875
53 0.18984375 0.78515625 0.2546875 0.3265625
54 0.83203125 0.571875 0.0734375 0.1265625
59 0.6890625 0.5625 0.09375 0.15
71 0.53203125 0.38515625 0.0328125 0.0390625
71 0.53671875 0.34140625 0.0359375 0.0421875
71 0.5375 0.4109375 0.01875 0.0078125
71 0.54140625 0.4171875 0.01875 0.009375
71 0.540625 0.4359375 0.03125 0.03125
71 0.54609375 0.4703125 0.0296875 0.040625
73 0.64375 0.71953125 0.0765625 0.0796875
73 0.825 0.61015625 0.034375 0.053125
52 0.6234375 0.634375 0.2 0.178125
36 0.3140625 0.67421875 0.021875 0.0328125
71 0.5515625 0.57578125 0.009375 0.03125
53 0.8921875 0.74140625 0.215625 0.4171875