52 0.2671875 0.746875 0.07421875 0.14921875
52 0.125 0.753125 0.05078125 0.14921875
23 0.4875 0.83515625 0.434375 0.30546875
0 0.934375 0.6234375 0.07109375 0.25703125
0 0.846875 0.5609375 0.04296875 0.0765625
0 0.8890625 0.60234375 0.04296875 0.1390625
19 0.1703125 0.77421875 0.0796875 0.11484375
0 0.81796875 0.55234375 0.03125 0.08359375
72 0.9828125 0.35390625 0.034375 0.121875
0 0.496875 0.75703125 0.246875 0.46171875
0 0.1703125 0.690625 0.15078125 0.40625
21 0.171875 0.7828125 0.090625 0.121875