6 0.440625 0.4125 0.3296875 0.14375
6 0.13828125 0.128125 0.2765625 0.196875
6 0.6078125 0.59140625 0.0546875 0.0234375
6 0.14375 0.69921875 0.2421875 0.1390625
6 0.834375 0.61875 0.284375 0.165625
6 0.73828125 0.67578125 0.2140625 0.0703125
6 0.51484375 0.7421875 0.3140625 0.1328125
6 0.63828125 0.8078125 0.1890625 0.0765625
6 0.696875 0.53671875 0.4875 0.1859375
6 0.903125 0.7875 0.19375 0.128125
6 0.6 0.89609375 0.2375 0.165625
6 0.1640625 0.89140625 0.065625 0.065625
6 0.8640625 0.40546875 0.2640625 0.1359375
6 0.39921875 0.91328125 0.1921875 0.0921875
6 0.5 0.50625 1 0.9875