50 0.74453125 0.525 0.115625 0.121875
50 0.709375 0.296875 0.1203125 0.10625
50 0.46640625 0.33515625 0.115625 0.1078125
50 0.4484375 0.2515625 0.1125 0.121875
50 0.43984375 0.17109375 0.09375 0.0921875
50 0.43984375 0.10546875 0.09375 0.0890625
50 0.43671875 0.04765625 0.08125 0.075
50 0.359375 0.06171875 0.08125 0.0703125
50 0.3640625 0.11796875 0.0890625 0.0890625
50 0.35 0.1890625 0.1 0.0890625
50 0.353125 0.34921875 0.11875 0.10625
50 0.34609375 0.26328125 0.1046875 0.10625
50 0.60234375 0.31640625 0.103125 0.1078125
50 0.63671875 0.53515625 0.1109375 0.11875
50 0.85078125 0.06953125 0.0984375 0.0890625
50 0.7421875 0.80078125 0.0953125 0.1015625
50 0.5 0.48828125 1 0.9765625