26 0.4484375 0.66015625 0.015625 0.02265625
32 0.49140625 0.68046875 0.090625 0.08359375
0 0.58828125 0.68671875 0.078125 0.21640625
0 0.325 0.6953125 0.2625 0.609375
0 0.4875 0.546875 0.06875 0.16875
0 0.53515625 0.53515625 0.065625 0.15625
0 0.11875 0.43984375 0.0765625 0.12734375
0 0.18515625 0.31875 0.05 0.11015625
0 0.28671875 0.32265625 0.05625 0.10625
0 0.81015625 0.24609375 0.0421875 0.09609375
0 0.88828125 0.46875 0.046875 0.14609375
5 0.85859375 0.68828125 0.0734375 0.0625
5 0.8921875 0.325 0.1296875 0.06015625
5 0.64609375 0.24375 0.215625 0.0625
52 0.69921875 0.67421875 0.053125 0.06484375
52 0.98671875 0.690625 0.0265625 0.06875
52 0.7921875 0.68125 0.0578125 0.0625
52 0.071875 0.640625 0.0515625 0.05859375
52 0.059375 0.45 0.0515625 0.09765625
52 0.828125 0.52890625 0.0453125 0.06640625
52 0.41015625 0.496875 0.0453125 0.04609375
52 0.90859375 0.53515625 0.05 0.075
52 0.7578125 0.67734375 0.0296875 0.06875
52 0.92265625 0.6875 0.0578125 0.06484375
52 0.03515625 0.50625 0.0453125 0.01640625
52 0.0828125 0.50859375 0.040625 0.01640625
0 0.359375 0.25234375 0.0484375 0.0875
0 0.828125 0.37265625 0.03125 0.08515625
0 0.60234375 0.328125 0.05 0.14609375
0 0.671875 0.31484375 0.0453125 0.09140625
5 0.08515625 0.19375 0.1703125 0.06015625
5 0.09921875 0.15390625 0.1984375 0.04609375
5 0.89765625 0.28046875 0.1390625 0.03125
52 0.13203125 0.52265625 0.0546875 0.03515625
5 0.8859375 0.38046875 0.0859375 0.02265625
5 0.66640625 0.203125 0.1921875 0.0375
5 0.2140625 0.25703125 0.1234375 0.02265625
5 0.65703125 0.39921875 0.0953125 0.09140625
5 0.98671875 0.4 0.0265625 0.04765625
5 0.49921875 0.42421875 0.9984375 0.54765625
52 0.5 0.39375 0.996875 0.53359375
0 0.4984375 0.35859375 0.99375 0.67890625