33 0.66328125 0.2234375 0.0359375 0.10625
33 0.5578125 0.2546875 0.0484375 0.103125
33 0.5796875 0.240625 0.0203125 0.0453125
36 0.97734375 0.44296875 0.0453125 0.0703125
36 0.92734375 0.49296875 0.05625 0.06875
40 0.65 0.6890625 0.078125 0.075
40 0.834375 0.8625 0.0609375 0.0515625
40 0.775 0.4640625 0.0359375 0.0421875
40 0.85625 0.79375 0.0859375 0.046875
66 0.3484375 0.71171875 0.30625 0.34375
66 0.31171875 0.46171875 0.215625 0.1875
36 0.9640625 0.50078125 0.0390625 0.05625
36 0.98828125 0.51796875 0.0234375 0.0515625
36 0.8765625 0.634375 0.0296875 0.0640625
36 0.87890625 0.5921875 0.0234375 0.0421875
36 0.8984375 0.6203125 0.0328125 0.09375
36 0.9328125 0.42890625 0.0609375 0.06875
38 0.64765625 0.1421875 0.01875 0.0765625
38 0.6609375 0.13203125 0.0140625 0.0625
38 0.61640625 0.1359375 0.0203125 0.0765625
38 0.6265625 0.14375 0.0171875 0.0484375
39 0.375 0.88203125 0.05 0.0625
40 0.82734375 0.91796875 0.0578125 0.021875
40 0.83046875 0.8875 0.0609375 0.028125
40 0.95 0.80859375 0.0515625 0.04375
40 0.6109375 0.41640625 0.04375 0.059375
36 0.93203125 0.6359375 0.034375 0.0875
36 0.8484375 0.6109375 0.034375 0.0984375
38 0.63125 0.1328125 0.0296875 0.0828125
38 0.65390625 0.1203125 0.0296875 0.1015625
38 0.6359375 0.09453125 0.0265625 0.071875
40 0.78046875 0.4328125 0.0359375 0.040625
40 0.953125 0.790625 0.04375 0.03125
35 0.97890625 0.6390625 0.0328125 0.1296875
35 0.94375 0.63046875 0.025 0.0578125