12 0.9390625 0.47578125 0.121875 0.1859375
12 0.56171875 0.409375 0.1265625 0.1390625
12 0.559375 0.3578125 0.134375 0.09375
12 0.18125 0.328125 0.1578125 0.1203125
12 0.053125 0.325 0.0859375 0.171875
12 0.0953125 0.3328125 0.0890625 0.0859375
19 0.8375 0.52890625 0.0625 0.134375
19 0.30078125 0.64140625 0.0625 0.1796875
19 0.7171875 0.471875 0.0890625 0.1953125
19 0.61640625 0.45234375 0.1015625 0.1921875
21 0.2953125 0.44375 0.1296875 0.2234375
0 0.61953125 0.49296875 0.15 0.4046875
0 0.8015625 0.51875 0.140625 0.3796875
0 0.72265625 0.528125 0.165625 0.4046875
0 0.28203125 0.4734375 0.2609375 0.6390625
0 0.425 0.54375 0.253125 0.703125
0 0.9 0.4421875 0.05 0.1453125
0 0.871875 0.43828125 0.0421875 0.1171875
0 0.859375 0.4015625 0.03125 0.0609375
12 0.85703125 0.4609375 0.03125 0.0640625
12 0.68671875 0.3921875 0.0515625 0.0421875
12 0.0765625 0.2828125 0.090625 0.0703125
12 0.71484375 0.38828125 0.04375 0.0296875
12 0.37734375 0.37265625 0.0765625 0.128125
21 0.3609375 0.64453125 0.075 0.18125
12 0.678125 0.4328125 0.0546875 0.1125
12 0.3765625 0.30703125 0.046875 0.0234375
12 0.30703125 0.31015625 0.4875 0.1296875