33 0.41953125 0.54140625 0.0203125 0.040625
33 0.49921875 0.57421875 0.034375 0.0953125
33 0.47734375 0.58984375 0.0625 0.15625
70 0.84375 0.509375 0.3125 0.5125
72 0.3234375 0.23203125 0.0546875 0.0421875
52 0.90859375 0.821875 0.1671875 0.35625
52 0.70546875 0.61796875 0.084375 0.21875
52 0.04765625 0.69453125 0.0953125 0.3234375
66 0.6734375 0.5203125 0.0421875 0.1546875
69 0.53359375 0.4078125 0.1359375 0.01875
33 0.55390625 0.37890625 0.01875 0.05
52 0.7796875 0.709375 0.1296875 0.334375
57 0.45546875 0.78046875 0.9109375 0.4390625
71 0.23515625 0.61875 0.08125 0.0375
33 0.4359375 0.54296875 0.03125 0.04375