26 0.9546875 0.4765625 0.0265625 0.03359375
28 0.403125 0.40625 0.1546875 0.03828125
29 0.24765625 0.58515625 0.0546875 0.0984375
0 0.13828125 0.5828125 0.2734375 0.38359375
0 0.2171875 0.29921875 0.1390625 0.1515625
0 0.34921875 0.23359375 0.11875 0.125
0 0.69921875 0.08515625 0.078125 0.12265625
0 0.6203125 0.0890625 0.0796875 0.1140625
0 0.1140625 0.31015625 0.08125 0.16328125
0 0.14921875 0.2390625 0.071875 0.12734375
0 0.1859375 0.3671875 0.0921875 0.11796875
0 0.25703125 0.403125 0.0703125 0.08515625
0 0.271875 0.3671875 0.1015625 0.140625
64 0.78359375 0.09140625 0.0234375 0.0265625
0 0.553125 0.46953125 0.3015625 0.5984375
0 0.78203125 0.08125 0.0921875 0.11796875
36 0.24140625 0.26015625 0.021875 0.0421875
0 0.05 0.38828125 0.1 0.22578125
0 0.5 0.33828125 0.996875 0.6765625