33 0.35546875 0.80390625 0.14375 0.3125
67 0.20703125 0.13984375 0.3 0.1796875
0 0.765625 0.56328125 0.46875 0.8296875
0 0.225 0.57734375 0.45 0.8453125
36 0.1828125 0.91796875 0.10625 0.1640625
37 0.578125 0.9484375 0.10625 0.1015625
37 0.34921875 0.8859375 0.165625 0.1359375
38 0.65234375 0.8296875 0.1453125 0.09375
49 0.57265625 0.88125 0.1421875 0.096875
49 0.44375 0.790625 0.15 0.175
49 0.56875 0.9171875 0.346875 0.165625
12 0.6171875 0.25 0.7484375 0.46875
12 0.834375 0.07734375 0.246875 0.1546875
12 0.06796875 0.2734375 0.1359375 0.2625
36 0.559375 0.52734375 0.1109375 0.2109375
36 0.18671875 0.5703125 0.109375 0.203125
36 0.36796875 0.9640625 0.0953125 0.071875
54 0.0484375 0.2375 0.096875 0.375
57 0.46015625 0.79765625 0.7484375 0.4046875