46 0.15390625 0.54765625 0.30625 0.43984375
46 0.52265625 0.75625 0.49765625 0.40703125
46 0.8921875 0.7203125 0.215625 0.55703125
46 0.20234375 0.6359375 0.21171875 0.19453125
46 0.85546875 0.23046875 0.2890625 0.4609375
46 0.30625 0.12265625 0.30625 0.23671875
46 0.3546875 0.34765625 0.1921875 0.38046875
47 0.078125 0.8921875 0.15625 0.1703125
46 0.234375 0.69453125 0.2078125 0.2421875
47 0.671875 0.0375 0.09375 0.075
46 0.12734375 0.3171875 0.18984375 0.2578125
46 0.7046875 0.9296875 0.13984375 0.1140625
46 0.58828125 0.6046875 0.09375 0.15234375
47 0.4328125 0.63046875 0.16171875 0.284375