54 0.05859375 0.13046875 0.1171875 0.1703125
0 0.61875 0.49921875 0.5796875 0.9734375
35 0.93828125 0.12109375 0.0484375 0.0546875
40 0.10859375 0.43203125 0.2171875 0.0921875
40 0.875 0.46640625 0.0828125 0.0359375
33 0.1765625 0.8703125 0.04375 0.0953125
36 0.79921875 0.23046875 0.053125 0.0421875
36 0.8171875 0.19296875 0.0640625 0.0265625
36 0.7046875 0.13671875 0.046875 0.053125
36 0.853125 0.23515625 0.0234375 0.021875
65 0.21796875 0.4296875 0.3015625 0.125
35 0.8859375 0.09765625 0.05625 0.053125
35 0.8484375 0.11015625 0.040625 0.071875
35 0.78828125 0.13359375 0.025 0.0546875
36 0.8875 0.1359375 0.05 0.0296875
36 0.92734375 0.21640625 0.0953125 0.059375
36 0.890625 0.08125 0.028125 0.0203125
33 0.0640625 0.72109375 0.1015625 0.075
33 0.05859375 0.84296875 0.0953125 0.0671875
33 0.08046875 0.865625 0.053125 0.046875
35 0.98046875 0.11640625 0.0140625 0.053125
35 0.7828125 0.090625 0.03125 0.01875