12 0.9828125 0.52109375 0.034375 0.1171875
45 0.515625 0.56875 0.7734375 0.4921875
0 0.08828125 0.56796875 0.040625 0.1828125
0 0.03203125 0.57265625 0.040625 0.1921875
0 0.05625 0.56875 0.0296875 0.1734375
0 0.59375 0.4953125 0.0546875 0.075
79 0.9359375 0.31640625 0.025 0.04921875
0 0.0671875 0.48984375 0.025 0.0421875
67 0.94765625 0.5265625 0.053125 0.09375
19 0.03515625 0.60078125 0.028125 0.0421875
0 0.403125 0.52890625 0.0328125 0.159375
0 0.30234375 0.490625 0.115625 0.1078125
67 0.984375 0.52421875 0.03125 0.1265625
0 0.13046875 0.56171875 0.0328125 0.159375