12 0.525 0.50703125 0.59296875 0.31484375
23 0.6046875 0.4484375 0.08828125 0.09609375
0 0.85390625 0.63671875 0.18671875 0.6328125
0 0.13203125 0.66015625 0.18359375 0.5203125
0 0.63828125 0.44921875 0.0453125 0.11640625
18 0.14609375 0.38203125 0.2546875 0.07265625
18 0.65234375 0.384375 0.06015625 0.0234375
79 0.25390625 0.13515625 0.03203125 0.0671875
19 0.2328125 0.6125 0.075 0.12578125
19 0.87734375 0.84609375 0.08984375 0.24765625
18 0.575 0.3890625 0.06328125 0.0203125
19 0.07421875 0.559375 0.0453125 0.13671875
12 0.0421875 0.42734375 0.04140625 0.0328125
67 0.16171875 0.3984375 0.175 0.17109375
67 0.0265625 0.39765625 0.053125 0.078125
18 0.47109375 0.38203125 0.06171875 0.0328125
12 0.9609375 0.45078125 0.078125 0.13828125
0 0.57890625 0.43125 0.0453125 0.07109375