59 0.12109375 0.553125 0.1640625 0.1734375
57 0.64140625 0.92578125 0.7171875 0.1453125
0 0.846875 0.68203125 0.19375 0.4734375
52 0.96015625 0.846875 0.0796875 0.2
52 0.82890625 0.88671875 0.1796875 0.0984375
62 0.51484375 0.68046875 0.040625 0.0546875
62 0.78984375 0.621875 0.0484375 0.028125
19 0.80625 0.915625 0.0921875 0.0859375
40 0.953125 0.9296875 0.06875 0.05
62 0.1828125 0.74140625 0.025 0.0171875
0 0.58984375 0.70546875 0.1796875 0.4359375
36 0.740625 0.95625 0.0375 0.0640625
62 0.2 0.7375 0.0125 0.0109375