54 0.5234375 0.11015625 0.0265625 0.0671875
53 0.515625 0.56796875 0.9265625 0.790625
60 0.76328125 0.42421875 0.1734375 0.1703125
71 0.821875 0.22265625 0.021875 0.0859375
71 0.88828125 0.1375 0.0234375 0.0859375
71 0.92265625 0.2609375 0.03125 0.0953125
71 0.85859375 0.25390625 0.025 0.0671875
71 0.884375 0.2546875 0.0203125 0.0765625
71 0.9390625 0.271875 0.0375 0.084375
71 0.97265625 0.16328125 0.0234375 0.0921875
71 0.98046875 0.165625 0.0390625 0.103125
71 0.87734375 0.340625 0.03125 0.0578125
71 0.9359375 0.1515625 0.025 0.090625
71 0.97421875 0.0734375 0.0171875 0.05
54 0.6625 0.13515625 0.1328125 0.2265625
54 0.55078125 0.11171875 0.04375 0.0640625
71 0.89296875 0.25625 0.0265625 0.0859375
54 0.428125 0.08203125 0.196875 0.1640625
71 0.9109375 0.14453125 0.0328125 0.09375
71 0.70546875 0.3640625 0.5890625 0.728125