6 0.3703125 0.65390625 0.0921875 0.271875
6 0.490625 0.6109375 0.14375 0.271875
6 0.175 0.5640625 0.084375 0.31953125
6 0.08671875 0.5359375 0.090625 0.271875
6 0.6796875 0.54296875 0.08125 0.246875
6 0.76328125 0.453125 0.0671875 0.23359375
6 0.60859375 0.34609375 0.1 0.1890625
6 0.53359375 0.2359375 0.1125 0.225
6 0.6234375 0.13359375 0.0609375 0.225
6 0.7359375 0.703125 0.1375 0.175
6 0.8015625 0.7 0.096875 0.26640625
6 0.2375 0.540625 0.053125 0.11953125
6 0.97890625 0.284375 0.0421875 0.20546875