8 0.38359375 0.56875 0.0703125 0.0609375
78 0.89296875 0.87109375 0.21328125 0.2578125
78 0.85625 0.56796875 0.2875 0.1765625
78 0.4015625 0.6640625 0.25859375 0.190625
78 0.46328125 0.29921875 0.09375 0.040625
78 0.7015625 0.42421875 0.20859375 0.0984375
78 0.509375 0.28125 0.11015625 0.053125
78 0.54453125 0.275 0.10546875 0.0609375
0 0.43046875 0.64296875 0.16640625 0.1265625
78 0.909375 0.66484375 0.18046875 0.1546875
78 0.6140625 0.23125 0.06796875 0.028125
0 0.35078125 0.6515625 0.075 0.090625