33 0.31484375 0.78125 0.1125 0.3046875
67 0.26015625 0.103125 0.2875 0.1515625
0 0.7796875 0.603125 0.440625 0.790625
0 0.1984375 0.55703125 0.396875 0.8546875
36 0.12578125 0.8875 0.0875 0.190625
37 0.5140625 0.95390625 0.096875 0.0921875
37 0.296875 0.86171875 0.153125 0.121875
38 0.6046875 0.84765625 0.1390625 0.0796875
49 0.51875 0.88828125 0.134375 0.0828125
49 0.40390625 0.7796875 0.134375 0.1625
49 0.50859375 0.928125 0.3359375 0.14375
12 0.646875 0.26875 0.70625 0.396875
12 0.8875 0.11640625 0.225 0.1546875
12 0.08125 0.2125 0.1578125 0.2484375
36 0.5546875 0.53515625 0.090625 0.203125
36 0.1796875 0.52578125 0.0890625 0.1953125
36 0.30390625 0.95390625 0.0875 0.0859375
54 0.06015625 0.178125 0.1171875 0.35625
57 0.415625 0.81171875 0.715625 0.3765625