1 0.48984375 0.725 0.0796875 0.296875
1 0.70078125 0.73046875 0.1109375 0.284375
1 0.3109375 0.725 0.0953125 0.3140625
20 0.765625 0.40859375 0.015625 0.0171875
20 0.8734375 0.359375 0.0109375 0.034375
71 0.83671875 0.60234375 0.0671875 0.0765625
0 0.3125 0.57265625 0.1359375 0.4765625
0 0.571875 0.59375 0.1046875 0.5109375
0 0.9015625 0.634375 0.1203125 0.4984375
0 0.69453125 0.59921875 0.1375 0.4765625
0 0.62265625 0.56875 0.05 0.3828125
0 0.48828125 0.578125 0.1296875 0.4515625
0 0.44140625 0.6265625 0.075 0.3671875
0 0.38671875 0.61015625 0.0859375 0.4734375
0 0.41875 0.40078125 0.0703125 0.115625
0 0.03828125 0.68046875 0.0765625 0.6390625
0 0.19453125 0.6046875 0.1203125 0.5296875
0 0.1015625 0.5546875 0.1140625 0.2671875
0 0.80859375 0.57109375 0.159375 0.5140625
20 0.428125 0.43046875 0.0078125 0.025
20 0.659375 0.42578125 0.0109375 0.0109375
0 0.51953125 0.5421875 0.7953125 0.5890625