33 0.53984375 0.3015625 0.021875 0.071875
33 0.6953125 0.67734375 0.01015625 0.0296875
70 0.47890625 0.5546875 0.56015625 0.6828125
33 0.67890625 0.4296875 0.03828125 0.04296875
33 0.640625 0.4296875 0.04609375 0.04765625
33 0.48671875 0.38125 0.04609375 0.09609375
33 0.7078125 0.81875 0.0296875 0.05859375
33 0.6609375 0.80390625 0.0421875 0.0796875
33 0.65703125 0.6828125 0.015625 0.071875
33 0.6359375 0.7984375 0.0203125 0.08828125
33 0.68515625 0.8109375 0.015625 0.071875
33 0.7109375 0.69609375 0.01796875 0.05078125
33 0.52265625 0.48671875 0.01796875 0.03984375
33 0.7171875 0.80546875 0.0140625 0.06953125
33 0.590625 0.5625 0.28984375 0.3203125