78 0.5484375 0.65625 0.775 0.25625
0 0.9625 0.5328125 0.0171875 0.053125
0 0.8640625 0.5125 0.0109375 0.034375
0 0.8484375 0.521875 0.0234375 0.0328125
0 0.13203125 0.5890625 0.0203125 0.0578125
0 0.115625 0.58984375 0.015625 0.06875
19 0.14296875 0.59765625 0.0078125 0.01875
0 0.67109375 0.6046875 0.0234375 0.0515625
0 0.9265625 0.51875 0.015625 0.03125
0 0.85546875 0.51875 0.0125 0.0234375
0 0.9734375 0.53671875 0.0140625 0.028125
78 0.16171875 0.759375 0.103125 0.0578125
0 0.87109375 0.50625 0.0046875 0.0109375
19 0.12578125 0.60390625 0.0109375 0.021875