59 0.5875 0.4765625 0.0859375 0.1171875
0 0.184375 0.50703125 0.2609375 0.39375
0 0.77109375 0.56640625 0.4578125 0.6453125
36 0.103125 0.7078125 0.109375 0.1484375
36 0.88359375 0.9421875 0.1640625 0.115625
37 0.69296875 0.7046875 0.0734375 0.065625
40 0.4359375 0.68359375 0.11875 0.1046875
42 0.43046875 0.38515625 0.1109375 0.1453125
42 0.62734375 0.88828125 0.1078125 0.1765625
42 0.20546875 0.878125 0.1140625 0.1890625
40 0.40234375 0.80625 0.1484375 0.0953125
52 0.02578125 0.62109375 0.04375 0.1578125
36 0.56875 0.6828125 0.053125 0.071875
42 0.43828125 0.72734375 0.0828125 0.078125
52 0.06171875 0.5609375 0.065625 0.19375
57 0.56875 0.7921875 0.5375 0.415625
57 0.115625 0.88046875 0.146875 0.1859375
37 0.178125 0.58203125 0.05 0.03125