59 0.39609375 0.47734375 0.5359375 0.71171875
7 0.57421875 0.64296875 0.2796875 0.6796875
52 0.9328125 0.72265625 0.134375 0.5546875
71 0.5359375 0.96640625 0.01015625 0.06640625
71 0.9578125 0.70703125 0.084375 0.0375
71 0.75 0.69765625 0.0796875 0.03203125
71 0.9546875 0.66171875 0.08984375 0.0640625
71 0.709375 0.8203125 0.1 0.06171875
71 0.72734375 0.8640625 0.0578125 0.0265625
71 0.528125 0.965625 0.01015625 0.06640625
71 0.72421875 0.946875 0.1296875 0.09296875
71 0.9640625 0.62265625 0.071875 0.015625
71 0.53984375 0.91171875 0.11796875 0.06953125
0 0.52890625 0.415625 0.2296875 0.3734375