53 0.2046875 0.50546875 0.35 0.2390625
53 0.25078125 0.6140625 0.3265625 0.365625
52 0.2453125 0.6125 0.325 0.359375
0 0.55546875 0.59140625 0.203125 0.321875
52 0.41171875 0.61796875 0.13125 0.33125
54 0.1765625 0.34921875 0.0890625 0.13125
54 0.30546875 0.396875 0.059375 0.075
71 0.53125 0.7515625 0.1015625 0.0671875
71 0.128125 0.5234375 0.0328125 0.0125
71 0.50078125 0.49296875 0.0203125 0.08125
71 0.46640625 0.5828125 0.0171875 0.06875
52 0.61484375 0.546875 0.0984375 0.1625
71 0.5109375 0.4796875 0.0171875 0.0703125