52 0.67109375 0.15546875 0.3453125 0.3109375
57 0.5 0.584375 1 0.83125
1 0.2578125 0.1 0.14375 0.1875
0 0.0515625 0.12734375 0.103125 0.2265625
43 0.39296875 0.70390625 0.2765625 0.30625
43 0.4734375 0.6109375 0.3 0.2375
36 0.62734375 0.3765625 0.146875 0.215625
39 0.6734375 0.47265625 0.040625 0.1453125
48 0.39296875 0.7046875 0.2546875 0.2859375
1 0.3453125 0.0234375 0.0203125 0.0359375
1 0.42265625 0.10078125 0.2171875 0.2015625
1 0.47578125 0.1015625 0.0953125 0.203125
52 0.046875 0.14375 0.09375 0.253125