9 0.415625 0.5984375 0.0421875 0.225
9 0.15234375 0.6515625 0.090625 0.20546875
9 0.37109375 0.62109375 0.05625 0.15546875
9 0.4546875 0.584375 0.0390625 0.121875
9 0.46953125 0.6015625 0.03125 0.125
9 0.62109375 0.57890625 0.0203125 0.08046875
9 0.63828125 0.559375 0.0171875 0.08359375
9 0.54609375 0.58046875 0.0390625 0.146875
9 0.25390625 0.63203125 0.15 0.30546875
9 0.353125 0.60703125 0.059375 0.1640625
9 0.49609375 0.59140625 0.0546875 0.1640625
9 0.5828125 0.5765625 0.021875 0.11640625
9 0.60390625 0.56953125 0.0234375 0.10546875
9 0.64765625 0.559375 0.0171875 0.08359375
9 0.02890625 0.6359375 0.0578125 0.3859375
9 0.5296875 0.5515625 0.0296875 0.078125
9 0.6703125 0.5640625 0.0203125 0.06640625
67 0.73671875 0.534375 0.0375 0.203125
0 0.396875 0.509375 0.0453125 0.078125
0 0.4875 0.50859375 0.028125 0.06640625
0 0.56015625 0.53046875 0.021875 0.078125
0 0.61953125 0.521875 0.0109375 0.0359375
0 0.2609375 0.53203125 0.0546875 0.1890625
0 0.5828125 0.51953125 0.01875 0.04453125
0 0.60546875 0.509375 0.009375 0.01640625
0 0.52734375 0.53359375 0.0296875 0.10546875
0 0.646875 0.5390625 0.021875 0.04453125
0 0.65703125 0.525 0.0109375 0.03046875
0 0.62890625 0.525 0.009375 0.0359375
0 0.66875 0.525 0.009375 0.028125
3 0.3953125 0.4109375 0.0296875 0.053125
9 0.4328125 0.62109375 0.509375 0.24140625