17 0.32890625 0.3953125 0.0953125 0.1109375
0 0.53984375 0.5640625 0.2484375 0.5140625
19 0.9359375 0.69609375 0.0890625 0.128125
59 0.28046875 0.27734375 0.0625 0.0671875
0 0.70390625 0.546875 0.196875 0.4578125
0 0.8578125 0.6796875 0.284375 0.640625
0 0.3078125 0.48125 0.190625 0.4234375
0 0.175 0.44296875 0.1234375 0.2984375
0 0.0765625 0.415625 0.1125 0.2671875
0 0.628125 0.46484375 0.1078125 0.221875
0 0.22421875 0.3484375 0.071875 0.125
0 0.1625 0.33671875 0.090625 0.14375
0 0.26640625 0.44140625 0.1359375 0.3625
17 0.93125 0.69765625 0.1046875 0.1421875
17 0.29609375 0.66953125 0.1015625 0.0859375
17 0.20703125 0.4484375 0.0703125 0.1046875
17 0.11875 0.35859375 0.040625 0.0703125
17 0.65 0.7828125 0.1203125 0.1375
17 0.30078125 0.49375 0.0875 0.090625
19 0.59609375 0.5953125 0.0578125 0.096875
19 0.20859375 0.3890625 0.0625 0.14375
19 0.60078125 0.4921875 0.0578125 0.16875
21 0.2953125 0.66875 0.1078125 0.0953125
19 0.184375 0.375 0.04375 0.0640625
19 0.06015625 0.38984375 0.0296875 0.0609375
19 0.215625 0.42421875 0.05625 0.06875