3 0.51640625 0.3390625 0.2109375 0.278125
12 0.77734375 0.8484375 0.1671875 0.16875
12 0.7328125 0.81640625 0.1015625 0.1234375
0 0.3453125 0.83984375 0.1515625 0.2828125
0 0.778125 0.88046875 0.146875 0.2390625
0 0.72265625 0.73671875 0.0125 0.0375
0 0.7078125 0.72578125 0.0140625 0.0359375
17 0.6109375 0.89453125 0.0546875 0.0734375
17 0.746875 0.89765625 0.0578125 0.1375
0 0.75703125 0.73671875 0.0125 0.034375
0 0.746875 0.740625 0.0125 0.0375
0 0.79765625 0.7421875 0.0109375 0.040625
0 0.63515625 0.76796875 0.0375 0.1140625
0 0.78515625 0.74453125 0.015625 0.0390625
0 0.778125 0.72265625 0.0078125 0.025
19 0.75234375 0.7328125 0.0015625 0.00625
19 0.303125 0.83359375 0.0375 0.1078125
0 0.5765625 0.8578125 0.153125 0.284375
12 0.75 0.7046875 0.015625 0.0203125
17 0.7859375 0.73828125 0.0078125 0.0125
4 0.44375 0.75 0.021875 0.059375
0 0.7359375 0.7359375 0.015625 0.046875