18 0.5015625 0.62421875 0.1078125 0.05234375
19 0.26640625 0.82890625 0.075 0.20234375
19 0.14140625 0.640625 0.0828125 0.30859375
0 0.05546875 0.65078125 0.1109375 0.69765625
0 0.1734375 0.70078125 0.175 0.59765625
0 0.30625 0.75 0.1296875 0.49609375
0 0.575 0.78671875 0.0703125 0.34609375
0 0.49140625 0.76171875 0.06875 0.24375
0 0.62421875 0.75078125 0.0703125 0.26640625
0 0.40859375 0.73828125 0.059375 0.2875
0 0.94453125 0.7671875 0.1109375 0.465625
0 0.45390625 0.72265625 0.0171875 0.12734375
0 0.68203125 0.74921875 0.0453125 0.20234375
0 0.37578125 0.72421875 0.040625 0.1875
17 0.4390625 0.69296875 0.0234375 0.08125
19 0.50390625 0.71171875 0.040625 0.06875
19 0.07109375 0.903125 0.140625 0.19375
19 0.38046875 0.68046875 0.03125 0.05625