0 0.40234375 0.284375 0.05625 0.3
0 0.0703125 0.32890625 0.075 0.159375
44 0.09609375 0.403125 0.0109375 0.0171875
44 0.10390625 0.41015625 0.0125 0.0171875
44 0.07265625 0.41484375 0.0125 0.0203125
44 0.1328125 0.42890625 0.015625 0.021875
67 0.87890625 0.15234375 0.2421875 0.221875
42 0.4734375 0.8328125 0.1609375 0.25625
42 0.65546875 0.76640625 0.6890625 0.4671875
42 0.34609375 0.51015625 0.3890625 0.209375
42 0.809375 0.4859375 0.375 0.23125
44 0.09453125 0.41875 0.0109375 0.015625
44 0.1890625 0.42734375 0.01875 0.0296875
44 0.06171875 0.41875 0.0125 0.021875
44 0.06640625 0.42109375 0.125 0.084375
44 0.16015625 0.43046875 0.0171875 0.028125
47 0.75 0.34375 0.034375 0.046875
47 0.72578125 0.3265625 0.078125 0.075
47 0.325 0.34765625 0.0265625 0.034375