52 0.56953125 0.53359375 0.6671875 0.928125
24 0.2234375 0.296875 0.203125 0.4265625
12 0.921875 0.15625 0.15625 0.05625
24 0.43203125 0.38671875 0.16875 0.509375
24 0.75703125 0.4203125 0.25625 0.5328125
24 0.63203125 0.36953125 0.2078125 0.5765625
24 0.521875 0.71796875 0.1046875 0.1578125
24 0.4875 0.4421875 0.2109375 0.703125
24 0.12265625 0.26015625 0.196875 0.45
24 0.31171875 0.5546875 0.175 0.165625
24 0.2015625 0.5984375 0.2234375 0.1734375
24 0.14765625 0.56484375 0.2953125 0.2203125
24 0.05546875 0.27890625 0.1046875 0.4296875