0 0.6703125 0.58359375 0.1140625 0.18125
0 0.196875 0.5359375 0.10625 0.175
5 0.36171875 0.69296875 0.221875 0.3296875
5 0.70703125 0.7265625 0.3640625 0.496875
5 0.89375 0.78125 0.11875 0.375
5 0.08125 0.746875 0.1015625 0.1
19 0.6234375 0.6875 0.0796875 0.0890625
17 0.621875 0.690625 0.0796875 0.0921875
17 0.8828125 0.5953125 0.0703125 0.134375
17 0.88671875 0.78125 0.1203125 0.1265625
64 0.7140625 0.6140625 0.0265625 0.0125
57 0.746875 0.66484375 0.2375 0.346875
57 0.24453125 0.6078125 0.3296875 0.35
60 0.26796875 0.496875 0.0609375 0.103125
60 0.72734375 0.58125 0.0671875 0.065625
5 0.240625 0.634375 0.334375 0.4140625
64 0.23671875 0.5234375 0.009375 0.0109375