77 0.7609375 0.39765625 0.05 0.0640625
0 0.7375 0.6265625 0.33125 0.746875
38 0.6375 0.4890625 0.034375 0.1296875
38 0.6359375 0.46640625 0.015625 0.0546875
38 0.628125 0.4609375 0.0171875 0.0640625
38 0.6078125 0.45546875 0.0171875 0.0546875
38 0.59609375 0.51640625 0.0109375 0.040625
38 0.60078125 0.53359375 0.0203125 0.071875
38 0.61015625 0.5359375 0.0203125 0.0734375
38 0.61640625 0.53984375 0.0203125 0.078125
59 0.89140625 0.6984375 0.2140625 0.35
72 0.2109375 0.26875 0.0296875 0.0375
38 0.61796875 0.45546875 0.0140625 0.0546875
54 0.965625 0.39765625 0.06875 0.1015625
65 0.48984375 0.4828125 0.05625 0.071875
38 0.62109375 0.459375 0.0125 0.053125