64 0.025 0.54609375 0.015625 0.01328125
52 0.39375 0.3921875 0.0421875 0.1078125
52 0.07734375 0.6328125 0.1515625 0.553125
57 0.2765625 0.33984375 0.1875 0.05859375
0 0.53359375 0.58515625 0.2984375 0.803125
0 0.49609375 0.26640625 0.165625 0.29609375
0 0.35 0.37265625 0.13125 0.24375
0 0.19921875 0.2875 0.0421875 0.08203125
0 0.05078125 0.29140625 0.0640625 0.13359375
36 0.971875 0.940625 0.05625 0.11875
36 0.86484375 0.70859375 0.0390625 0.1078125
51 0.7484375 0.84375 0.2015625 0.18984375
0 0.403125 0.284375 0.0296875 0.0734375
0 0.03046875 0.2765625 0.0609375 0.07578125
20 0.578125 0.41171875 0.0328125 0.0734375
20 0.5296875 0.28046875 0.04375 0.028125
20 0.29765625 0.27421875 0.0140625 0.00625
40 0.81328125 0.66328125 0.1296875 0.1015625
52 0.265625 0.41796875 0.0640625 0.16015625
52 0.096875 0.35078125 0.025 0.02578125
52 0.13515625 0.38984375 0.0625 0.13359375
57 0.0953125 0.36953125 0.0328125 0.0234375
0 0.30234375 0.2765625 0.071875 0.10390625
0 0.1765625 0.36171875 0.11875 0.26328125
52 0.08671875 0.39453125 0.021875 0.05390625
52 0.13046875 0.43515625 0.0609375 0.16640625
0 0.07109375 0.6328125 0.1421875 0.5640625
0 0.03984375 0.32734375 0.0796875 0.1515625
38 0.5578125 0.71484375 0.3609375 0.1515625
57 0.75546875 0.80234375 0.4375 0.390625