54 0.6328125 0.39921875 0.10625 0.2609375
52 0.7703125 0.7109375 0.2375 0.4984375
52 0.49765625 0.690625 0.2140625 0.46875
52 0.46875 0.44609375 0.10625 0.0890625
52 0.36875 0.6328125 0.1046875 0.409375
52 0.878125 0.621875 0.0765625 0.4140625
35 0.59921875 0.51015625 0.0328125 0.103125
35 0.56875 0.46796875 0.0375 0.0859375
35 0.48046875 0.47578125 0.028125 0.109375
35 0.71015625 0.47734375 0.0296875 0.090625
35 0.76640625 0.47734375 0.034375 0.0515625
35 0.67421875 0.51015625 0.071875 0.1390625
36 0.70546875 0.54296875 0.01875 0.04375
73 0.61796875 0.50078125 0.034375 0.06875
73 0.6625 0.4453125 0.0625 0.1953125
40 0.82265625 0.534375 0.0625 0.0234375
35 0.509375 0.48125 0.0296875 0.08125
52 0.7328125 0.4421875 0.084375 0.0859375
57 0.6578125 0.57734375 0.4078125 0.6234375