52 0.88984375 0.8109375 0.0953125 0.315625
52 0.89921875 0.66328125 0.0828125 0.1484375
52 0.8265625 0.634375 0.04375 0.1125
52 0.85 0.6453125 0.0421875 0.121875
0 0.33203125 0.41171875 0.3765625 0.8234375
0 0.15234375 0.5390625 0.23125 0.35
0 0.92421875 0.821875 0.1296875 0.35625
0 0.59609375 0.6296875 0.546875 0.6734375
0 0.78359375 0.54375 0.0828125 0.1296875
38 0.16640625 0.853125 0.1828125 0.06875
38 0.22421875 0.66875 0.0359375 0.046875
49 0.33671875 0.88203125 0.340625 0.215625
49 0.4765625 0.76796875 0.1625 0.0859375
57 0.45234375 0.81875 0.9046875 0.3625
57 0.9109375 0.6109375 0.125 0.0453125
0 0.0703125 0.84140625 0.140625 0.1453125
36 0.06875 0.7171875 0.06875 0.1640625
36 0.0234375 0.73359375 0.046875 0.1734375
36 0.6390625 0.87734375 0.109375 0.2453125
52 0.9734375 0.63359375 0.0375 0.05625
57 0.87265625 0.78125 0.08125 0.1296875
33 0.825 0.978125 0.03125 0.04375
36 0.69453125 0.9578125 0.1234375 0.084375
36 0.09921875 0.653125 0.0484375 0.1203125