58 0.675 0.84921875 0.596875 0.290625
58 0.77734375 0.8125 0.440625 0.3578125
58 0.3859375 0.76171875 0.521875 0.3109375
58 0.28125 0.56328125 0.190625 0.159375
58 0.51953125 0.47890625 0.203125 0.046875
58 0.6203125 0.45625 0.04375 0.0265625
58 0.475 0.4671875 0.14375 0.0453125
58 0.33515625 0.4703125 0.140625 0.053125
58 0.271875 0.45859375 0.1359375 0.0640625
58 0.7234375 0.53203125 0.2109375 0.15625
58 0.55703125 0.425 0.1984375 0.0609375
58 0.4109375 0.44296875 0.1171875 0.0421875
58 0.534375 0.5625 0.321875 0.165625
58 0.509375 0.50234375 0.4109375 0.265625