1 0.68125 0.4640625 0.05625 0.065625
1 0.3203125 0.7890625 0.1296875 0.25625
12 0.18203125 0.5484375 0.225 0.2328125
12 0.37109375 0.509375 0.1171875 0.1484375
12 0.51171875 0.44921875 0.09375 0.0671875
12 0.41796875 0.49140625 0.0859375 0.1171875
12 0.7109375 0.3765625 0.053125 0.05
12 0.47890625 0.42734375 0.0546875 0.05
12 0.0296875 0.54296875 0.059375 0.1046875
79 0.49921875 0.1859375 0.071875 0.1828125
79 0.440625 0.18046875 0.0625 0.140625
79 0.3546875 0.18828125 0.06875 0.1421875
17 0.7390625 0.575 0.15625 0.2359375
17 0.60546875 0.725 0.1078125 0.15625
0 0.4140625 0.76328125 0.225 0.4734375
0 0.3078125 0.621875 0.1578125 0.3640625
0 0.77109375 0.4171875 0.075 0.1453125
0 0.484375 0.55234375 0.1140625 0.2234375
0 0.77578125 0.6625 0.30625 0.603125
0 0.6375 0.76328125 0.221875 0.4328125
0 0.0859375 0.68203125 0.1671875 0.41875
0 0.97109375 0.409375 0.053125 0.0859375
0 0.67265625 0.41953125 0.06875 0.1421875
1 0.496875 0.6265625 0.1015625 0.1671875
79 0.29453125 0.2234375 0.0546875 0.121875
4 0.41328125 0.425 0.0390625 0.0875
0 0.2046875 0.49609375 0.03125 0.04375
0 0.3484375 0.484375 0.021875 0.0265625
1 0.11015625 0.83671875 0.1453125 0.259375
1 0.9703125 0.40078125 0.05625 0.103125
12 0.82265625 0.359375 0.01875 0.021875
79 0.4671875 0.3125 0.0640625 0.078125
12 0.55546875 0.41875 0.0640625 0.0421875
12 0.78984375 0.37578125 0.021875 0.0296875
12 0.05546875 0.48828125 0.1109375 0.0703125