26 0.79765625 0.321875 0.0140625 0.0234375
26 0.7859375 0.4328125 0.01875 0.028125
0 0.51328125 0.425 0.215625 0.4125
0 0.090625 0.35859375 0.1515625 0.4046875
0 0.32265625 0.40234375 0.146875 0.3515625
0 0.74609375 0.5359375 0.14375 0.4484375
29 0.46953125 0.246875 0.040625 0.0625
29 0.08125 0.19765625 0.03125 0.0609375
29 0.309375 0.2921875 0.034375 0.0328125
26 0.6078125 0.42890625 0.0078125 0.015625
29 0.95625 0.52421875 0.028125 0.05
29 0.7328125 0.475 0.0375 0.0609375
0 0.9078125 0.59140625 0.1421875 0.3484375