59 0.4171875 0.290625 0.1296875 0.2796875
52 0.46640625 0.6921875 0.2328125 0.3765625
52 0.0546875 0.259375 0.0875 0.159375
57 0.68671875 0.80390625 0.6078125 0.3921875
0 0.72890625 0.459375 0.4046875 0.7203125
54 0.4015625 0.08125 0.13125 0.1625
37 0.80625 0.95078125 0.234375 0.0984375
39 0.753125 0.67421875 0.165625 0.0453125
40 0.88984375 0.7375 0.2 0.184375
26 0.1609375 0.3296875 0.034375 0.04375
49 0.84609375 0.671875 0.0640625 0.0796875
71 0.15625 0.3828125 0.0453125 0.021875
37 0.80078125 0.6828125 0.071875 0.0296875
49 0.9265625 0.7359375 0.121875 0.1234375
53 0.08515625 0.71328125 0.1703125 0.4953125
0 0.9296875 0.13359375 0.140625 0.1359375