12 0.5 0.37890625 1 0.16796875
0 0.73046875 0.303125 0.41328125 0.2421875
1 0.93046875 0.434375 0.1359375 0.05234375
46 0.28125 0.42578125 0.05078125 0.028125
46 0.3265625 0.42265625 0.06640625 0.028125
46 0.371875 0.41484375 0.05859375 0.03203125
46 0.4453125 0.42734375 0.14921875 0.05390625
47 0.7796875 0.50625 0.02421875 0.03203125
47 0.74375 0.4921875 0.109375 0.02421875
47 0.7546875 0.4578125 0.034375 0.01796875
47 0.69765625 0.47578125 0.20234375 0.0421875
47 0.834375 0.51328125 0.075 0.0140625
47 0.80703125 0.5 0.02109375 0.01171875