33 0.13515625 0.05078125 0.0265625 0.1015625
33 0.15625 0.05078125 0.046875 0.1015625
33 0.2234375 0.05546875 0.034375 0.1109375
33 0.17421875 0.046875 0.0359375 0.09375
33 0.1984375 0.05234375 0.040625 0.1046875
33 0.25546875 0.05703125 0.0328125 0.1125
33 0.4328125 0.56796875 0.05 0.134375
33 0.34375 0.703125 0.0984375 0.1390625
33 0.11484375 0.04921875 0.0328125 0.0984375
33 0.0890625 0.05 0.04375 0.1
33 0.07109375 0.04765625 0.0453125 0.0953125
0 0.1828125 0.709375 0.365625 0.50625
0 0.33515625 0.3265625 0.25 0.3921875
0 0.8828125 0.46953125 0.234375 0.4890625
0 0.865625 0.4078125 0.26875 0.5125
0 0.55546875 0.32109375 0.21875 0.4046875
70 0.14375 0.38984375 0.2875 0.6015625
65 0.76015625 0.34609375 0.084375 0.0703125
33 0.759375 0.55859375 0.0671875 0.1671875
36 0.728125 0.54765625 0.0765625 0.2453125
65 0.5265625 0.171875 0.1921875 0.1515625
66 0.44453125 0.45546875 0.0484375 0.1078125
33 0.23671875 0.0765625 0.01875 0.071875
53 0.57265625 0.8203125 0.8015625 0.359375
57 0.62109375 0.6390625 0.534375 0.271875