23 0.31484375 0.56953125 0.1046875 0.2140625
23 0.58828125 0.5578125 0.13125 0.196875
23 0.42265625 0.58984375 0.06875 0.11875
23 0.51640625 0.5875 0.0640625 0.1046875
0 0.7953125 0.41640625 0.4078125 0.6015625
0 0.16171875 0.509375 0.2765625 0.5015625
0 0.57734375 0.5375 0.1390625 0.234375
0 0.33359375 0.5671875 0.090625 0.215625
0 0.48359375 0.590625 0.0484375 0.096875
0 0.4375 0.56328125 0.021875 0.04375
12 0.45625 0.60703125 0.05 0.071875
23 0.48203125 0.59921875 0.0265625 0.0703125
0 0.40859375 0.54375 0.0546875 0.0453125
0 0.51015625 0.53125 0.0375 0.05
23 0.16484375 0.515625 0.2953125 0.515625
23 0.8078125 0.453125 0.3359375 0.596875