8 0.48828125 0.7171875 0.45 0.34375
11 0.57265625 0.33046875 0.39140625 0.4265625
11 0.24453125 0.28125 0.13515625 0.2265625
11 0.79453125 0.2046875 0.15390625 0.121875
11 0.95625 0.21484375 0.0875 0.0984375
11 0.09765625 0.259375 0.18515625 0.1671875
11 0.70234375 0.2125 0.05 0.1015625
11 0.909375 0.1984375 0.07890625 0.0890625
11 0.06640625 0.16875 0.07890625 0.034375
11 0.17109375 0.16328125 0.0375 0.021875
11 0.13671875 0.1625 0.03515625 0.0171875
5 0.18359375 0.73125 0.13125 0.1171875
11 0.3375 0.26484375 0.14609375 0.1921875