33 0.5921875 0.746875 0.06875 0.234375
33 0.61015625 0.88671875 0.0671875 0.1703125
57 0.584375 0.87734375 0.515625 0.2453125
57 0.1109375 0.41328125 0.221875 0.2515625
57 0.16796875 0.26015625 0.0875 0.0890625
0 0.8171875 0.58515625 0.365625 0.7734375
0 0.7234375 0.378125 0.3515625 0.5484375
0 0.69375 0.23828125 0.1671875 0.340625
0 0.18984375 0.35546875 0.215625 0.4375
0 0.6234375 0.18671875 0.0625 0.103125
33 0.10078125 0.2625 0.0375 0.08125
20 0.32734375 0.65 0.05625 0.1640625
20 0.85703125 0.61796875 0.128125 0.26875
20 0.7765625 0.453125 0.0890625 0.2078125
36 0.5921875 0.6046875 0.059375 0.1359375
37 0.6859375 0.83515625 0.11875 0.0578125
37 0.4703125 0.675 0.0796875 0.04375
39 0.66171875 0.6515625 0.0828125 0.0421875
0 0.45625 0.24921875 0.1421875 0.2734375
33 0.5578125 0.33125 0.01875 0.0453125
33 0.584375 0.87578125 0.04375 0.11875
36 0.534375 0.478125 0.0453125 0.103125
36 0.53359375 0.6125 0.0578125 0.1328125
37 0.63828125 0.49609375 0.0625 0.0296875
38 0.4640625 0.77421875 0.0953125 0.028125
38 0.475 0.5765625 0.06875 0.0171875
52 0.190625 0.78515625 0.225 0.4296875
52 0.35546875 0.42421875 0.0890625 0.2859375
52 0.05390625 0.678125 0.1078125 0.5375
52 0.95078125 0.74453125 0.0984375 0.3609375
52 0.94453125 0.31328125 0.065625 0.1578125
52 0.31015625 0.27890625 0.0734375 0.184375
52 0.27734375 0.2875 0.046875 0.0984375
52 0.12890625 0.55234375 0.165625 0.3203125
52 0.2671875 0.22734375 0.034375 0.0796875
0 0.0421875 0.22734375 0.084375 0.2484375
20 0.19453125 0.28359375 0.028125 0.0546875
20 0.0109375 0.24609375 0.021875 0.05625
36 0.57578125 0.3015625 0.0328125 0.06875
36 0.53359375 0.3390625 0.03125 0.06875
36 0.53203125 0.284375 0.0234375 0.046875
36 0.5171875 0.30390625 0.028125 0.0625
36 0.11796875 0.32578125 0.028125 0.065625
36 0.5765625 0.46953125 0.0453125 0.1015625
39 0.4515625 0.78671875 0.0859375 0.04375
39 0.47265625 0.58125 0.0625 0.0265625
52 0.07734375 0.24453125 0.0515625 0.1203125
52 0.0453125 0.22578125 0.040625 0.0828125
33 0.01015625 0.36328125 0.0203125 0.0671875
38 0.634375 0.5046875 0.078125 0.021875
0 0.40390625 0.3109375 0.2140625 0.4375
0 0.321875 0.64921875 0.365625 0.7015625
52 0.26875 0.18046875 0.0265625 0.0421875
52 0.73046875 0.1578125 0.0390625 0.071875
57 0.56640625 0.3625 0.24375 0.2578125
57 0.55625 0.66015625 0.4953125 0.528125
52 0.24296875 0.5859375 0.4109375 0.828125