0 0.48359375 0.61796875 0.121875 0.2
25 0.509375 0.68203125 0.1375 0.13125
0 0.29921875 0.6078125 0.00625 0.009375
0 0.1078125 0.6546875 0.0078125 0.015625
0 0.890625 0.7828125 0.0140625 0.0140625
0 0.39765625 0.6 0.00625 0.009375
0 0.3125 0.60703125 0.009375 0.0125
5 0.0671875 0.58046875 0.0140625 0.0078125
5 0.74375 0.6828125 0.028125 0.021875
5 0.54453125 0.6296875 0.025 0.0171875
5 0.4 0.60078125 0.0328125 0.0390625
5 0.30703125 0.61953125 0.0234375 0.0125
5 0.22421875 0.6140625 0.025 0.015625
5 0.16796875 0.6109375 0.0234375 0.0140625