58 0.70703125 0.8171875 0.5859375 0.359375
58 0.79140625 0.76484375 0.4171875 0.4078125
58 0.428125 0.77578125 0.553125 0.3703125
58 0.29375 0.596875 0.2078125 0.18125
58 0.51640625 0.4765625 0.20625 0.071875
58 0.61171875 0.4375 0.046875 0.0328125
58 0.4703125 0.471875 0.1484375 0.0625
58 0.33203125 0.496875 0.1453125 0.06875
58 0.26796875 0.49453125 0.1421875 0.0796875
58 0.72578125 0.496875 0.228125 0.18125
58 0.54453125 0.4171875 0.203125 0.084375
58 0.403125 0.4578125 0.1203125 0.05625
58 0.54375 0.55625 0.3375 0.2015625
58 0.509375 0.50078125 0.4375 0.3125