45 0.69375 0.50390625 0.6125 0.6546875
0 0.3828125 0.83046875 0.16875 0.3390625
0 0.48828125 0.66328125 0.06875 0.1078125
0 0.6859375 0.78203125 0.1734375 0.3890625
0 0.5890625 0.765625 0.2328125 0.465625
0 0.49296875 0.8234375 0.1421875 0.353125
0 0.85 0.746875 0.1890625 0.40625
0 0.94375 0.73359375 0.1125 0.3859375
0 0.97578125 0.709375 0.0484375 0.38125
0 0.803125 0.753125 0.1796875 0.4109375
0 0.7546875 0.76640625 0.1484375 0.3609375
0 0.51015625 0.6375 0.0515625 0.0640625
0 0.9078125 0.73359375 0.1359375 0.38125
79 0.25703125 0.4140625 0.0890625 0.1671875
0 0.359375 0.79609375 0.1828125 0.3890625
0 0.553125 0.72734375 0.85625 0.5453125