4 0.61875 0.390625 0.0953125 0.2109375
0 0.925 0.27890625 0.0546875 0.1046875
0 0.86875 0.2765625 0.0390625 0.0984375
0 0.640625 0.18203125 0.025 0.05
0 0.8375 0.07421875 0.0171875 0.0234375
0 0.81328125 0.0640625 0.0140625 0.021875
0 0.275 0.16875 0.0390625 0.025
0 0.65625 0.184375 0.01875 0.0453125
12 0.109375 0.68671875 0.21875 0.5578125
12 0.33203125 0.425 0.5375 0.4578125
4 0.12578125 0.14140625 0.0296875 0.021875
0 0.12734375 0.140625 0.0234375 0.021875
0 0.04921875 0.1421875 0.0421875 0.040625
0 0.30625 0.16875 0.0296875 0.028125
0 0.828125 0.090625 0.0140625 0.0171875
12 0.75859375 0.29453125 0.2015625 0.1453125
12 0.29375 0.20234375 0.15625 0.0578125
12 0.36796875 0.20859375 0.1296875 0.0671875
12 0.23515625 0.5109375 0.4703125 0.590625
12 0.12421875 0.175 0.18125 0.0703125
12 0.6890625 0.3015625 0.228125 0.1546875
12 0.81953125 0.15 0.05 0.034375
12 0.43984375 0.21953125 0.075 0.059375
12 0.07109375 0.19609375 0.096875 0.078125
0 0.84296875 0.06796875 0.0109375 0.01875