0 0.09609375 0.5859375 0.0171875 0.028125
0 0.0546875 0.5828125 0.0375 0.06875
0 0.0203125 0.590625 0.034375 0.0703125
0 0.240625 0.56640625 0.0265625 0.05
31 0.73125 0.58046875 0.2875 0.421875
31 0.60078125 0.49140625 0.3078125 0.5296875
31 0.66875 0.55 0.31875 0.4453125
31 0.50390625 0.4578125 0.196875 0.2859375
31 0.425 0.54453125 0.240625 0.3703125
31 0.44296875 0.4484375 0.1984375 0.2265625
0 0.325 0.55078125 0.0109375 0.021875
0 0.33515625 0.55625 0.0234375 0.025
0 0.30546875 0.553125 0.009375 0.0109375
0 0.2265625 0.58125 0.0171875 0.025
0 0.18125 0.56171875 0.0125 0.0109375
0 0.31640625 0.55234375 0.015625 0.0171875
31 0.51953125 0.43125 0.1609375 0.2296875
0 0.11953125 0.56875 0.0109375 0.00625
0 0.31953125 0.56953125 0.0171875 0.0203125
31 0.4515625 0.61171875 0.2 0.3453125
31 0.378125 0.50546875 0.0671875 0.1328125
0 0.1375 0.525 0.00625 0.00625
0 0.1484375 0.525 0.0265625 0.01875