54 0.43984375 0.50234375 0.225 0.3234375
57 0.3046875 0.765625 0.590625 0.46875
36 0.46484375 0.5921875 0.0703125 0.1390625
36 0.8140625 0.7046875 0.0921875 0.1375
36 0.20078125 0.57734375 0.06875 0.0765625
36 0.08046875 0.5890625 0.06875 0.09375
36 0.2234375 0.325 0.096875 0.1453125
36 0.2453125 0.70625 0.0453125 0.0921875
37 0.296875 0.709375 0.1140625 0.0875
37 0.36328125 0.7703125 0.13125 0.103125
39 0.33828125 0.7328125 0.11875 0.0859375
39 0.3484375 0.7578125 0.121875 0.1
36 0.215625 0.69140625 0.0328125 0.075
37 0.30625 0.71328125 0.115625 0.0828125
40 0.06953125 0.696875 0.1109375 0.1296875
73 0.46328125 0.59453125 0.0703125 0.134375
39 0.34140625 0.7515625 0.0875 0.084375
36 0.26796875 0.68984375 0.028125 0.0671875
36 0.24453125 0.6828125 0.0421875 0.090625
38 0.32421875 0.728125 0.128125 0.0875
36 0.27734375 0.6765625 0.040625 0.078125