52 0.21484375 0.19453125 0.275 0.38359375
37 0.10859375 0.41328125 0.078125 0.15
38 0.71015625 0.78984375 0.1234375 0.1125
40 0.384375 0.7 0.3171875 0.37109375
40 0.2546875 0.48984375 0.2109375 0.26640625
40 0.23125 0.37578125 0.1203125 0.09375
46 0.396875 0.6625 0.0859375 0.08984375
46 0.43046875 0.76328125 0.05 0.06484375
39 0.34296875 0.42265625 0.1859375 0.15234375
39 0.33515625 0.60078125 0.1359375 0.36640625
40 0.71328125 0.39453125 0.1109375 0.12734375
40 0.6515625 0.75234375 0.1625 0.20390625
46 0.38671875 0.859375 0.0546875 0.04140625
46 0.48828125 0.74765625 0.025 0.025
57 0.50078125 0.64296875 0.9984375 0.68359375
40 0.0890625 0.44609375 0.178125 0.21015625
46 0.40234375 0.74765625 0.034375 0.05234375
46 0.3171875 0.790625 0.025 0.01875