0 0.39140625 0.28984375 0.071875 0.3015625
0 0.06171875 0.3515625 0.0828125 0.1625
44 0.09140625 0.42421875 0.0125 0.0171875
44 0.1 0.43125 0.0140625 0.0171875
44 0.06875 0.4375 0.0140625 0.0203125
44 0.1296875 0.4484375 0.0171875 0.0234375
67 0.86015625 0.1328125 0.253125 0.234375
42 0.490625 0.83359375 0.1734375 0.265625
42 0.65625 0.753125 0.6875 0.49375
42 0.346875 0.51796875 0.4 0.2296875
42 0.8078125 0.46953125 0.384375 0.2515625
44 0.090625 0.43984375 0.0109375 0.015625
44 0.1859375 0.44375 0.0203125 0.03125
44 0.0578125 0.4421875 0.0140625 0.0234375
44 0.06328125 0.44296875 0.1265625 0.0921875
44 0.15703125 0.4484375 0.01875 0.028125
47 0.74140625 0.33125 0.0375 0.05
47 0.71640625 0.31484375 0.08125 0.0796875
47 0.3171875 0.35703125 0.028125 0.0359375