45 0.6390625 0.5109375 0.721875 0.359375
0 0.37578125 0.771875 0.146875 0.3328125
0 0.28046875 0.7453125 0.0859375 0.246875
0 0.58046875 0.76328125 0.115625 0.296875
0 0.6125 0.71640625 0.1078125 0.29375
0 0.6671875 0.7828125 0.134375 0.3640625
0 0.721875 0.7421875 0.0921875 0.2
0 0.76171875 0.68359375 0.1125 0.3296875
0 0.81171875 0.6453125 0.0953125 0.2515625
0 0.8703125 0.64453125 0.1015625 0.234375
0 0.9890625 0.67890625 0.021875 0.2984375
0 0.778125 0.6265625 0.0546875 0.1828125
19 0.971875 0.634375 0.05625 0.109375
19 0.66796875 0.73515625 0.0625 0.0984375
0 0.9625 0.67421875 0.075 0.2796875
19 0.8375 0.7296875 0.065625 0.096875