40 0.178125 0.171875 0.203125 0.084375
40 0.184375 0.25859375 0.1578125 0.0765625
66 0.79296875 0.69765625 0.4140625 0.5046875
71 0.3078125 0.8796875 0.034375 0.0828125
71 0.2859375 0.884375 0.0296875 0.0828125
0 0.04609375 0.5640625 0.0921875 0.328125
33 0.92578125 0.41171875 0.0640625 0.1140625
33 0.87265625 0.425 0.053125 0.0765625
33 0.98046875 0.43046875 0.0390625 0.0890625
33 0.2796875 0.78515625 0.053125 0.09375
33 0.2140625 0.80390625 0.0578125 0.103125
33 0.18984375 0.68984375 0.059375 0.10625
33 0.24921875 0.81171875 0.0359375 0.0640625
33 0.43828125 0.41796875 0.0375 0.0421875
33 0.95546875 0.41796875 0.065625 0.1109375
33 0.265625 0.62578125 0.053125 0.05625
40 0.20859375 0.4 0.171875 0.10625
65 0.8484375 0.26484375 0.2640625 0.2265625
71 0.3421875 0.87265625 0.0359375 0.0921875
71 0.325 0.87421875 0.034375 0.0890625
71 0.20703125 0.915625 0.028125 0.090625
71 0.24765625 0.90078125 0.05625 0.1
71 0.27109375 0.89375 0.025 0.078125
33 0.2015625 0.5859375 0.0578125 0.04375
33 0.41484375 0.4203125 0.0359375 0.05625
33 0.290625 0.68125 0.065625 0.084375
33 0.31875 0.3421875 0.3375 0.5046875