1 0.51484375 0.659375 0.0671875 0.2171875
0 0.31484375 0.6578125 0.1125 0.4
0 0.52578125 0.57734375 0.0890625 0.33125
0 0.021875 0.56484375 0.04375 0.1203125
0 0.57109375 0.42734375 0.01875 0.065625
0 0.58125 0.3921875 0.0140625 0.059375
0 0.6125 0.39921875 0.015625 0.059375
0 0.4796875 0.46171875 0.01875 0.0328125
0 0.59765625 0.4109375 0.0078125 0.0328125
17 0.53046875 0.603125 0.05625 0.0640625
0 0.6234375 0.4109375 0.0140625 0.0421875
0 0.56015625 0.35625 0.015625 0.0546875
0 0.4921875 0.44609375 0.0171875 0.0515625
5 0.26171875 0.34375 0.034375 0.0234375
0 0.465625 0.48203125 0.01875 0.065625
0 0.40625 0.6453125 0.1078125 0.4453125
0 0.3984375 0.40078125 0.409375 0.1921875