59 0.6984375 0.375 0.1609375 0.2109375
33 0.771875 0.82890625 0.046875 0.11875
33 0.3921875 0.49453125 0.0234375 0.0734375
33 0.190625 0.64765625 0.040625 0.121875
33 0.2125 0.65703125 0.0375 0.1078125
33 0.05234375 0.43125 0.0203125 0.0484375
53 0.6984375 0.7515625 0.5125 0.496875
53 0.3 0.51171875 0.375 0.3625
0 0.3875 0.54609375 0.1890625 0.375
0 0.24765625 0.44765625 0.15625 0.2140625
0 0.60859375 0.73984375 0.4296875 0.5203125
0 0.1875 0.8359375 0.3421875 0.284375
0 0.76171875 0.828125 0.4203125 0.34375
0 0.065625 0.59296875 0.13125 0.4015625
72 0.98359375 0.18359375 0.0328125 0.1265625
60 0.57265625 0.509375 0.1046875 0.125
40 0.203125 0.5984375 0.096875 0.0921875
64 0.2015625 0.86796875 0.0375 0.0734375
0 0.053125 0.78046875 0.10625 0.1703125
36 0.3 0.55390625 0.028125 0.046875
33 0.078125 0.478125 0.028125 0.075
33 0.2953125 0.5984375 0.025 0.0515625
0 0.0828125 0.596875 0.165625 0.203125