33 0.18203125 0.3125 0.040625 0.0890625
33 0.384375 0.33828125 0.0296875 0.0734375
33 0.409375 0.32890625 0.0359375 0.09375
1 0.475 0.68984375 0.95 0.5046875
40 0.37578125 0.021875 0.1515625 0.04375
68 0.89609375 0.490625 0.0828125 0.0703125
36 0.56640625 0.41328125 0.05 0.05
39 0.75390625 0.425 0.0390625 0.0453125
40 0.64921875 0.42109375 0.05625 0.040625
69 0.60234375 0.49921875 0.24375 0.059375
66 0.22578125 0.5953125 0.3765625 0.390625
33 0.74765625 0.4765625 0.0421875 0.0828125
33 0.51015625 0.0265625 0.0765625 0.053125
33 0.8078125 0.0484375 0.071875 0.053125