0 0.5234375 0.25234375 0.05625 0.35703125
0 0.59921875 0.24921875 0.078125 0.33515625
0 0.29921875 0.17890625 0.053125 0.1609375
0 0.1984375 0.3625 0.146875 0.3015625
0 0.86015625 0.240625 0.0609375 0.365625
0 0.76953125 0.41953125 0.221875 0.390625
0 0.31328125 0.26328125 0.0828125 0.13046875
0 0.69609375 0.25234375 0.0515625 0.08828125
0 0.7890625 0.23125 0.0609375 0.34921875
19 0.68671875 0.52109375 0.1125 0.17421875
0 0.0828125 0.3640625 0.1234375 0.33515625
17 0.11484375 0.453125 0.053125 0.12734375
17 0.70390625 0.71875 0.0515625 0.1578125
17 0.1765625 0.2578125 0.0609375 0.08046875
17 0.5625 0.58203125 0.0546875 0.04453125
0 0.9015625 0.24375 0.0734375 0.36875
17 0.34921875 0.76484375 0.121875 0.28828125
17 0.3515625 0.38671875 0.075 0.1609375
17 0.315625 0.515625 0.0734375 0.121875
17 0.13671875 0.71015625 0.096875 0.2546875
17 0.47734375 0.7171875 0.103125 0.21015625
17 0.0796875 0.62578125 0.1015625 0.2078125
17 0.44453125 0.45546875 0.05625 0.146875
17 0.628125 0.3625 0.0625 0.11875
21 0.828125 0.6703125 0.075 0.2328125
17 0.5109375 0.478125 0.0671875 0.1328125
59 0.5984375 0.0375 0.08125 0.075
21 0.1734375 0.60390625 0.0875 0.19375
17 0.40859375 0.6578125 0.5828125 0.46796875