54 0.97578125 0.67890625 0.0484375 0.2890625
56 0.478125 0.5640625 0.484375 0.5765625
0 0.74609375 0.42578125 0.0765625 0.2203125
0 0.6765625 0.43203125 0.0578125 0.203125
0 0.44375 0.41015625 0.05625 0.10625
0 0.0875 0.640625 0.175 0.65
20 0.74453125 0.38125 0.0125 0.0609375
19 0.69296875 0.42578125 0.04375 0.04375
0 0.23671875 0.4359375 0.0296875 0.0984375
5 0.02421875 0.571875 0.0484375 0.121875
19 0.1375 0.7421875 0.028125 0.0671875
0 0.1375 0.615625 0.1359375 0.521875
0 0.35390625 0.45859375 0.0359375 0.05625