79 0.31328125 0.41328125 0.025 0.0625
5 0.9625 0.575 0.075 0.071875
12 0.4046875 0.628125 0.1046875 0.1171875
0 0.4875 0.57109375 0.0171875 0.025
0 0.13671875 0.62265625 0.015625 0.0171875
0 0.05078125 0.6328125 0.0390625 0.1046875
0 0.80625 0.54609375 0.0234375 0.0421875
12 0.015625 0.5640625 0.028125 0.0390625
12 0.640625 0.60625 0.0828125 0.09375
12 0.16328125 0.640625 0.128125 0.0921875
12 0.1234375 0.6125 0.0328125 0.0328125
12 0.796875 0.61953125 0.2609375 0.26875
12 0.66953125 0.61015625 0.0609375 0.10625
12 0.371875 0.609375 0.0890625 0.090625
12 0.0625 0.5515625 0.0109375 0.0171875
12 0.22265625 0.63046875 0.0375 0.0640625
79 0.353125 0.29375 0.0375 0.0921875
12 0.509375 0.609375 0.15625 0.175