9 0.38984375 0.43515625 0.084375 0.07265625
9 0.4828125 0.428125 0.071875 0.08359375
9 0.321875 0.43515625 0.0234375 0.07265625
9 0.43515625 0.434375 0.01875 0.06875
11 0.39609375 0.43359375 0.1109375 0.075
0 0.475 0.3625 0.0328125 0.04765625
0 0.7265625 0.4625 0.0109375 0.01875
0 0.790625 0.46796875 0.0109375 0.02265625
0 0.821875 0.47421875 0.0078125 0.02109375
0 0.85546875 0.47890625 0.0109375 0.025
0 0.65546875 0.51640625 0.021875 0.05
67 0.76328125 0.59140625 0.346875 0.13515625
0 0.7921875 0.490625 0.0171875 0.025
0 0.21796875 0.44453125 0.015625 0.01875
0 0.24140625 0.44140625 0.01875 0.02265625
0 0.99609375 0.5375 0.0078125 0.0125
0 0.97421875 0.5375 0.0171875 0.01484375
9 0.353125 0.43203125 0.05625 0.08125
11 0.32890625 0.43359375 0.0359375 0.07734375
0 0.95703125 0.53125 0.0140625 0.02734375
0 0.49375 0.50234375 0.984375 0.225