52 0.20078125 0.26171875 0.121875 0.1578125
0 0.33046875 0.16015625 0.2328125 0.2390625
0 0.53984375 0.115625 0.2453125 0.23125
0 0.74765625 0.25 0.2328125 0.4890625
0 0.846875 0.2921875 0.26875 0.584375
0 0.78828125 0.5734375 0.4234375 0.796875
0 0.08671875 0.3796875 0.1734375 0.44375
35 0.43984375 0.85546875 0.0921875 0.171875
36 0.5625 0.31953125 0.0484375 0.0953125
38 0.73203125 0.43671875 0.0796875 0.0328125
38 0.528125 0.23046875 0.0203125 0.0328125
38 0.66328125 0.2703125 0.0203125 0.0234375
40 0.45703125 0.6296875 0.24375 0.2328125
49 0.6671875 0.83828125 0.2953125 0.2296875
33 0.1515625 0.734375 0.090625 0.246875
33 0.178125 0.5515625 0.0703125 0.2046875
33 0.53125 0.47265625 0.053125 0.16875
33 0.44765625 0.4421875 0.065625 0.1703125
37 0.63984375 0.70546875 0.046875 0.0328125
49 0.65234375 0.4390625 0.1671875 0.109375
49 0.6453125 0.29609375 0.1015625 0.0453125
49 0.13359375 0.5015625 0.1765625 0.096875
49 0.51171875 0.246875 0.0953125 0.0375
49 0.60234375 0.2765625 0.04375 0.025
57 0.44921875 0.571875 0.8984375 0.85625
33 0.5109375 0.225 0.0328125 0.1015625
33 0.2765625 0.34453125 0.046875 0.140625
33 0.303125 0.2625 0.0359375 0.1109375
33 0.3265625 0.2609375 0.0421875 0.1296875
33 0.421875 0.23515625 0.034375 0.10625
33 0.4515625 0.23203125 0.0328125 0.10625
33 0.5734375 0.8671875 0.0921875 0.2265625
36 0.47734375 0.88828125 0.1078125 0.2109375
37 0.721875 0.45390625 0.103125 0.0296875
37 0.54765625 0.23203125 0.0203125 0.03125
38 0.8078125 0.78203125 0.171875 0.1125
40 0.30546875 0.47578125 0.184375 0.1546875
33 0.27734375 0.23984375 0.03125 0.0890625
33 0.32578125 0.33984375 0.046875 0.13125
49 0.60859375 0.28671875 0.0328125 0.0203125
33 0.340625 0.5703125 0.68125 0.85625