33 0.47265625 0.396875 0.0171875 0.075
33 0.9765625 0.66171875 0.0390625 0.15
72 0.921875 0.19453125 0.05625 0.16640625
33 0.5171875 0.38515625 0.015625 0.0890625
52 0.6296875 0.83515625 0.1203125 0.30703125
52 0.6921875 0.734375 0.0890625 0.31875
65 0.0453125 0.615625 0.090625 0.25078125
66 0.225 0.66171875 0.2671875 0.578125
69 0.5609375 0.46875 0.096875 0.02578125
33 0.9609375 0.6203125 0.021875 0.084375
33 0.5375 0.365625 0.0203125 0.05625
39 0.971875 0.3703125 0.03125 0.17109375
70 0.853125 0.87109375 0.221875 0.23203125
39 0.9890625 0.39609375 0.021875 0.1125
33 0.94296875 0.56171875 0.0203125 0.10078125