54 0.60078125 0.5453125 0.090625 0.1078125
59 0.71953125 0.53515625 0.0921875 0.1078125
33 0.60703125 0.6546875 0.03125 0.1
52 0.63203125 0.8640625 0.190625 0.240625
52 0.34765625 0.9015625 0.2265625 0.196875
52 0.975 0.871875 0.05 0.125
52 0.64375 0.68046875 0.0515625 0.0546875
52 0.97890625 0.609375 0.0421875 0.134375
57 0.48359375 0.84375 0.4265625 0.3125
35 0.60234375 0.68828125 0.034375 0.05625
35 0.575 0.6796875 0.028125 0.0703125
40 0.8984375 0.7140625 0.059375 0.046875
41 0.40546875 0.71796875 0.059375 0.0515625
65 0.840625 0.59609375 0.125 0.115625
42 0.39296875 0.74921875 0.01875 0.01875
42 0.41640625 0.73515625 0.0234375 0.034375
52 0.36953125 0.73671875 0.0734375 0.0875
42 0.38125 0.74375 0.0171875 0.021875