20 0.615625 0.63515625 0.08125 0.409375
0 0.7390625 0.58046875 0.521875 0.8390625
0 0.35546875 0.61328125 0.4328125 0.7484375
0 0.0875 0.51953125 0.175 0.4171875
71 0.81171875 0.909375 0.134375 0.15625
36 0.83828125 0.30546875 0.0375 0.0203125
36 0.89140625 0.3078125 0.040625 0.021875
36 0.9359375 0.309375 0.0421875 0.021875
36 0.98203125 0.3125 0.0359375 0.021875
40 0.90703125 0.40390625 0.034375 0.025
40 0.75859375 0.29765625 0.0453125 0.03125
36 0.86796875 0.30859375 0.025 0.01875
0 0.11953125 0.375 0.1265625 0.165625
36 0.26171875 0.2703125 0.0328125 0.04375
19 0.21484375 0.8921875 0.2453125 0.1796875