40 0.528125 0.5 0.915625 1
46 0.625 0.7125 0.0859375 0.1296875
46 0.4015625 0.67890625 0.090625 0.11875
47 0.60390625 0.77265625 0.0796875 0.1125
47 0.7515625 0.39609375 0.040625 0.0671875
47 0.6640625 0.24609375 0.0359375 0.0515625
47 0.3296875 0.4765625 0.05 0.065625
47 0.56171875 0.55859375 0.071875 0.0609375
47 0.5453125 0.7671875 0.040625 0.05625
46 0.33125 0.61796875 0.05 0.065625
46 0.353125 0.33984375 0.1015625 0.090625
46 0.56796875 0.1875 0.025 0.03125
46 0.4859375 0.5046875 0.04375 0.0578125
46 0.446875 0.2953125 0.065625 0.0921875
46 0.753125 0.67578125 0.0453125 0.0859375
46 0.4578125 0.17734375 0.065625 0.0765625
46 0.24140625 0.51171875 0.096875 0.1125
47 0.396875 0.5421875 0.071875 0.075
47 0.45546875 0.565625 0.0875 0.0671875