0 0.8359375 0.4 0.2796875 0.48359375
0 0.0703125 0.49140625 0.1359375 0.98125
42 0.9046875 0.109375 0.0203125 0.025
42 0.9859375 0.10703125 0.028125 0.025
42 0.96875 0.13125 0.0109375 0.02734375
42 0.89296875 0.128125 0.0234375 0.02265625
42 0.88046875 0.12421875 0.021875 0.02734375
42 0.91484375 0.11953125 0.0375 0.05859375
42 0.90078125 0.103125 0.03125 0.02734375
19 0.90546875 0.55078125 0.1890625 0.32890625
41 0.79296875 0.65703125 0.221875 0.175
41 0.4421875 0.60234375 0.140625 0.11640625
41 0.20546875 0.58125 0.146875 0.12109375
41 0.28828125 0.63203125 0.171875 0.125
41 0.63671875 0.26328125 0.059375 0.05
41 0.6453125 0.61171875 0.1078125 0.10234375
41 0.1625 0.2 0.0984375 0.07265625
41 0.359375 0.159375 0.05 0.01640625
41 0.4625 0.13828125 0.096875 0.05234375
41 0.31875 0.55546875 0.0921875 0.06640625
41 0.45 0.5375 0.1046875 0.05390625
41 0.5015625 0.63203125 0.14375 0.09609375
42 0.73046875 0.35859375 0.03125 0.02265625
42 0.68359375 0.31484375 0.0296875 0.03359375
42 0.69609375 0.340625 0.028125 0.03359375
42 0.91640625 0.25234375 0.021875 0.03125
42 0.65390625 0.32109375 0.0265625 0.02890625
41 0.621875 0.70546875 0.165625 0.14609375
42 0.490625 0.32578125 0.03125 0.03984375
0 0.075 0.46953125 0.0921875 0.93515625
42 0.7203125 0.47265625 0.55625 0.92109375
41 0.4609375 0.40078125 0.453125 0.8015625