53 0.49765625 0.7984375 0.2578125 0.3984375
0 0.30625 0.59921875 0.409375 0.8015625
0 0.7203125 0.60234375 0.425 0.7890625
33 0.03828125 0.75390625 0.0296875 0.0953125
33 0.98984375 0.9171875 0.0203125 0.1
33 0.02421875 0.75859375 0.0203125 0.0875
62 0.87734375 0.51796875 0.0375 0.034375
62 0.4265625 0.60859375 0.040625 0.0359375
17 0.84609375 0.8484375 0.159375 0.196875
54 0.934375 0.4859375 0.13125 0.303125
62 0.44140625 0.50625 0.0296875 0.0375
62 0.63046875 0.45390625 0.0609375 0.103125
52 0.496875 0.79375 0.253125 0.4125