33 0.7359375 0.03984375 0.028125 0.0796875
33 0.71796875 0.065625 0.025 0.0765625
33 0.70390625 0.0890625 0.0265625 0.0703125
33 0.8515625 0.5015625 0.0140625 0.0421875
33 0.8796875 0.5 0.01875 0.0578125
33 0.8609375 0.49453125 0.01875 0.0625
33 0.8859375 0.4875 0.0109375 0.0359375
70 0.1515625 0.54765625 0.303125 0.9046875
65 0.28984375 0.6125 0.1421875 0.125
66 0.82421875 0.7359375 0.3203125 0.4734375
69 0.29375 0.72265625 0.1 0.084375
33 0.87109375 0.49921875 0.0203125 0.0578125
33 0.84296875 0.4984375 0.015625 0.04375
35 0.1140625 0.10546875 0.0390625 0.09375
35 0.15703125 0.14453125 0.034375 0.0828125
36 0.3125 0.2078125 0.0234375 0.053125
44 0.2578125 0.56484375 0.034375 0.0296875
73 0.378125 0.20078125 0.025 0.0484375
73 0.36484375 0.6203125 0.0234375 0.046875
73 0.34453125 0.20546875 0.025 0.0515625
33 0.74765625 0.03046875 0.0296875 0.0609375
33 0.8375 0.49921875 0.0125 0.0375
0 0.14140625 0.39140625 0.0375 0.096875
0 0.2 0.57734375 0.0171875 0.04375
36 0.1375 0.128125 0.0328125 0.0890625