0 0.7109375 0.11484375 0.2171875 0.22734375
0 0.11875 0.59765625 0.234375 0.77734375
50 0.56953125 0.5515625 0.1125 0.09375
50 0.634375 0.49765625 0.096875 0.10546875
50 0.69609375 0.45546875 0.0921875 0.09375
50 0.7609375 0.39921875 0.0875 0.084375
50 0.8046875 0.3578125 0.084375 0.08203125
50 0.303125 0.36484375 0.0734375 0.046875
50 0.771875 0.55078125 0.10625 0.10546875
50 0.6953125 0.62578125 0.1171875 0.11953125
50 0.4640625 0.69921875 0.0953125 0.1171875
50 0.5171875 0.78203125 0.1046875 0.121875
50 0.50625 0.5015625 0.090625 0.10078125
50 0.4296875 0.434375 0.0875 0.075
50 0.8234375 0.4984375 0.0921875 0.103125
0 0.4703125 0.08125 0.2015625 0.16171875
51 0.86484375 0.45859375 0.09375 0.09375
51 0.91015625 0.4109375 0.090625 0.0703125
50 0.57421875 0.57265625 0.8390625 0.85