54 0.48828125 0.4921875 0.9765625 0.984375
73 0.51171875 0.8078125 0.434375 0.365625
35 0.96953125 0.73984375 0.0546875 0.1109375
35 0.909375 0.7390625 0.06875 0.109375
35 0.87109375 0.7359375 0.0640625 0.1125
35 0.81015625 0.734375 0.0828125 0.1109375
35 0.70078125 0.73203125 0.065625 0.0953125
35 0.871875 0.67734375 0.053125 0.009375
35 0.80546875 0.70625 0.059375 0.075
35 0.9453125 0.72578125 0.0453125 0.090625
35 0.93984375 0.64453125 0.03125 0.0078125
35 0.746875 0.73671875 0.0546875 0.0875
35 0.87265625 0.64921875 0.059375 0.009375
35 0.809375 0.66875 0.059375 0.0109375
35 0.7109375 0.675 0.0515625 0.021875
35 0.82890625 0.6953125 0.3328125 0.1578125