45 0.6890625 0.575 0.621875 0.646875
0 0.27890625 0.78203125 0.1625 0.3546875
0 0.4359375 0.65078125 0.0671875 0.1078125
0 0.58359375 0.81640625 0.1671875 0.3671875
0 0.496875 0.77421875 0.225 0.4515625
0 0.3859375 0.80859375 0.1359375 0.3625
0 0.74921875 0.821875 0.1828125 0.35625
0 0.86015625 0.8390625 0.1421875 0.321875
0 0.9140625 0.8375 0.1125 0.325
0 0.70390625 0.81640625 0.1734375 0.3671875
0 0.65390625 0.8265625 0.1421875 0.346875
0 0.46484375 0.63359375 0.05 0.0640625
0 0.80859375 0.83125 0.1296875 0.3375
79 0.2984375 0.33984375 0.0859375 0.1671875
0 0.2703125 0.734375 0.1765625 0.3875
0 0.46875 0.7328125 0.85 0.534375