56 0.49609375 0.46328125 0.5234375 0.1375
78 0.32578125 0.846875 0.090625 0.1359375
78 0.33046875 0.76171875 0.0484375 0.0453125
78 0.36015625 0.68671875 0.03125 0.0296875
78 0.5921875 0.78203125 0.0640625 0.0671875
78 0.58671875 0.703125 0.0828125 0.0953125
0 0.334375 0.7515625 0.0125 0.01875
0 0.32109375 0.74765625 0.0109375 0.01875
0 0.60234375 0.77265625 0.0109375 0.01875
0 0.5875 0.77109375 0.0125 0.0234375
0 0.3328125 0.8421875 0.0171875 0.0296875
0 0.32421875 0.8546875 0.01875 0.0265625
0 0.328125 0.759375 0.0125 0.0125
0 0.3671875 0.67421875 0.0078125 0.0109375
0 0.59609375 0.76796875 0.0078125 0.0140625
78 0.68828125 0.6609375 0.071875 0.03125
0 0.30625 0.8171875 0.0140625 0.0234375
0 0.33671875 0.86015625 0.0109375 0.021875
0 0.35390625 0.671875 0.0078125 0.0125
0 0.57890625 0.76640625 0.0078125 0.0125
0 0.58828125 0.7109375 0.0546875 0.0359375