33 0.87265625 0.65390625 0.0421875 0.0984375
72 0.86015625 0.2625 0.1046875 0.0734375
0 0.45703125 0.6703125 0.3203125 0.64375
38 0.80703125 0.5125 0.01875 0.04375
38 0.83046875 0.51484375 0.021875 0.0703125
38 0.93125 0.52109375 0.053125 0.0921875
40 0.05 0.440625 0.08125 0.0203125
66 0.165625 0.76875 0.33125 0.4375
38 0.88515625 0.515625 0.015625 0.0546875
38 0.8953125 0.51953125 0.009375 0.04375
0 0.61796875 0.625 0.31875 0.5046875
38 0.8453125 0.5046875 0.0265625 0.090625
38 0.86640625 0.515625 0.0171875 0.05
66 0.03515625 0.81484375 0.0703125 0.3046875