6 0.38515625 0.47578125 0.4765625 0.7890625
0 0.4796875 0.26953125 0.31875 0.5390625
0 0.54375 0.0953125 0.0734375 0.1546875
0 0.6125 0.1453125 0.0703125 0.1046875
0 0.68828125 0.14375 0.0359375 0.06875
57 0.59609375 0.29921875 0.196875 0.24375
57 0.92265625 0.221875 0.1546875 0.03125
57 0.79453125 0.203125 0.0859375 0.01875
36 0.58203125 0.18125 0.028125 0.053125
52 0.44765625 0.38125 0.2375 0.2828125
52 0.43671875 0.3 0.1671875 0.153125
52 0.6953125 0.35859375 0.1984375 0.346875
52 0.659375 0.29609375 0.1453125 0.2328125
52 0.6359375 0.27734375 0.096875 0.125
0 0.64921875 0.11484375 0.065625 0.1734375
52 0.6421875 0.28125 0.0890625 0.0890625
52 0.921875 0.3484375 0.15625 0.275
52 0.96171875 0.39140625 0.0765625 0.3390625
57 0.728125 0.1875 0.1203125 0.0203125
52 0.8390625 0.309375 0.140625 0.23125
52 0.62265625 0.240625 0.05625 0.0375
57 0.55234375 0.18203125 0.096875 0.01875
52 0.60546875 0.2078125 0.246875 0.1