78 0.271875 0.4703125 0.2796875 0.2953125
78 0.41171875 0.421875 0.278125 0.2765625
0 0.43203125 0.65390625 0.0390625 0.103125
78 0.70546875 0.37578125 0.225 0.2515625
78 0.44296875 0.684375 0.25625 0.2640625
78 0.11640625 0.28046875 0.2328125 0.1859375
0 0.509375 0.4609375 0.0328125 0.1
0 0.459375 0.39296875 0.015625 0.0296875
0 0.09765625 0.453125 0.0328125 0.0609375
0 0.42734375 0.390625 0.028125 0.046875
0 0.753125 0.428125 0.0484375 0.0859375
0 0.78671875 0.41875 0.0453125 0.0875
52 0.10703125 0.4875 0.0390625 0.0640625
52 0.77890625 0.421875 0.0375 0.078125
52 0.74375 0.428125 0.04375 0.078125
0 0.41328125 0.37578125 0.0203125 0.0296875
0 0.35546875 0.4375 0.028125 0.0609375
0 0.40546875 0.4921875 0.0359375 0.084375
0 0.48828125 0.38046875 0.0140625 0.025
52 0.11015625 0.4484375 0.00625 0.0140625
78 0.5703125 0.3953125 0.221875 0.3
78 0.85546875 0.43828125 0.0828125 0.0515625