28 0.56796875 0.43203125 0.071875 0.08828125
29 0.85234375 0.44140625 0.015625 0.015625
29 0.18515625 0.6890625 0.028125 0.0296875
29 0.4359375 0.44375 0.01171875 0.015625
0 0.16796875 0.653125 0.2640625 0.4453125
0 0.3046875 0.653125 0.1140625 0.2828125
0 0.684375 0.55078125 0.35625 0.33828125
0 0.7453125 0.38125 0.028125 0.0453125
0 0.3546875 0.3796875 0.02421875 0.05625
0 0.81484375 0.4015625 0.0296875 0.0640625
0 0.43671875 0.4171875 0.034375 0.0796875
0 0.94296875 0.39453125 0.034375 0.13828125
0 0.0078125 0.365625 0.015625 0.05859375
26 0.71484375 0.33046875 0.01171875 0.01328125
0 0.1296875 0.3796875 0.0296875 0.128125
29 0.3609375 0.38515625 0.00625 0.0109375