27 0.38671875 0.69609375 0.7015625 0.4234375
0 0.8390625 0.59296875 0.321875 0.7734375
0 0.43359375 0.16640625 0.084375 0.1453125
0 0.46484375 0.1953125 0.075 0.115625
0 0.484375 0.121875 0.028125 0.0515625
0 0.7046875 0.0828125 0.046875 0.1015625
0 0.6390625 0.08359375 0.05625 0.128125
0 0.525 0.05546875 0.0484375 0.1109375
0 0.63203125 0.20859375 0.0578125 0.1359375
19 0.3625 0.17265625 0.0375 0.0609375
19 0.63984375 0.2234375 0.03125 0.05625
0 0.3796875 0.1640625 0.06875 0.128125
8 0.440625 0.2140625 0.046875 0.0671875