12 0.26015625 0.58984375 0.2921875 0.1171875
12 0.0515625 0.60078125 0.103125 0.0671875
12 0.62421875 0.56875 0.075 0.0296875
12 0.41171875 0.5796875 0.1359375 0.0515625
12 0.97109375 0.6125 0.05625 0.09375
12 0.053125 0.5734375 0.10625 0.040625
0 0.57421875 0.55390625 0.0109375 0.0125
67 0.25703125 0.58984375 0.3 0.1203125
67 0.71171875 0.5703125 0.0796875 0.059375
4 0.6734375 0.5875 0.01875 0.0234375
0 0.12890625 0.6578125 0.0609375 0.1734375
45 0.7390625 0.53515625 0.109375 0.021875
12 0.49609375 0.56953125 0.0859375 0.040625
12 0.5640625 0.5671875 0.065625 0.0359375
45 0.11796875 0.53046875 0.1296875 0.0546875