33 0.5609375 0.62734375 0.0234375 0.06875
52 0.2296875 0.83828125 0.125 0.3234375
52 0.30703125 0.66640625 0.05 0.1328125
57 0.5921875 0.75078125 0.60625 0.4984375
37 0.8125 0.84453125 0.071875 0.03125
37 0.74375 0.74140625 0.0546875 0.0171875
38 0.71171875 0.7046875 0.0515625 0.0140625
38 0.81484375 0.8578125 0.0703125 0.0171875
0 0.70078125 0.5578125 0.078125 0.1796875
0 0.79609375 0.640625 0.125 0.290625
0 0.90234375 0.71796875 0.1953125 0.4703125
0 0.34140625 0.79140625 0.2953125 0.4171875
0 0.36171875 0.65234375 0.1328125 0.2578125
0 0.40078125 0.6421875 0.065625 0.1984375
0 0.43515625 0.609375 0.071875 0.16875
0 0.63515625 0.5140625 0.0484375 0.1109375
0 0.48046875 0.55078125 0.071875 0.1125
0 0.73125 0.5984375 0.121875 0.246875
0 0.66328125 0.5390625 0.06875 0.153125
0 0.44609375 0.5546875 0.046875 0.134375
35 0.41796875 0.86171875 0.0421875 0.10625
35 0.6890625 0.771875 0.0390625 0.1109375
35 0.65859375 0.67421875 0.03125 0.059375
35 0.5015625 0.60859375 0.01875 0.0375
35 0.6640625 0.75234375 0.0375 0.0984375
35 0.64375 0.6890625 0.0328125 0.075
35 0.625 0.62890625 0.025 0.0578125
35 0.46953125 0.84296875 0.0375 0.109375
35 0.46953125 0.7484375 0.0296875 0.0796875
38 0.45078125 0.8734375 0.05 0.015625
38 0.7625 0.7859375 0.071875 0.021875
38 0.66953125 0.64296875 0.0390625 0.0125
38 0.65234375 0.6046875 0.034375 0.009375
38 0.44140625 0.7734375 0.053125 0.0140625
52 0.33515625 0.596875 0.0296875 0.040625
52 0.70078125 0.5 0.01875 0.0484375
52 0.9625 0.7546875 0.075 0.365625
52 0.759375 0.5234375 0.021875 0.0578125
52 0.70546875 0.51640625 0.0171875 0.0359375
39 0.690625 0.67265625 0.021875 0.009375
39 0.44609375 0.825 0.0421875 0.0265625
39 0.47890625 0.85078125 0.0140625 0.040625
52 0.85390625 0.6890625 0.078125 0.2203125
52 0.4015625 0.58046875 0.040625 0.1078125
52 0.41328125 0.55 0.0296875 0.065625
38 0.46484375 0.6859375 0.0375 0.0125
35 0.48203125 0.73515625 0.0296875 0.0765625
35 0.50078125 0.65859375 0.021875 0.053125
35 0.51328125 0.65546875 0.01875 0.053125
35 0.60625 0.59375 0.0203125 0.0390625
38 0.74375 0.74296875 0.0546875 0.01875
35 0.54609375 0.5890625 0.1890625 0.1265625