12 0.5609375 0.6625 0.0953125 0.06875
23 0.4375 0.9125 0.128125 0.175
23 0.965625 0.6984375 0.06875 0.10625
79 0.36796875 0.5125 0.0640625 0.1484375
79 0.4109375 0.51484375 0.0609375 0.1484375
19 0.05703125 0.87109375 0.040625 0.1015625
0 0.76171875 0.7890625 0.115625 0.2765625
0 0.54453125 0.83203125 0.1109375 0.2859375
0 0.43203125 0.8578125 0.1296875 0.2265625
0 0.34921875 0.85390625 0.0953125 0.2796875
0 0.28359375 0.859375 0.1265625 0.28125
0 0.2328125 0.865625 0.090625 0.26875
0 0.915625 0.6375 0.0640625 0.06875
0 0.73515625 0.65078125 0.05 0.0734375
0 0.96796875 0.6546875 0.0640625 0.1375
0 0.4796875 0.7078125 0.0515625 0.165625
0 0.50703125 0.67265625 0.0296875 0.053125
1 0.55546875 0.8859375 0.096875 0.1984375
1 0.66796875 0.753125 0.071875 0.1109375
1 0.76171875 0.8390625 0.125 0.1859375
1 0.89375 0.7609375 0.125 0.15625
12 0.94296875 0.6265625 0.1125 0.0765625
12 0.79921875 0.64609375 0.0953125 0.075
12 0.08515625 0.70546875 0.053125 0.0375
20 0.53671875 0.78203125 0.025 0.05625
1 0.6421875 0.86953125 0.1296875 0.18125
1 0.83515625 0.73671875 0.065625 0.0796875
1 0.2046875 0.72890625 0.0265625 0.05625
1 0.82109375 0.79296875 0.0234375 0.046875
1 0.178125 0.7546875 0.025 0.0375
19 0.121875 0.9671875 0.021875 0.059375
0 0.08671875 0.8828125 0.0984375 0.234375
17 0.0625 0.834375 0.0140625 0.0390625
0 0.8890625 0.71640625 0.0953125 0.20625
0 0.4984375 0.69453125 0.8625 0.575