33 0.24453125 0.67578125 0.0203125 0.0546875
33 0.09609375 0.65859375 0.025 0.0734375
33 0.22890625 0.6671875 0.0296875 0.08125
33 0.01875 0.6234375 0.0328125 0.109375
33 0.04140625 0.6015625 0.03125 0.065625
33 0.1875 0.66953125 0.0234375 0.0765625
33 0.04140625 0.653125 0.028125 0.0734375
33 0.06484375 0.63671875 0.0203125 0.046875
33 0.17578125 0.6484375 0.015625 0.040625
33 0.08671875 0.60390625 0.01875 0.0359375
33 0.11640625 0.6625 0.025 0.0703125
33 0.2078125 0.6703125 0.0265625 0.078125
33 0.153125 0.66484375 0.0234375 0.0734375
33 0.2859375 0.51328125 0.0296875 0.0875
33 0.34375 0.51796875 0.0296875 0.0984375
41 0.5984375 0.45703125 0.0265625 0.015625
41 0.4609375 0.31953125 0.025 0.03125
41 0.596875 0.33359375 0.0265625 0.053125
41 0.63671875 0.33359375 0.0375 0.053125
33 0.32578125 0.51640625 0.03125 0.1
41 0.5421875 0.3328125 0.0296875 0.0375
41 0.49375 0.31953125 0.0203125 0.040625
41 0.425 0.29375 0.040625 0.0515625
41 0.69140625 0.53359375 0.0578125 0.0421875
41 0.596875 0.5046875 0.04375 0.05
41 0.65625 0.49375 0.03125 0.0265625
33 0.36875 0.525 0.1703125 0.128125