0 0.17109375 0.6078125 0.2765625 0.6546875
72 0.41796875 0.53359375 0.096875 0.128125
72 0.71171875 0.33671875 0.096875 0.1421875
72 0.51875 0.33515625 0.090625 0.1390625
72 0.915625 0.55390625 0.159375 0.290625
72 0.72734375 0.66875 0.1265625 0.20625
72 0.81484375 0.33828125 0.1 0.1421875
72 0.56875 0.53984375 0.075 0.13125
72 0.41796875 0.33828125 0.09375 0.15
72 0.61484375 0.3390625 0.0984375 0.14375
72 0.91015625 0.31484375 0.109375 0.15625
72 0.4421875 0.1515625 0.1359375 0.2015625
72 0.71328125 0.11953125 0.134375 0.2203125
72 0.578125 0.146875 0.1546875 0.21875
72 0.59140625 0.36484375 0.8171875 0.7296875