33 0.32890625 0.5671875 0.2234375 0.24375
35 0.62421875 0.2390625 0.1421875 0.1625
37 0.12890625 0.51484375 0.2578125 0.1578125
37 0.740625 0.55546875 0.3375 0.1109375
37 0.28984375 0.7078125 0.1234375 0.24375
38 0.76015625 0.58515625 0.4046875 0.109375
38 0.1078125 0.29765625 0.215625 0.0609375
39 0.09453125 0.28671875 0.15 0.04375
39 0.7796875 0.6078125 0.2796875 0.096875
48 0.58359375 0.45703125 0.2140625 0.184375
0 0.8625 0.10234375 0.1609375 0.0984375
33 0.48046875 0.5421875 0.128125 0.1890625
37 0.7671875 0.13828125 0.1421875 0.0484375
57 0.5 0.5 1 1
36 0.83828125 0.271875 0.1671875 0.153125
36 0.3203125 0.1359375 0.10625 0.1484375
36 0.5421875 0.1375 0.1125 0.1625
38 0.75 0.0078125 0.196875 0.015625
39 0.75390625 0.0078125 0.1328125 0.015625
48 0.659375 0.1015625 0.0953125 0.08125
48 0.6828125 0.090625 0.0921875 0.078125
48 0.7671875 0.0671875 0.1 0.0828125
48 0.71328125 0.084375 0.0953125 0.078125
0 0.03828125 0.18046875 0.0765625 0.2265625
33 0.16484375 0.63828125 0.1890625 0.1609375
36 0.57265625 0.04453125 0.0859375 0.0890625
40 0.15703125 0.17109375 0.2890625 0.146875
40 0.31015625 0.81953125 0.5296875 0.3609375
50 0.74765625 0.19765625 0.1046875 0.065625