0 0.23671875 0.68046875 0.465625 0.61640625
36 0.0328125 0.46484375 0.065625 0.17890625
36 0.83671875 0.80703125 0.125 0.13359375
40 0.490625 0.7125 0.1578125 0.1625
69 0.66875 0.61875 0.5625 0.47265625
74 0.3734375 0.103125 0.0609375 0.20390625
36 0.8140625 0.690625 0.08125 0.1125
36 0.83203125 0.64921875 0.065625 0.0875
39 0.29921875 0.24609375 0.0484375 0.09375
40 0.91953125 0.778125 0.109375 0.15390625
40 0.20859375 0.31953125 0.0875 0.13125
33 0.97109375 0.465625 0.0578125 0.11484375
36 0.88203125 0.64609375 0.040625 0.08984375