1 0.11875 0.57109375 0.0203125 0.065625
1 0.9296875 0.73515625 0.09375 0.19375
1 0.0671875 0.56875 0.0171875 0.059375
12 0.75234375 0.7359375 0.353125 0.3234375
12 0.6515625 0.5984375 0.2171875 0.171875
23 0.50703125 0.81640625 0.2234375 0.3515625
23 0.3796875 0.70859375 0.0703125 0.14375
23 0.3140625 0.69375 0.0765625 0.1578125
23 0.26328125 0.66328125 0.059375 0.121875
23 0.19765625 0.56484375 0.0359375 0.065625
0 0.5 0.71640625 0.2203125 0.5046875
0 0.11953125 0.54140625 0.0484375 0.1125
0 0.25390625 0.61015625 0.090625 0.2328125
0 0.30625 0.62734375 0.1 0.2703125
0 0.38359375 0.596875 0.1 0.2125
0 0.41328125 0.671875 0.1359375 0.3734375
0 0.91484375 0.55546875 0.090625 0.1765625
0 0.7875 0.54609375 0.05625 0.1125
0 0.8578125 0.55234375 0.0546875 0.1265625
0 0.9515625 0.58046875 0.065625 0.1171875
0 0.35546875 0.53359375 0.0390625 0.0671875
12 0.04375 0.4828125 0.0328125 0.034375
12 0.14375 0.48984375 0.040625 0.0328125
12 0.57421875 0.51796875 0.246875 0.1328125
12 0.41015625 0.53984375 0.0375 0.05
12 0.01328125 0.48984375 0.0234375 0.0328125
17 0.96015625 0.60390625 0.040625 0.08125
0 0.71796875 0.51640625 0.0171875 0.0265625
23 0.22421875 0.58515625 0.0203125 0.0609375
23 0.17890625 0.52890625 0.0078125 0.01875
67 0.57578125 0.51875 0.2484375 0.1265625
0 0.2421875 0.59140625 0.0578125 0.1921875
12 0.0984375 0.48671875 0.0265625 0.0265625
12 0.115625 0.484375 0.021875 0.0140625
23 0.35078125 0.646875 0.0265625 0.0625
0 0.49453125 0.55546875 0.9671875 0.346875