52 0.6796875 0.5828125 0.0953125 0.1125
52 0.7296875 0.60390625 0.05625 0.078125
52 0.77890625 0.596875 0.0375 0.1
52 0.5046875 0.7609375 0.18125 0.31875
52 0.7453125 0.55546875 0.034375 0.03125
57 0.60546875 0.5921875 0.0890625 0.065625
54 0.728125 0.8546875 0.29375 0.290625
73 0.76328125 0.603125 0.0296875 0.084375
40 0.61796875 0.58203125 0.0234375 0.0171875
54 0.390625 0.46171875 0.0328125 0.0703125
73 0.38828125 0.48828125 0.0140625 0.040625
52 0.88125 0.9515625 0.140625 0.096875
54 0.76953125 0.57578125 0.0734375 0.1703125
57 0.70390625 0.61171875 0.015625 0.034375
36 0.590625 0.41484375 0.009375 0.0171875