24 0.21796875 0.69609375 0.0625 0.0984375
24 0.896875 0.925 0.20625 0.1375
17 0.21328125 0.66171875 0.0671875 0.0859375
0 0.29296875 0.6078125 0.190625 0.5
0 0.3109375 0.36328125 0.1 0.1328125
0 0.396875 0.51796875 0.115625 0.5359375
0 0.44140625 0.615625 0.13125 0.53125
0 0.51953125 0.39609375 0.0859375 0.228125
0 0.56796875 0.6140625 0.19375 0.609375
0 0.6609375 0.578125 0.1 0.5703125
0 0.70078125 0.57578125 0.0828125 0.5421875
0 0.7875 0.31796875 0.1109375 0.175
0 0.7921875 0.565625 0.1546875 0.5625
17 0.92109375 0.9125 0.1578125 0.159375