7 0.51796875 0.390625 0.28125 0.3546875
7 0.87734375 0.759375 0.2359375 0.2546875
70 0.646875 0.478125 0.70625 0.95625
33 0.690625 0.39296875 0.1078125 0.3609375
33 0.778125 0.4 0.10625 0.3625
33 0.89765625 0.37265625 0.115625 0.3640625
33 0.965625 0.3421875 0.06875 0.29375
33 0.83671875 0.3765625 0.0765625 0.3625
33 0.6453125 0.36328125 0.0828125 0.3484375
33 0.59375 0.3 0.0515625 0.2359375
33 0.5203125 0.72265625 0.0875 0.2125
33 0.74921875 0.25234375 0.05625 0.1296875
33 0.9796875 0.34453125 0.040625 0.3046875
33 0.83515625 0.06484375 0.128125 0.10625
33 0.7171875 0.05390625 0.1140625 0.096875
33 0.45 0.7140625 0.0796875 0.215625
33 0.93828125 0.065625 0.1234375 0.10625