57 0.50390625 0.6953125 0.9921875 0.609375
57 0.978125 0.34296875 0.04375 0.0921875
0 0.5171875 0.2875 0.390625 0.575
0 0.7953125 0.32109375 0.409375 0.6109375
0 0.1515625 0.50546875 0.303125 0.8953125
49 0.2671875 0.6609375 0.25 0.1546875
49 0.36171875 0.61171875 0.1546875 0.1125
49 0.83515625 0.7609375 0.2921875 0.23125
49 0.30859375 0.5171875 0.1875 0.1171875
49 0.78984375 0.24296875 0.078125 0.0859375
36 0.98671875 0.30859375 0.0265625 0.0546875
41 0.6421875 0.26953125 0.0734375 0.04375
52 0.3484375 0.33125 0.059375 0.15625
49 0.4359375 0.70859375 0.196875 0.2078125
49 0.2796875 0.73359375 0.20625 0.1359375
36 0.2203125 0.38984375 0.0421875 0.06875