0 0.66875 0.39296875 0.509375 0.77578125
0 0.87734375 0.81484375 0.053125 0.18828125
0 0.90546875 0.79921875 0.05 0.21953125
0 0.9484375 0.796875 0.059375 0.21015625
0 0.984375 0.7890625 0.03125 0.22421875
0 0.49765625 0.77578125 0.021875 0.05703125
0 0.2765625 0.859375 0.0828125 0.1859375
0 0.10234375 0.846875 0.0296875 0.2078125
0 0.0453125 0.86171875 0.0234375 0.07421875
0 0.3859375 0.9046875 0.0234375 0.0671875
0 0.975 0.79921875 0.0484375 0.1578125
30 0.6828125 0.70859375 0.4140625 0.475
0 0.15859375 0.87265625 0.021875 0.090625
0 0.128125 0.8796875 0.021875 0.1125
0 0.48125 0.83984375 0.959375 0.22421875