52 0.94609375 0.7234375 0.10625 0.315625
52 0.92421875 0.57734375 0.0875 0.15
52 0.846875 0.56328125 0.046875 0.1140625
52 0.871875 0.56953125 0.0453125 0.121875
0 0.315625 0.4359375 0.4046875 0.8546875
0 0.16796875 0.6109375 0.2421875 0.35625
0 0.95703125 0.746875 0.0859375 0.4
0 0.62109375 0.60703125 0.5671875 0.6890625
0 0.7859375 0.48359375 0.0859375 0.1328125
38 0.246875 0.9140625 0.1828125 0.075
38 0.26484375 0.72265625 0.0375 0.0484375
49 0.41953125 0.896875 0.3453125 0.20625
49 0.5328125 0.76640625 0.1640625 0.090625
57 0.50390625 0.81484375 0.9546875 0.3703125
57 0.925 0.5234375 0.125 0.05
0 0.13359375 0.92578125 0.1796875 0.1484375
36 0.1234375 0.80234375 0.0734375 0.165625
36 0.06796875 0.83046875 0.0828125 0.175
36 0.715625 0.84921875 0.1171875 0.2640625
52 0.9859375 0.53203125 0.028125 0.0578125
57 0.9234375 0.69765625 0.084375 0.13125
33 0.9203125 0.91484375 0.034375 0.075
36 0.7875 0.91875 0.1265625 0.1125
36 0.13984375 0.7328125 0.053125 0.1203125