53 0.5421875 0.66796875 0.8 0.525
0 0.521875 0.57265625 0.2 0.4375
0 0.68515625 0.66953125 0.2390625 0.6328125
0 0.35390625 0.50546875 0.2125 0.2875
64 0.31171875 0.47109375 0.009375 0.0078125
36 0.49453125 0.928125 0.06875 0.1203125
36 0.565625 0.7828125 0.059375 0.13125
36 0.54921875 0.86796875 0.0609375 0.090625
36 0.6234375 0.890625 0.0640625 0.109375
39 0.646875 0.86796875 0.0234375 0.0234375
40 0.62578125 0.8125 0.0703125 0.078125
60 0.37265625 0.634375 0.159375 0.14375
60 0.5234375 0.63203125 0.1453125 0.1390625
60 0.69609375 0.6671875 0.1671875 0.13125
52 0.1953125 0.5046875 0.1421875 0.184375
52 0.1359375 0.57578125 0.125 0.3171875
73 0.50078125 0.8453125 0.0515625 0.1125
17 0.915625 0.80546875 0.16875 0.2890625
54 0.5 0.76484375 0.140625 0.2859375
36 0.4609375 0.77734375 0.046875 0.11875