54 0.86875 0.46484375 0.0578125 0.0859375
54 0.5875 0.51484375 0.3453125 0.8484375
59 0.728125 0.44453125 0.1375 0.1609375
52 0.41328125 0.6234375 0.1015625 0.1453125
53 0.85390625 0.69375 0.2921875 0.375
57 0.609375 0.521875 0.78125 0.95625
52 0.81484375 0.72265625 0.228125 0.2484375
52 0.31171875 0.91796875 0.0828125 0.1640625
52 0.409375 0.73828125 0.1921875 0.20625
70 0.1640625 0.515625 0.2046875 0.2703125
36 0.3390625 0.53125 0.021875 0.034375
40 0.2140625 0.57890625 0.0703125 0.05
73 0.615625 0.76328125 0.10625 0.31875
8 0.68984375 0.721875 0.0609375 0.0953125
72 0.45 0.3328125 0.0515625 0.071875
36 0.17421875 0.590625 0.021875 0.0375