52 0.10625 0.7609375 0.2125 0.478125
52 0.796875 0.5171875 0.2109375 0.1984375
0 0.3203125 0.5609375 0.640625 0.878125
64 0.32734375 0.371875 0.1265625 0.15
36 0.675 0.6 0.0875 0.10625
61 0.5796875 0.82109375 0.171875 0.1015625
73 0.9375 0.6828125 0.125 0.51875
54 0.83828125 0.575 0.1015625 0.059375
54 0.8515625 0.58125 0.084375 0.04375
54 0.765625 0.596875 0.0640625 0.034375
54 0.77265625 0.528125 0.0484375 0.0859375
54 0.7609375 0.565625 0.0703125 0.065625
54 0.6234375 0.56328125 0.04375 0.1171875
54 0.46171875 0.2984375 0.0421875 0.0609375
60 0.7265625 0.67734375 0.3890625 0.253125