49 0.50546875 0.63671875 0.30625 0.2796875
49 0.4390625 0.440625 0.3578125 0.1671875
49 0.19921875 0.390625 0.290625 0.215625
49 0.0546875 0.31171875 0.1015625 0.1265625
49 0.825 0.6390625 0.35 0.2734375
57 0.5 0.578125 1 0.84375
71 0.58671875 0.14765625 0.015625 0.1203125
71 0.6125 0.30859375 0.025 0.115625
71 0.58203125 0.1375 0.0421875 0.13125
71 0.58125 0.31171875 0.021875 0.13125
71 0.56875 0.14453125 0.0359375 0.1484375
71 0.6 0.31171875 0.01875 0.10625
71 0.52734375 0.14140625 0.08125 0.165625
71 0.64140625 0.26953125 0.0421875 0.153125
71 0.6171875 0.3046875 0.0296875 0.121875
71 0.62265625 0.10390625 0.06875 0.153125
71 0.64453125 0.09609375 0.0484375 0.1546875
71 0.60703125 0.13046875 0.025 0.1203125
71 0.59296875 0.1328125 0.040625 0.1296875