52 0.78046875 0.54921875 0.2875 0.18671875
52 0.8 0.453125 0.1625 0.0890625
52 0.55390625 0.44765625 0.065625 0.103125
57 0.52421875 0.76953125 0.9484375 0.46015625
57 0.39375 0.44140625 0.228125 0.128125
0 0.30390625 0.4546875 0.6078125 0.9015625
0 0.7953125 0.32265625 0.146875 0.2125
0 0.66640625 0.36796875 0.078125 0.184375
0 0.9609375 0.39609375 0.078125 0.203125
0 0.93515625 0.35390625 0.04375 0.0984375
0 0.70703125 0.36484375 0.0296875 0.07265625
0 0.22890625 0.346875 0.18125 0.296875
36 0.6828125 0.82265625 0.0890625 0.22421875
36 0.60390625 0.7 0.0671875 0.16796875
36 0.53046875 0.68671875 0.090625 0.2734375
36 0.871875 0.76640625 0.121875 0.32734375
37 0.2453125 0.915625 0.1546875 0.16796875
38 0.328125 0.88984375 0.2546875 0.04453125
0 0.834375 0.31640625 0.0296875 0.02578125
36 0.3421875 0.42890625 0.0265625 0.0890625
38 0.375 0.93125 0.0390625 0.03515625
40 0.45859375 0.66484375 0.0625 0.0609375
43 0.66953125 0.6375 0.0890625 0.10546875
52 0.54140625 0.4171875 0.0828125 0.0984375
54 0.96640625 0.67265625 0.0671875 0.21484375
54 0.43046875 0.41796875 0.0359375 0.0609375
0 0.6390625 0.3421875 0.0328125 0.08671875
0 0.9953125 0.421875 0.0078125 0.009375
52 0.471875 0.36328125 0.05 0.03984375
52 0.4453125 0.3703125 0.0203125 0.03515625
52 0.6203125 0.50078125 0.0390625 0.25234375
57 0.7078125 0.421875 0.028125 0.05390625
39 0.62734375 0.5546875 0.0234375 0.07265625
52 0.7640625 0.47890625 0.1671875 0.046875
52 0.44765625 0.41015625 0.109375 0.06796875
52 0.96015625 0.44609375 0.0796875 0.12421875
52 0.70078125 0.378125 0.0140625 0.04921875