18 0.51015625 0.6234375 0.1109375 0.059375
19 0.28984375 0.84453125 0.0890625 0.2078125
19 0.15234375 0.665625 0.1046875 0.3140625
0 0.0734375 0.66484375 0.146875 0.6703125
0 0.1875 0.709375 0.215625 0.58125
0 0.32421875 0.75546875 0.1640625 0.4890625
0 0.59453125 0.78046875 0.09375 0.35
0 0.509375 0.76171875 0.0859375 0.2484375
0 0.64140625 0.74140625 0.0890625 0.2703125
0 0.42578125 0.74375 0.0796875 0.290625
0 0.94453125 0.734375 0.1109375 0.471875
0 0.46953125 0.725 0.0265625 0.128125
0 0.69921875 0.7359375 0.059375 0.2046875
0 0.39140625 0.73203125 0.053125 0.190625
17 0.45234375 0.696875 0.0296875 0.0828125
19 0.51875 0.7109375 0.0453125 0.071875
19 0.1 0.91484375 0.153125 0.1703125
19 0.39296875 0.68828125 0.034375 0.0578125