9 0.7828125 0.465625 0.1046875 0.35078125
9 0.8546875 0.44140625 0.05625 0.25390625
9 0.6703125 0.49765625 0.1546875 0.42421875
9 0.690625 0.3390625 0.0796875 0.10625
9 0.4390625 0.51875 0.2921875 0.71953125
9 0.225 0.5234375 0.234375 0.63359375
9 0.534375 0.31796875 0.0515625 0.1078125
12 0.05234375 0.58203125 0.1046875 0.18984375
0 0.8921875 0.590625 0.13125 0.43515625
0 0.984375 0.4671875 0.03125 0.1234375
0 0.15 0.56875 0.0671875 0.33125
0 0.83046875 0.3109375 0.0640625 0.1125
0 0.8671875 0.3078125 0.0359375 0.11484375
0 0.846875 0.26015625 0.025 0.06171875
0 0.9 0.271875 0.0453125 0.09296875
0 0.06875 0.4546875 0.0234375 0.0375
0 0.86171875 0.26171875 0.015625 0.0375
17 0.10234375 0.496875 0.0359375 0.09921875
20 0.8671875 0.29921875 0.00625 0.0375
20 0.8234375 0.3046875 0.0140625 0.03984375
0 0.04921875 0.45390625 0.021875 0.0375
0 0.94609375 0.42421875 0.0125 0.01796875
0 0.99453125 0.46328125 0.0109375 0.07265625
0 0.11171875 0.56171875 0.0421875 0.26953125