12 0.87265625 0.67109375 0.24375 0.24375
45 0.15390625 0.48359375 0.3078125 0.4046875
0 0.48046875 0.7203125 0.1765625 0.44375
0 0.159375 0.6890625 0.2265625 0.5578125
0 0.06953125 0.6390625 0.1390625 0.596875
0 0.8859375 0.7453125 0.2203125 0.48125
0 0.578125 0.5875 0.125 0.1765625
0 0.36171875 0.68203125 0.1921875 0.5328125
43 0.6046875 0.61171875 0.0234375 0.0234375
79 0.89921875 0.29375 0.0578125 0.115625
0 0.7125 0.58359375 0.0671875 0.146875
0 0.77109375 0.60390625 0.0546875 0.13125
0 0.8 0.58515625 0.0375 0.0984375
0 0.1328125 0.43203125 0.034375 0.06875
2 0.68359375 0.81796875 0.078125 0.1875
48 0.6296875 0.209375 0.0828125 0.0703125
48 0.7875 0.215625 0.0859375 0.053125
48 0.584375 0.66875 0.04375 0.0125
18 0.4015625 0.18359375 0.2765625 0.175
18 0.7296875 0.2109375 0.4515625 0.2875
18 0.2875 0.22890625 0.3046875 0.171875
18 0.7453125 0.47890625 0.13125 0.05
18 0.61953125 0.478125 0.10625 0.0515625
19 0.80625 0.78984375 0.06875 0.14375
19 0.1984375 0.81796875 0.0734375 0.1421875
0 0.740625 0.56796875 0.0390625 0.090625
12 0.54296875 0.52578125 0.1828125 0.153125
48 0.5859375 0.653125 0.0515625 0.0375