54 0.0703125 0.44609375 0.1140625 0.1921875
52 0.87421875 0.7359375 0.2515625 0.45
52 0.43515625 0.6234375 0.20625 0.334375
71 0.678125 0.684375 0.046875 0.03125
71 0.653125 0.66484375 0.06875 0.0515625
71 0.56953125 0.72421875 0.059375 0.0265625
71 0.52734375 0.63984375 0.0453125 0.03125
71 0.665625 0.7328125 0.075 0.053125
73 0.07734375 0.50078125 0.0265625 0.0796875
52 0.1203125 0.5078125 0.0765625 0.175
71 0.5640625 0.7015625 0.0546875 0.01875
71 0.678125 0.7421875 0.1296875 0.065625
71 0.609375 0.67109375 0.0546875 0.040625
71 0.61015625 0.653125 0.08125 0.0484375
52 0.05703125 0.65703125 0.10625 0.2140625
57 0.065625 0.625 0.128125 0.1890625