11 0.44453125 0.60859375 0.175 0.265625
33 0.81875 0.5671875 0.0078125 0.0265625
33 0.578125 0.5375 0.0046875 0.0234375
33 0.82421875 0.56796875 0.0078125 0.0265625
33 0.8015625 0.725 0.00625 0.0265625
33 0.80234375 0.565625 0.0125 0.034375
1 0.6546875 0.73671875 0.240625 0.228125
0 0.63359375 0.6203125 0.1078125 0.3296875
33 0.81171875 0.5640625 0.0125 0.0296875
33 0.5875 0.53671875 0.009375 0.0234375
33 0.465625 0.46640625 0.0046875 0.0171875
33 0.446875 0.46953125 0.003125 0.0171875
33 0.83515625 0.678125 0.0046875 0.0203125
33 0.81640625 0.67421875 0.009375 0.0234375
33 0.828125 0.7296875 0.0078125 0.0296875
33 0.8140625 0.72734375 0.00625 0.0296875
67 0.1015625 0.465625 0.203125 0.48125
0 0.78828125 0.5 0.053125 0.20625
33 0.8203125 0.72734375 0.009375 0.0296875
41 0.359375 0.4609375 0.0203125 0.05
41 0.30859375 0.465625 0.0140625 0.04375
41 0.26484375 0.459375 0.00625 0.0203125
41 0.22890625 0.46328125 0.0125 0.0375
41 0.34453125 0.45 0.0234375 0.0546875
0 0.22734375 0.61640625 0.046875 0.1890625
19 0.684375 0.68828125 0.05625 0.1234375
33 0.64140625 0.61171875 0.4390625 0.3203125