0 0.53671875 0.5 0.9265625 1
0 0.18046875 0.52734375 0.3609375 0.9453125
28 0.17265625 0.16484375 0.3296875 0.2578125
50 0.45234375 0.759375 0.14375 0.1109375
50 0.48359375 0.63671875 0.1453125 0.1140625
50 0.684375 0.62578125 0.15 0.109375
50 0.7234375 0.71015625 0.121875 0.1109375
50 0.46328125 0.86875 0.1421875 0.11875
50 0.47421875 0.07890625 0.1703125 0.1234375
50 0.32578125 0.73359375 0.0890625 0.096875
50 0.33515625 0.82265625 0.09375 0.1109375
50 0.65859375 0.8421875 0.140625 0.10625
50 0.9609375 0.53671875 0.078125 0.1140625
50 0.32734375 0.109375 0.125 0.1203125
50 0.3125 0.61484375 0.0859375 0.1015625
50 0.48046875 0.359375 0.146875 0.1171875