0 0.4484375 0.65859375 0.05625 0.14609375
0 0.8578125 0.58203125 0.0203125 0.0890625
0 0.49453125 0.78203125 0.0515625 0.16484375
0 0.6296875 0.63984375 0.05 0.14609375
31 0.62734375 0.71171875 0.06875 0.04921875
31 0.86484375 0.62734375 0.0578125 0.028125
31 0.428125 0.73671875 0.1140625 0.01875
78 0.87421875 0.5578125 0.075 0.1765625
78 0.340625 0.3609375 0.00625 0.01171875
78 0.4640625 0.60390625 0.1671875 0.2984375
0 0.1921875 0.43984375 0.0125 0.046875
78 0.68359375 0.615625 0.184375 0.24453125
78 0.20625 0.415625 0.04375 0.1109375