0 0.4078125 0.78359375 0.078125 0.4328125
0 0.30390625 0.59453125 0.103125 0.496875
0 0.2203125 0.55546875 0.096875 0.615625
0 0.571875 0.52109375 0.0234375 0.21875
0 0.559375 0.54375 0.021875 0.14375
0 0.74140625 0.528125 0.0453125 0.2515625
24 0.3140625 0.83828125 0.034375 0.0765625
24 0.2375 0.8515625 0.125 0.175
0 0.57421875 0.803125 0.078125 0.390625
0 0.55390625 0.490625 0.01875 0.125
0 0.6671875 0.51015625 0.0140625 0.1
0 0.01328125 0.403125 0.0265625 0.20625
24 0.75625 0.61171875 0.0140625 0.0125
24 0.74921875 0.609375 0.0296875 0.0203125