46 0.89140625 0.16796875 0.2171875 0.2671875
47 0.5203125 0.5625 0.10625 0.1796875
47 0.33828125 0.51015625 0.1375 0.184375
47 0.4984375 0.46640625 0.0546875 0.05625
47 0.69921875 0.51640625 0.121875 0.1203125
47 0.6015625 0.9125 0.21875 0.175
47 0.275 0.8046875 0.121875 0.08125
47 0.7296875 0.7265625 0.2125 0.2375
47 0.36328125 0.6234375 0.0984375 0.13125
47 0.30390625 0.55625 0.1421875 0.1734375
47 0.24609375 0.415625 0.1015625 0.1171875
47 0.859375 0.7828125 0.171875 0.14375
47 0.3484375 0.7109375 0.084375 0.0703125
47 0.2125 0.7171875 0.1046875 0.128125
47 0.5 0.59140625 1 0.7296875