0 0.10390625 0.815625 0.0625 0.1421875
0 0.65546875 0.1859375 0.0265625 0.06875
0 0.40234375 0.1578125 0.0359375 0.109375
0 0.5796875 0.4796875 0.028125 0.103125
0 0.52734375 0.43515625 0.0328125 0.1046875
0 0.08359375 0.51953125 0.0328125 0.115625
0 0.1515625 0.41953125 0.0375 0.115625
0 0.0625 0.346875 0.0328125 0.1046875
0 0.2515625 0.6375 0.065625 0.1015625
24 0.05078125 0.9421875 0.1015625 0.03125
25 0.14609375 0.48125 0.0484375 0.046875
0 0.2984375 0.46875 0.0375 0.0921875
0 0.3796875 0.178125 0.0328125 0.065625
0 0.078125 0.14609375 0.034375 0.0953125
24 0.321875 0.8578125 0.05625 0.0359375
0 0.32421875 0.14921875 0.0375 0.109375
24 0.34453125 0.84453125 0.0734375 0.021875
24 0.165625 0.83671875 0.0578125 0.0203125
24 0.5265625 0.4828125 0.0640625 0.034375
24 0.43359375 0.825 0.0265625 0.0234375
0 0.28671875 0.52578125 0.5734375 0.9421875