70 0.5 0.59453125 0.103125 0.4578125
57 0.21796875 0.75546875 0.3421875 0.4375
36 0.33671875 0.6984375 0.0453125 0.06875
40 0.25078125 0.634375 0.090625 0.053125
41 0.23828125 0.615625 0.0703125 0.053125
65 0.58515625 0.50703125 0.0546875 0.109375
68 0.696875 0.63671875 0.08125 0.09375
69 0.05078125 0.52890625 0.1015625 0.0359375
71 0.93671875 0.75078125 0.0875 0.0453125
71 0.76640625 0.87421875 0.071875 0.0890625
71 0.846875 0.72265625 0.1390625 0.065625
41 0.27578125 0.62578125 0.0125 0.0265625
66 0.56640625 0.68203125 0.090625 0.265625
71 0.87734375 0.40859375 0.1578125 0.165625
71 0.9265625 0.78515625 0.10625 0.0828125
33 0.2578125 0.4953125 0.015625 0.0453125
33 0.25078125 0.48359375 0.0171875 0.0671875
72 0.9578125 0.696875 0.040625 0.0796875
71 0.88828125 0.68984375 0.053125 0.0671875
71 0.89375 0.6484375 0.0734375 0.0515625