26 0.18984375 0.59375 0.0234375 0.021875
28 0.465625 0.640625 0.0203125 0.0265625
29 0.56484375 0.66640625 0.0265625 0.05625
0 0.465625 0.153125 0.0625 0.13125
0 0.62109375 0.771875 0.153125 0.2859375
0 0.7515625 0.77578125 0.1453125 0.3296875
0 0.50859375 0.1375 0.0953125 0.24375
0 0.425 0.68984375 0.184375 0.4296875
0 0.6015625 0.15546875 0.1046875 0.2359375
0 0.6984375 0.1671875 0.0734375 0.2234375
0 0.815625 0.2078125 0.1015625 0.2640625
0 0.8734375 0.21484375 0.065625 0.2484375
0 0.371875 0.1328125 0.0703125 0.1203125
0 0.334375 0.08984375 0.09375 0.1796875
0 0.978125 0.1578125 0.04375 0.090625
5 0.28828125 0.1125 0.121875 0.13125
5 0.73359375 0.25 0.0515625 0.0625
0 0.209375 0.096875 0.0453125 0.1578125
0 0.50390625 0.17265625 0.9921875 0.3453125