48 0.20703125 0.7390625 0.1453125 0.196875
48 0.078125 0.64140625 0.15625 0.1578125
48 0.18046875 0.72578125 0.1234375 0.1640625
48 0.1375 0.7046875 0.0921875 0.1328125
33 0.596875 0.3265625 0.1359375 0.3125
33 0.49453125 0.3765625 0.115625 0.23125
52 0.4671875 0.15 0.1890625 0.2015625
52 0.87421875 0.40546875 0.2515625 0.4296875
57 0.5 0.5703125 1 0.859375
37 0.3671875 0.33359375 0.01875 0.0421875
40 0.6875 0.50859375 0.1640625 0.1859375
40 0.2640625 0.271875 0.2125 0.190625
40 0.81171875 0.62734375 0.1703125 0.203125
46 0.81015625 0.62578125 0.0765625 0.0546875
48 0.26015625 0.478125 0.115625 0.0828125
48 0.340625 0.446875 0.0640625 0.06875
48 0.3484375 0.42421875 0.08125 0.0953125
48 0.26171875 0.43046875 0.0265625 0.021875
71 0.1359375 0.18359375 0.09375 0.046875
71 0.13046875 0.23515625 0.0953125 0.1