33 0.29921875 0.6796875 0.021875 0.071875
33 0.27421875 0.68359375 0.021875 0.0765625
33 0.25703125 0.69140625 0.0359375 0.1140625
33 0.2859375 0.67109375 0.028125 0.096875
33 0.23203125 0.6578125 0.028125 0.0515625
33 0.3328125 0.8078125 0.0515625 0.09375
70 0.93515625 0.48515625 0.1296875 0.6984375
52 0.5453125 0.91796875 0.09375 0.1640625
57 0.528125 0.92734375 0.084375 0.1453125
0 0.5765625 0.47734375 0.1109375 0.4515625
0 0.6296875 0.5125 0.1234375 0.528125
39 0.65234375 0.29453125 0.028125 0.1046875
39 0.15546875 0.4984375 0.0234375 0.0109375
39 0.625 0.29375 0.025 0.0671875
69 0.41484375 0.55 0.1140625 0.115625
69 0.390625 0.4640625 0.075 0.028125
36 0.4609375 0.8859375 0.0828125 0.1609375
36 0.46953125 0.9609375 0.0671875 0.025
40 0.1921875 0.253125 0.04375 0.0109375
40 0.146875 0.2796875 0.0609375 0.040625
33 0.2234375 0.51875 0.0265625 0.090625
33 0.184375 0.65078125 0.0171875 0.0296875
33 0.85390625 0.4265625 0.01875 0.053125
33 0.19296875 0.728125 0.03125 0.05625
36 0.47109375 0.9765625 0.0671875 0.025
40 0.4234375 0.8078125 0.18125 0.1453125
40 0.1875 0.22890625 0.0515625 0.0265625
40 0.19375 0.24609375 0.0421875 0.015625
40 0.03359375 0.27578125 0.0671875 0.0640625
40 0.0328125 0.2265625 0.065625 0.05625
40 0.20078125 0.2765625 0.0375 0.0296875
40 0.1984375 0.2609375 0.0328125 0.0109375
40 0.0875 0.26953125 0.0625 0.0671875
66 0.7375 0.59765625 0.1421875 0.221875
39 0.64140625 0.2984375 0.021875 0.090625
39 0.6359375 0.30390625 0.0171875 0.0640625
0 0.51484375 0.54140625 0.2625 0.6140625
33 0.2171875 0.66171875 0.0296875 0.0703125
33 0.25625 0.6578125 0.0171875 0.06875
36 0.471875 0.9890625 0.06875 0.021875
36 0.4703125 0.96796875 0.06875 0.0234375