33 0.303125 0.2703125 0.0171875 0.0625
52 0.78515625 0.890625 0.1203125 0.165625
57 0.61953125 0.8265625 0.3375 0.1421875
0 0.753125 0.5484375 0.2078125 0.465625
0 0.396875 0.634375 0.253125 0.5546875
69 0.59453125 0.61640625 0.178125 0.071875
52 0.4421875 0.8984375 0.11875 0.203125
66 0.26328125 0.76953125 0.18125 0.415625
70 0.10703125 0.70234375 0.175 0.5328125
36 0.415625 0.4140625 0.0140625 0.021875
36 0.4046875 0.434375 0.0140625 0.025
36 0.38046875 0.4390625 0.0140625 0.021875
36 0.4140625 0.4328125 0.01875 0.0265625
36 0.39453125 0.43515625 0.0171875 0.0296875