0 0.61796875 0.53984375 0.3234375 0.8921875
0 0.86328125 0.2 0.1140625 0.2765625
5 0.30859375 0.54453125 0.3265625 0.34375
5 0.09765625 0.84453125 0.1765625 0.3109375
19 0.83671875 0.17890625 0.0484375 0.1140625
21 0.359375 0.80703125 0.2046875 0.2640625
5 0.01875 0.24765625 0.0375 0.0796875
17 0.6046875 0.36953125 0.2328125 0.2765625
41 0.23828125 0.47109375 0.05 0.0234375
52 0.01953125 0.25859375 0.03125 0.0703125
52 0.00546875 0.2375 0.0109375 0.053125
64 0.88046875 0.1046875 0.009375 0.01875
64 0.05546875 0.2328125 0.0203125 0.0609375
0 0.02421875 0.2390625 0.0234375 0.1109375
0 0.3328125 0.2359375 0.0921875 0.2390625
21 0.30859375 0.27421875 0.0296875 0.0640625