79 0.2140625 0.39140625 0.0234375 0.01875
17 0.8609375 0.88828125 0.090625 0.16875
0 0.43359375 0.8484375 0.1375 0.3015625
0 0.534375 0.8609375 0.140625 0.278125
0 0.65625 0.85859375 0.10625 0.2828125
0 0.8109375 0.87890625 0.13125 0.2421875
0 0.25546875 0.77109375 0.1265625 0.284375
0 0.11796875 0.6296875 0.0734375 0.2140625
79 0.68828125 0.51953125 0.01875 0.053125
79 0.703125 0.52109375 0.01875 0.059375
18 0.53828125 0.68203125 0.2046875 0.175
18 0.82109375 0.73203125 0.178125 0.1375
18 0.7140625 0.65 0.146875 0.103125
18 0.871875 0.64765625 0.153125 0.0921875
18 0.79609375 0.62578125 0.08125 0.0484375
18 0.53125 0.57578125 0.1546875 0.0921875
18 0.2515625 0.60703125 0.1640625 0.0921875
18 0.3171875 0.55234375 0.09375 0.071875
18 0.18515625 0.51328125 0.078125 0.0578125
18 0.046875 0.53046875 0.09375 0.0859375
18 0.24375 0.5453125 0.0859375 0.0546875
18 0.67265625 0.69375 0.1578125 0.1390625
19 0.2546875 0.78125 0.0578125 0.0875
19 0.2171875 0.6484375 0.028125 0.03125
0 0.175 0.61953125 0.0625 0.1671875
0 0.075 0.69375 0.0453125 0.1375
0 0.36171875 0.68203125 0.08125 0.2
0 0.63359375 0.7046875 0.0609375 0.2203125
0 0.0453125 0.74921875 0.090625 0.3828125
79 0.77109375 0.446875 0.0296875 0.021875
19 0.59765625 0.8421875 0.071875 0.13125
0 0.08125 0.58046875 0.0578125 0.1390625
18 0.39921875 0.56875 0.06875 0.0515625
0 0.36015625 0.83125 0.1578125 0.3109375
18 0.49765625 0.59140625 0.9953125 0.3515625
0 0.5 0.4515625 1 0.89375