12 0.70859375 0.753125 0.0390625 0.07890625
45 0.2921875 0.66875 0.440625 0.425
45 0.59609375 0.67890625 0.1921875 0.28125
0 0.85390625 0.67578125 0.0109375 0.03984375
0 0.90703125 0.665625 0.0078125 0.03984375
0 0.92109375 0.653125 0.009375 0.0375
0 0.84453125 0.675 0.0125 0.04140625
0 0.8140625 0.68203125 0.0125 0.04609375
0 0.93671875 0.65390625 0.009375 0.04140625
0 0.93125 0.62890625 0.0109375 0.03125
0 0.9453125 0.634375 0.0046875 0.01640625
67 0.79296875 0.60234375 0.05 0.02890625
12 0.984375 0.65234375 0.03125 0.04140625
12 0.83828125 0.61171875 0.0453125 0.02109375
12 0.9390625 0.62265625 0.0328125 0.025
0 0.44609375 0.54140625 0.03125 0.04140625
0 0.95703125 0.62734375 0.0078125 0.02265625
0 0.91171875 0.64296875 0.0078125 0.03359375
0 0.93984375 0.62890625 0.00625 0.02890625
0 0.9828125 0.61171875 0.00625 0.025
12 0.7921875 0.603125 0.05 0.02890625