52 0.3015625 0.55703125 0.0859375 0.13125
52 0.4140625 0.57890625 0.021875 0.01875
52 0.06640625 0.53203125 0.059375 0.128125
52 0.3765625 0.5703125 0.084375 0.125
52 0.42109375 0.57265625 0.046875 0.11875
0 0.475 0.4984375 0.0484375 0.125
0 0.49921875 0.5 0.0375 0.1015625
0 0.0671875 0.42578125 0.0890625 0.1546875
0 0.11796875 0.42578125 0.0640625 0.1546875
0 0.44296875 0.48359375 0.0296875 0.0703125
52 0.33359375 0.55859375 0.08125 0.13125
55 0.2984375 0.64140625 0.3546875 0.2625
6 0.55078125 0.5703125 0.01875 0.015625
52 0.17265625 0.53515625 0.0515625 0.096875
57 0.36328125 0.5359375 0.05625 0.021875
0 0.7828125 0.55390625 0.0671875 0.14375
0 0.46015625 0.48359375 0.0234375 0.05625
57 0.31875 0.53046875 0.0375 0.015625
0 0.83828125 0.54921875 0.034375 0.034375
0 0.4265625 0.4734375 0.015625 0.0359375
0 0.025 0.428125 0.05 0.171875
6 0.496875 0.896875 0.0859375 0.065625