26 0.0765625 0.4453125 0.0265625 0.0328125
52 0.5390625 0.1296875 0.0578125 0.0765625
52 0.6125 0.11640625 0.0703125 0.071875
52 0.60703125 0.03515625 0.0546875 0.0703125
52 0.7703125 0.09296875 0.13125 0.08125
32 0.18359375 0.51484375 0.1015625 0.1671875
0 0.38828125 0.5234375 0.4625 0.8875
0 0.6578125 0.0765625 0.1328125 0.1515625
0 0.265625 0.1359375 0.1359375 0.1609375
0 0.87265625 0.059375 0.1390625 0.11875
0 0.696875 0.0453125 0.15625 0.090625
52 0.70625 0.09140625 0.0125 0.025
0 0.46015625 0.08984375 0.1234375 0.1796875
0 0.775 0.07109375 0.125 0.1265625
0 0.2171875 0.1203125 0.0984375 0.16875
0 0.36015625 0.0953125 0.14375 0.171875
0 0.04375 0.1453125 0.0875 0.165625
0 0.8203125 0.034375 0.14375 0.06875
0 0.0265625 0.16640625 0.053125 0.1515625
52 0.0875 0.14453125 0.059375 0.1578125
0 0.16640625 0.153125 0.1046875 0.1390625