33 0.45390625 0.54609375 0.034375 0.1
33 0.525 0.5703125 0.05 0.1375
53 0.2125 0.690625 0.425 0.603125
53 0.69765625 0.91953125 0.5484375 0.1609375
0 0.8484375 0.58125 0.303125 0.44375
0 0.7640625 0.48203125 0.2125 0.315625
36 0.5671875 0.62890625 0.0578125 0.0453125
36 0.46015625 0.621875 0.040625 0.075
36 0.5546875 0.57421875 0.028125 0.0359375
36 0.39921875 0.5796875 0.05 0.053125
60 0.66484375 0.59140625 0.2109375 0.171875
60 0.3828125 0.51953125 0.18125 0.1125
60 0.6140625 0.55390625 0.11875 0.1171875
60 0.2578125 0.625 0.2609375 0.1828125
52 0.82109375 0.7875 0.3328125 0.2734375
52 0.12109375 0.49921875 0.2390625 0.21875
57 0.54140625 0.6234375 0.4875 0.1953125
72 0.7671875 0.0875 0.0625 0.0953125
0 0.14140625 0.52265625 0.2828125 0.4359375
52 0.25546875 0.55234375 0.0609375 0.1671875
52 0.2046875 0.8109375 0.409375 0.3625
52 0.69140625 0.91875 0.5640625 0.1625
33 0.51328125 0.60390625 0.0375 0.1078125
0 0.2390625 0.4296875 0.4546875 0.259375