26 0.9546875 0.51640625 0.0296875 0.0359375
28 0.41171875 0.3984375 0.1578125 0.0515625
29 0.24140625 0.5625 0.0625 0.103125
0 0.14296875 0.55 0.2859375 0.40625
0 0.2359375 0.275 0.1515625 0.1625
0 0.37265625 0.22109375 0.1296875 0.134375
0 0.734375 0.10390625 0.0890625 0.1296875
0 0.65546875 0.10078125 0.0890625 0.1203125
0 0.13203125 0.27734375 0.0953125 0.1703125
0 0.1734375 0.209375 0.0828125 0.1328125
0 0.1984375 0.340625 0.1015625 0.125
0 0.26640625 0.38203125 0.078125 0.090625
0 0.284375 0.34765625 0.1140625 0.1484375
64 0.81796875 0.11796875 0.025 0.028125
0 0.55546875 0.47421875 0.353125 0.621875
0 0.8171875 0.1078125 0.1015625 0.125
36 0.26328125 0.23828125 0.025 0.04375
0 0.06171875 0.34921875 0.11875 0.234375
0 0.5 0.359375 1 0.71875