34 0.4515625 0.50625 0.5046875 0.2140625
19 0.08359375 0.7609375 0.1671875 0.478125
19 0.68046875 0.5703125 0.0125 0.0234375
19 0.60703125 0.57421875 0.021875 0.046875
21 0.678125 0.61640625 0.0375 0.084375
21 0.49296875 0.6234375 0.015625 0.0328125
21 0.65390625 0.640625 0.0390625 0.046875
67 0.140625 0.6015625 0.1609375 0.1046875
67 0.890625 0.54921875 0.21875 0.1546875
0 0.0859375 0.7671875 0.1625 0.465625
0 0.45078125 0.57421875 0.0203125 0.0609375
0 0.49140625 0.58515625 0.01875 0.0703125
0 0.51171875 0.58671875 0.0453125 0.103125
0 0.378125 0.58203125 0.021875 0.0609375
0 0.47265625 0.5859375 0.021875 0.0671875
0 0.5953125 0.59609375 0.0453125 0.1296875
0 0.5390625 0.58359375 0.040625 0.11875
0 0.66484375 0.565625 0.034375 0.0953125
0 0.64921875 0.56640625 0.03125 0.1015625
0 0.62265625 0.59296875 0.0546875 0.1453125
0 0.56484375 0.5828125 0.040625 0.125
19 0.5125 0.5625 0.0109375 0.015625
19 0.584375 0.61953125 0.021875 0.046875
21 0.53359375 0.61484375 0.015625 0.0328125
21 0.4515625 0.59375 0.0109375 0.0203125
67 0.20234375 0.57421875 0.04375 0.0546875
17 0.565625 0.5578125 0.0234375 0.0421875
17 0.48828125 0.584375 0.0203125 0.03125
17 0.52421875 0.6140625 0.0265625 0.0546875
0 0.4796875 0.5625 0.0109375 0.025
0 0.55859375 0.5578125 0.5609375 0.2515625