52 0.1328125 0.59453125 0.07421875 0.17578125
52 0.7328125 0.9703125 0.10234375 0.05859375
0 0.55625 0.69765625 0.1140625 0.3015625
0 0.75078125 0.69765625 0.13828125 0.14921875
0 0.2609375 0.4546875 0.0578125 0.1546875
0 0.32578125 0.3890625 0.08828125 0.125
73 0.671875 0.29453125 0.01171875 0.053125
73 0.62890625 0.29765625 0.0140625 0.03984375
0 0.609375 0.8546875 0.04765625 0.18671875
0 0.44296875 0.62421875 0.04375 0.184375
0 0.646875 0.715625 0.0796875 0.1546875
52 0.203125 0.2703125 0.06796875 0.19453125
52 0.225 0.20703125 0.03203125 0.13828125
52 0.28984375 0.23203125 0.0578125 0.1625
60 0.50234375 0.34140625 0.0359375 0.034375
0 0.678125 0.884375 0.17578125 0.22421875
0 0.20390625 0.5546875 0.1296875 0.3546875
0 0.16796875 0.41328125 0.034375 0.071875
52 0.353125 0.40390625 0.04609375 0.0984375
52 0.23984375 0.2796875 0.01015625 0.0265625
52 0.14765625 0.25234375 0.0359375 0.075
57 0.17265625 0.2546875 0.09375 0.2
63 0.11875 0.98515625 0.034375 0.0296875
0 0.346875 0.7890625 0.2078125 0.17578125
73 0.596875 0.28125 0.00390625 0.02109375