8 0.259375 0.34375 0.1984375 0.15625
57 0.4921875 0.78515625 0.984375 0.3171875
43 0.6453125 0.6828125 0.271875 0.109375
43 0.47109375 0.80078125 0.1328125 0.1171875
43 0.65 0.521875 0.1703125 0.1109375
36 0.4078125 0.665625 0.1484375 0.196875
36 0.1671875 0.721875 0.1875 0.0921875
43 0.52421875 0.6390625 0.0875 0.05625
43 0.46796875 0.52421875 0.078125 0.0828125
43 0.47265625 0.68359375 0.1390625 0.0703125
43 0.73359375 0.8203125 0.115625 0.0828125
43 0.5171875 0.8359375 0.0828125 0.0953125
36 0.95625 0.77109375 0.053125 0.0859375
43 0.65 0.82578125 0.096875 0.096875
43 0.4421875 0.7828125 0.159375 0.096875
51 0.5765625 0.8140625 0.10625 0.1140625
0 0.4046875 0.48125 0.6484375 0.446875
43 0.57890625 0.81484375 0.0984375 0.11875
43 0.7046875 0.775 0.06875 0.0484375
43 0.5265625 0.5328125 0.09375 0.084375
43 0.41796875 0.7671875 0.0625 0.065625