54 0.79296875 0.50390625 0.05 0.0734375
59 0.45625 0.4765625 0.0640625 0.0734375
33 0.76484375 0.55625 0.015625 0.0421875
33 0.40859375 0.48671875 0.0140625 0.0375
52 0.3609375 0.80703125 0.234375 0.3609375
52 0.253125 0.74765625 0.0796875 0.346875
72 0.928125 0.590625 0.0296875 0.0359375
66 0.7546875 0.75078125 0.1359375 0.2828125
69 0.6609375 0.553125 0.1265625 0.071875
33 0.27265625 0.4953125 0.0109375 0.046875
33 0.39609375 0.48125 0.0140625 0.05
40 0.53671875 0.51015625 0.03125 0.03125
52 0.271875 0.80234375 0.0703125 0.3734375
52 0.2296875 0.57265625 0.0421875 0.0484375
57 0.4671875 0.771875 0.40625 0.45625
54 0.79296875 0.553125 0.03125 0.06875