45 0.63515625 0.5546875 0.7296875 0.346875
0 0.3015625 0.7234375 0.1421875 0.33125
0 0.21796875 0.6703125 0.08125 0.246875
0 0.5 0.775 0.1109375 0.296875
0 0.54453125 0.73984375 0.103125 0.29375
0 0.5765625 0.81875 0.128125 0.3625
0 0.64140625 0.796875 0.0890625 0.2
0 0.696875 0.7515625 0.10625 0.3296875
0 0.75546875 0.7296875 0.090625 0.2515625
0 0.81171875 0.746875 0.0984375 0.234375
0 0.94296875 0.8234375 0.0734375 0.3
0 0.72890625 0.70234375 0.0515625 0.1828125
19 0.9125 0.76796875 0.05625 0.109375
19 0.59140625 0.77421875 0.0609375 0.096875
0 0.90390625 0.80703125 0.096875 0.2796875
19 0.75546875 0.81875 0.065625 0.0953125