9 0.46328125 0.66875 0.45625 0.44375
9 0.6046875 0.69921875 0.2484375 0.328125
0 0.46015625 0.5171875 0.1171875 0.3203125
0 0.0453125 0.75625 0.090625 0.409375
0 0.55078125 0.47265625 0.0890625 0.1515625
0 0.73203125 0.6359375 0.1015625 0.2421875
0 0.765625 0.63828125 0.059375 0.2234375
0 0.125 0.57421875 0.0671875 0.184375
19 0.26484375 0.59375 0.0296875 0.05625
0 0.215625 0.60625 0.0546875 0.2078125
0 0.18828125 0.4875 0.0390625 0.0671875
0 0.140625 0.496875 0.0328125 0.0375
0 0.3015625 0.6296875 0.0515625 0.171875
17 0.009375 0.75859375 0.01875 0.1671875
5 0.040625 0.5421875 0.08125 0.0875
5 0.1796875 0.55859375 0.0609375 0.1015625
19 0.13984375 0.60546875 0.04375 0.0609375
54 0.27421875 0.403125 0.125 0.125
0 0.24453125 0.61328125 0.0609375 0.21875