9 0.31640625 0.571875 0.2546875 0.2625
12 0.95 0.52265625 0.1 0.08984375
0 0.7421875 0.515625 0.0875 0.16640625
0 0.57109375 0.465625 0.0796875 0.1875
0 0.6953125 0.50703125 0.0359375 0.1
0 0.7890625 0.48203125 0.0171875 0.04765625
0 0.81015625 0.50625 0.028125 0.11484375
0 0.665625 0.52421875 0.0625 0.14375
79 0.76484375 0.36484375 0.03125 0.08359375
79 0.73828125 0.35546875 0.0171875 0.05234375
5 0.05 0.56484375 0.1 0.06875
0 0.8859375 0.509375 0.0171875 0.05234375
0 0.675 0.48046875 0.0234375 0.05234375
1 0.8890625 0.51875 0.009375 0.0375
9 0.35 0.56796875 0.2015625 0.22890625
18 0.3890625 0.44453125 0.11875 0.03515625
19 0.6890625 0.52109375 0.01875 0.04375
18 0.1359375 0.453125 0.115625 0.02734375