6 0.3875 0.66640625 0.1203125 0.2796875
6 0.50234375 0.6109375 0.171875 0.2859375
6 0.18359375 0.59765625 0.1171875 0.3265625
6 0.09296875 0.57890625 0.11875 0.2796875
6 0.6828125 0.52421875 0.10625 0.2546875
6 0.75703125 0.42578125 0.090625 0.2390625
6 0.5921875 0.3359375 0.11875 0.1984375
6 0.50546875 0.23359375 0.1359375 0.2359375
6 0.584375 0.12265625 0.084375 0.2296875
6 0.75625 0.67734375 0.1546875 0.1890625
6 0.82109375 0.6671875 0.1234375 0.275
6 0.24296875 0.56796875 0.065625 0.125
6 0.95390625 0.23515625 0.0640625 0.209375