52 0.83359375 0.675 0.1125 0.2203125
52 0.9359375 0.7046875 0.1125 0.234375
52 0.52109375 0.75703125 0.096875 0.3078125
57 0.67890625 0.8546875 0.5921875 0.290625
0 0.39375 0.6015625 0.1515625 0.5578125
35 0.9015625 0.82109375 0.0375 0.084375
35 0.85625 0.80546875 0.0375 0.09375
36 0.35234375 0.54296875 0.0171875 0.025
40 0.396875 0.165625 0.059375 0.05
40 0.559375 0.87421875 0.0515625 0.0484375
60 0.81484375 0.93828125 0.1734375 0.1234375
66 0.2515625 0.42734375 0.15 0.2609375
69 0.3328125 0.584375 0.06875 0.0828125
71 0.0609375 0.62109375 0.115625 0.0625
71 0.0640625 0.640625 0.096875 0.03125
36 0.3765625 0.403125 0.0140625 0.021875
36 0.36171875 0.384375 0.0234375 0.015625
36 0.3625 0.40234375 0.01875 0.025
36 0.3859375 0.40234375 0.0078125 0.0171875
36 0.39453125 0.403125 0.0109375 0.0234375
71 0.03046875 0.8625 0.0609375 0.13125
36 0.403125 0.31015625 0.0171875 0.03125
39 0.81640625 0.79609375 0.021875 0.025
36 0.390625 0.3125 0.009375 0.0234375