12 0.91328125 0.75078125 0.153125 0.303125
0 0.334375 0.50234375 0.3984375 0.65625
0 0.5828125 0.52734375 0.3453125 0.603125
0 0.7609375 0.596875 0.2765625 0.640625
0 0.57890625 0.33125 0.0859375 0.1375
0 0.06796875 0.28359375 0.1140625 0.221875
0 0.49453125 0.30078125 0.0703125 0.08125
0 0.87734375 0.35234375 0.06875 0.0734375
0 0.23984375 0.26640625 0.15625 0.1625
4 0.61484375 0.5203125 0.1875 0.284375
4 0.7828125 0.55078125 0.1921875 0.275
0 0.91171875 0.41875 0.084375 0.1609375
0 0.1921875 0.28828125 0.0875 0.2078125
0 0.3265625 0.2453125 0.0859375 0.09375
0 0.45859375 0.290625 0.0609375 0.0609375
20 0.6375 0.36875 0.040625 0.0453125
20 0.72890625 0.4015625 0.04375 0.0375
23 0.2203125 0.58125 0.440625 0.4375
0 0.1140625 0.284375 0.084375 0.20625
0 0.64921875 0.61875 0.7015625 0.759375