57 0.60390625 0.7015625 0.7890625 0.596875
35 0.63828125 0.68203125 0.0859375 0.15625
38 0.43359375 0.7296875 0.1265625 0.04375
0 0.7109375 0.40390625 0.178125 0.2890625
0 0.9140625 0.628125 0.171875 0.425
0 0.30078125 0.38359375 0.1828125 0.3
0 0.4765625 0.34765625 0.2375 0.234375
0 0.18984375 0.43203125 0.2078125 0.303125
0 0.15703125 0.640625 0.3140625 0.6375
0 0.85078125 0.52734375 0.1609375 0.328125
0 0.24375 0.25390625 0.1171875 0.14375
0 0.815625 0.45 0.35 0.4578125
0 0.134375 0.26953125 0.15 0.1625
0 0.62578125 0.30703125 0.2 0.2984375
0 0.315625 0.2234375 0.0734375 0.10625
35 0.5390625 0.7703125 0.1046875 0.228125
36 0.453125 0.55234375 0.0640625 0.1125
36 0.62421875 0.60859375 0.0609375 0.090625
37 0.33359375 0.96328125 0.2296875 0.0671875
37 0.33125 0.95234375 0.221875 0.078125
38 0.86640625 0.77578125 0.115625 0.0421875
52 0.93515625 0.3609375 0.0671875 0.0640625
19 0.11953125 0.82265625 0.2390625 0.2796875
33 0.553125 0.5875 0.034375 0.0796875
35 0.4125 0.421875 0.0453125 0.05
36 0.7625 0.77421875 0.0828125 0.1265625
36 0.55234375 0.453125 0.04375 0.0734375
36 0.51484375 0.4546875 0.04375 0.0671875
36 0.47890625 0.553125 0.0484375 0.0875
36 0.43203125 0.45859375 0.0484375 0.0703125
37 0.4203125 0.7078125 0.1203125 0.0484375
0 0.42890625 0.29296875 0.096875 0.171875
36 0.509375 0.715625 0.05 0.1171875
37 0.3625 0.55078125 0.115625 0.0296875
37 0.7234375 0.6453125 0.096875 0.0203125
37 0.6359375 0.50859375 0.084375 0.0359375
37 0.4984375 0.99140625 0.03125 0.0171875
38 0.7140625 0.6390625 0.140625 0.028125
38 0.40703125 0.565625 0.034375 0.009375
39 0.3859375 0.48203125 0.025 0.0140625
36 0.54296875 0.5328125 0.05625 0.0890625
36 0.41640625 0.48046875 0.04375 0.065625
36 0.6796875 0.90546875 0.1140625 0.1875
36 0.53046875 0.5171875 0.0515625 0.08125