12 0.315625 0.79453125 0.4875 0.3640625
12 0.49140625 0.759375 0.278125 0.265625
12 0.5359375 0.75546875 0.3359375 0.29375
12 0.80390625 0.7171875 0.3515625 0.2625
12 0.6015625 0.746875 0.3140625 0.2796875
12 0.66953125 0.73671875 0.28125 0.265625
12 0.65390625 0.615625 0.203125 0.090625
23 0.37890625 0.3453125 0.1734375 0.296875
0 0.378125 0.2375 0.1703125 0.30625
0 0.528125 0.6140625 0.0484375 0.0625
67 0.46640625 0.61015625 0.1609375 0.1125
0 0.58046875 0.61875 0.0359375 0.05
21 0.284375 0.6734375 0.065625 0.065625
12 0.57265625 0.459375 0.2203125 0.1328125
67 0.41328125 0.4890625 0.1171875 0.09375