59 0.89453125 0.52265625 0.1171875 0.5484375
52 0.02890625 0.7296875 0.05625 0.23359375
0 0.296875 0.54140625 0.56875 0.8625
36 0.528125 0.94375 0.096875 0.11171875
36 0.878125 0.884375 0.0984375 0.16875
61 0.640625 0.90390625 0.125 0.0546875
63 0.571875 0.81171875 0.1765625 0.1671875
71 0.8828125 0.71796875 0.2046875 0.0296875
19 0.88984375 0.52734375 0.2078125 0.175
64 0.72890625 0.96484375 0.059375 0.03359375
71 0.8890625 0.61015625 0.221875 0.1515625
71 0.6671875 0.6828125 0.1734375 0.08046875
71 0.703125 0.73671875 0.0890625 0.01953125
71 0.66953125 0.64921875 0.178125 0.0671875
64 0.45546875 0.98203125 0.0703125 0.02734375