61 0.603125 0.56640625 0.0328125 0.01875
63 0.62890625 0.54140625 0.0578125 0.053125
71 0.18515625 0.3609375 0.015625 0.046875
71 0.15390625 0.359375 0.015625 0.05
71 0.18828125 0.44453125 0.0234375 0.0390625
71 0.16328125 0.36171875 0.015625 0.0484375
71 0.14140625 0.3625 0.015625 0.05
71 0.115625 0.36328125 0.0125 0.046875
71 0.08359375 0.36171875 0.0125 0.0546875
71 0.1484375 0.36171875 0.015625 0.053125
0 0.4703125 0.5703125 0.2515625 0.34375
71 0.1421875 0.2703125 0.0328125 0.0546875
71 0.17734375 0.359375 0.015625 0.0546875
71 0.14453125 0.45078125 0.0140625 0.0328125
71 0.14296875 0.4375 0.0234375 0.0484375
72 0.96953125 0.39140625 0.0328125 0.0578125
59 0.69609375 0.46015625 0.071875 0.1765625
52 0.3890625 0.46796875 0.4359375 0.70625
71 0.109375 0.45 0.03125 0.0453125
71 0.1546875 0.353125 0.2171875 0.2640625