49 0.5125 0.63671875 0.3109375 0.284375
49 0.4359375 0.44375 0.359375 0.1734375
49 0.19453125 0.40703125 0.2953125 0.2203125
49 0.0484375 0.334375 0.096875 0.128125
49 0.82734375 0.62109375 0.3453125 0.2796875
57 0.5 0.57421875 1 0.8515625
71 0.56796875 0.14375 0.01875 0.1203125
71 0.60234375 0.303125 0.028125 0.115625
71 0.56328125 0.13359375 0.0453125 0.1328125
71 0.57109375 0.3078125 0.025 0.13125
71 0.55 0.14140625 0.0375 0.1484375
71 0.58984375 0.30703125 0.0203125 0.10625
71 0.50859375 0.13984375 0.084375 0.1671875
71 0.62890625 0.2625 0.04375 0.153125
71 0.60703125 0.2984375 0.0328125 0.1234375
71 0.6015625 0.09765625 0.0703125 0.1546875
71 0.6234375 0.0890625 0.05 0.15625
71 0.5875 0.12578125 0.028125 0.1203125
71 0.5734375 0.128125 0.04375 0.1296875