52 0.93359375 0.40390625 0.09609375 0.0234375
52 0.83515625 0.4171875 0.11015625 0.028125
52 0.79296875 0.4078125 0.0796875 0.04375
0 0.49921875 0.35 0.559375 0.515625
36 0.253125 0.68046875 0.1921875 0.259375
40 0.7765625 0.76640625 0.1921875 0.1
49 0.7515625 0.67734375 0.18984375 0.0828125
49 0.49296875 0.95390625 0.58046875 0.0921875
37 0.28828125 0.39921875 0.046875 0.0828125
57 0.5 0.81796875 1 0.3640625
57 0.9015625 0.4265625 0.1921875 0.0296875
52 0.85625 0.5484375 0.196875 0.0984375
57 0.8140625 0.37421875 0.15 0.0265625
57 0.88125 0.51796875 0.2375 0.2078125
57 0.93671875 0.371875 0.1265625 0.0171875
52 0.76328125 0.56953125 0.01875 0.0796875