54 0.13359375 0.38125 0.14375 0.146875
54 0.0640625 0.44609375 0.0578125 0.1203125
54 0.1296875 0.434375 0.0375 0.05
52 0.71328125 0.7359375 0.2765625 0.4546875
52 0.58046875 0.4859375 0.1765625 0.1859375
52 0.34921875 0.471875 0.184375 0.1765625
53 0.33828125 0.765625 0.6765625 0.446875
53 0.9390625 0.8984375 0.109375 0.203125
0 0.24375 0.48359375 0.1328125 0.2203125
71 0.371875 0.2984375 0.0078125 0.046875
71 0.36640625 0.21953125 0.0203125 0.046875
71 0.39453125 0.36953125 0.04375 0.0546875
71 0.39140625 0.43046875 0.034375 0.01875
71 0.3859375 0.30078125 0.0203125 0.0046875
71 0.3875 0.221875 0.00625 0.04375
71 0.36484375 0.46015625 0.040625 0.0125
71 0.3609375 0.37265625 0.028125 0.0546875
71 0.3609375 0.409375 0.0296875 0.015625
71 0.3828125 0.4421875 0.0375 0.015625
71 0.36015625 0.4625 0.05625 0.0359375
71 0.840625 0.64375 0.071875 0.059375
71 0.359375 0.2921875 0.021875 0.05625
33 0.9078125 0.4 0.0265625 0.078125
33 0.7265625 0.25390625 0.0109375 0.0609375
71 0.396875 0.22265625 0.0078125 0.0421875
72 0.59453125 0.13984375 0.04375 0.0671875
33 0.8828125 0.4015625 0.0359375 0.078125
73 0.74765625 0.25625 0.0234375 0.0625
73 0.91875 0.2828125 0.0265625 0.0546875
71 0.66796875 0.44921875 0.6625 0.515625