0 0.24765625 0.68671875 0.4953125 0.6265625
36 0.034375 0.48828125 0.06875 0.1828125
36 0.85234375 0.7890625 0.13125 0.140625
40 0.5015625 0.7125 0.165625 0.1703125
69 0.675 0.609375 0.5859375 0.5015625
74 0.353125 0.11015625 0.071875 0.20625
36 0.8234375 0.67421875 0.0875 0.1171875
36 0.8390625 0.63125 0.0703125 0.090625
39 0.2859375 0.25703125 0.053125 0.096875
40 0.93359375 0.75546875 0.1171875 0.159375
40 0.19921875 0.33515625 0.09375 0.1359375
33 0.96796875 0.44140625 0.0640625 0.1171875
36 0.8890625 0.62578125 0.0453125 0.0921875