53 0.1015625 0.35859375 0.203125 0.3046875
1 0.78984375 0.4546875 0.4203125 0.59375
59 0.48984375 0.21796875 0.1765625 0.2109375
36 0.85625 0.7640625 0.215625 0.2546875
60 0.45703125 0.6578125 0.6140625 0.684375
61 0.79765625 0.9234375 0.1953125 0.153125
62 0.0953125 0.775 0.190625 0.309375
0 0.5 0.51171875 0.20625 0.2453125
33 0.828125 0.6375 0.1609375 0.2796875
33 0.8921875 0.45078125 0.10625 0.1515625
54 0.3203125 0.3515625 0.06875 0.06875
62 0.04921875 0.73125 0.0984375 0.2125
64 0.68046875 0.5921875 0.0828125 0.053125
62 0.23828125 0.6359375 0.134375 0.184375