6 0.38671875 0.4703125 0.515625 0.809375
0 0.49140625 0.27265625 0.3453125 0.5453125
0 0.56484375 0.0984375 0.08125 0.1578125
0 0.63125 0.1515625 0.0765625 0.1078125
0 0.70703125 0.15390625 0.0390625 0.06875
57 0.60625 0.3046875 0.2078125 0.253125
57 0.9296875 0.2453125 0.140625 0.040625
57 0.81015625 0.21953125 0.0875 0.0234375
36 0.59921875 0.1859375 0.0296875 0.0546875
52 0.45390625 0.37890625 0.25 0.29375
52 0.44765625 0.29765625 0.1734375 0.1609375
52 0.70234375 0.36875 0.215625 0.3546875
52 0.66953125 0.3046875 0.1578125 0.2390625
52 0.64765625 0.284375 0.103125 0.1296875
0 0.66953125 0.1234375 0.0734375 0.175
52 0.653125 0.2890625 0.0921875 0.09375
52 0.921875 0.37109375 0.15625 0.2828125
52 0.96015625 0.41640625 0.0796875 0.3421875
57 0.74453125 0.2 0.121875 0.0265625
52 0.8484375 0.32734375 0.153125 0.2359375
52 0.6359375 0.246875 0.0578125 0.040625
57 0.56953125 0.18515625 0.0984375 0.0234375
52 0.6203125 0.21328125 0.25 0.1125