78 0.1765625 0.4859375 0.265625 0.0984375
0 0.778125 0.584375 0.44375 0.803125
78 0.35078125 0.4875 0.0234375 0.01640625
78 0.434375 0.48984375 0.0171875 0.02109375
78 0.3859375 0.48515625 0.0234375 0.02109375
17 0.84375 0.72578125 0.209375 0.54765625
17 0.45390625 0.846875 0.08125 0.2765625
0 0.18046875 0.4671875 0.0140625 0.02578125
0 0.23125 0.4734375 0.0125 0.02109375
0 0.14140625 0.47578125 0.0140625 0.02109375
78 0.475 0.4875 0.01875 0.028125
78 0.03046875 0.4875 0.0609375 0.02578125
0 0.153125 0.4765625 0.009375 0.01875
0 0.2484375 0.47890625 0.009375 0.01171875
0 0.2453125 0.471875 0.00625 0.01640625
0 0.2046875 0.46875 0.015625 0.03515625
0 0.19453125 0.47109375 0.00625 0.028125
0 0.496875 0.68984375 0.309375 0.6203125