54 0.45546875 0.125 0.0453125 0.0609375
33 0.78203125 0.234375 0.0640625 0.09375
52 0.6234375 0.5703125 0.140625 0.4125
57 0.64140625 0.603125 0.1203125 0.365625
0 0.54453125 0.39609375 0.146875 0.3875
36 0.4203125 0.3796875 0.01875 0.0296875
65 0.41328125 0.31640625 0.05625 0.05
66 0.45703125 0.46796875 0.0625 0.2546875
69 0.6078125 0.3171875 0.04375 0.015625
40 0.45703125 0.64375 0.046875 0.034375
40 0.42109375 0.63984375 0.0265625 0.04375
40 0.68203125 0.25625 0.0671875 0.0609375
40 0.67734375 0.22421875 0.0578125 0.0171875
40 0.72109375 0.1515625 0.1453125 0.0359375
19 0.3546875 0.83671875 0.146875 0.3265625
33 0.609375 0.2859375 0.0171875 0.046875
33 0.7296875 0.21875 0.071875 0.13125