34 0.4515625 0.5 0.4890625 0.15625
19 0.053125 0.725 0.10625 0.50234375
19 0.6703125 0.59140625 0.009375 0.02265625
19 0.596875 0.58671875 0.015625 0.04609375
21 0.6625 0.6375 0.028125 0.08125
21 0.478125 0.621875 0.0125 0.03125
21 0.6359375 0.65859375 0.034375 0.04375
67 0.13125 0.55703125 0.1515625 0.0875
67 0.88828125 0.596875 0.215625 0.12890625
0 0.0546875 0.73515625 0.103125 0.49609375
0 0.4421875 0.56796875 0.0125 0.06015625
0 0.48125 0.58359375 0.0109375 0.06875
0 0.50078125 0.5875 0.0328125 0.1
0 0.36875 0.56640625 0.0140625 0.06015625
0 0.4625 0.58203125 0.0140625 0.06640625
0 0.5828125 0.60703125 0.0296875 0.12734375
0 0.52890625 0.5875 0.0265625 0.11640625
0 0.65546875 0.58515625 0.0234375 0.09375
0 0.63984375 0.584375 0.01875 0.1
0 0.61015625 0.60703125 0.0375 0.14140625
0 0.55390625 0.58984375 0.0265625 0.12265625
19 0.5046875 0.56328125 0.009375 0.01484375
19 0.56953125 0.62890625 0.015625 0.04609375
21 0.51953125 0.61796875 0.0125 0.03125
21 0.440625 0.5875 0.009375 0.01875
33 0.04921875 0.984375 0.046875 0.03125
67 0.1953125 0.5375 0.0375 0.05
17 0.5578125 0.565625 0.01875 0.03984375
17 0.478125 0.58203125 0.0171875 0.02890625
17 0.51015625 0.61640625 0.0203125 0.05234375
0 0.471875 0.559375 0.0078125 0.025
0 0.55078125 0.56484375 0.5421875 0.1875