42 0.6640625 0.50546875 0.0375 0.05
42 0.628125 0.51640625 0.109375 0.09375
44 0.94609375 0.70078125 0.015625 0.015625
44 0.93984375 0.7171875 0.0140625 0.0125
44 0.9296875 0.7140625 0.0140625 0.0109375
44 0.96015625 0.70546875 0.040625 0.0390625
41 0.6203125 0.75546875 0.1484375 0.1984375
41 0.37734375 0.74765625 0.0515625 0.171875
41 0.4359375 0.7640625 0.1203125 0.1859375
41 0.4921875 0.61328125 0.128125 0.1859375
41 0.32734375 0.7296875 0.1109375 0.203125
41 0.52265625 0.7765625 0.103125 0.16875
41 0.5921875 0.6578125 0.1234375 0.125
44 0.0421875 0.61015625 0.0625 0.04375
42 0.26484375 0.5109375 0.109375 0.078125
42 0.04765625 0.56640625 0.0953125 0.1046875
42 0.19140625 0.59765625 0.240625 0.1515625
42 0.3578125 0.50703125 0.0296875 0.03125
0 0.11796875 0.45078125 0.159375 0.221875