54 0.8703125 0.51015625 0.04765625 0.08125
54 0.58515625 0.52578125 0.24609375 0.825
59 0.7328125 0.47265625 0.1203125 0.14765625
52 0.39921875 0.61171875 0.0859375 0.13515625
53 0.85078125 0.73828125 0.29765625 0.340625
57 0.6328125 0.5453125 0.734375 0.88515625
52 0.78515625 0.759375 0.20234375 0.22578125
52 0.2609375 0.90078125 0.06171875 0.175
52 0.38125 0.72578125 0.1703125 0.18671875
70 0.16484375 0.47421875 0.17578125 0.25
36 0.33671875 0.51171875 0.01796875 0.0328125
40 0.20625 0.54375 0.065625 0.0421875
73 0.5828125 0.77578125 0.06796875 0.31328125
8 0.66171875 0.74375 0.05 0.090625
72 0.47109375 0.328125 0.04375 0.06640625
36 0.165625 0.55 0.01796875 0.0359375