0 0.2296875 0.6390625 0.459375 0.721875
0 0.23984375 0.2609375 0.2703125 0.2921875
0 0.70390625 0.23671875 0.4765625 0.4734375
35 0.5984375 0.4921875 0.1 0.1625
36 0.78984375 0.92578125 0.1484375 0.0953125
36 0.83203125 0.83359375 0.1453125 0.1828125
36 0.625 0.6390625 0.115625 0.1734375
51 0.5703125 0.8484375 0.4421875 0.3
0 0.6125 0.16328125 0.50625 0.3265625
20 0.64375 0.2609375 0.059375 0.0515625
39 0.7078125 0.42734375 0.1328125 0.0359375
39 0.584375 0.72578125 0.0484375 0.084375
40 0.84453125 0.440625 0.26875 0.18125
51 0.7546875 0.3328125 0.2390625 0.184375
0 0.94609375 0.240625 0.0625 0.09375
35 0.79765625 0.5796875 0.0984375 0.15625
39 0.84296875 0.4171875 0.0984375 0.0484375
36 0.7140625 0.37265625 0.0796875 0.1015625
57 0.71796875 0.72265625 0.5640625 0.5546875