33 0.3875 0.23671875 0.06875 0.2375
33 0.33828125 0.23515625 0.0859375 0.2515625
33 0.4265625 0.17890625 0.0578125 0.2109375
33 0.25859375 0.21015625 0.0859375 0.2265625
0 0.5328125 0.5 0.934375 1
62 0.21171875 0.47578125 0.2 0.134375
0 0.24765625 0.315625 0.059375 0.0984375
0 0.1109375 0.3328125 0.0375 0.04375
0 0.17265625 0.109375 0.090625 0.134375
0 0.07578125 0.3578125 0.0640625 0.1421875
62 0.5875 0.4703125 0.0984375 0.0921875
0 0.39765625 0.340625 0.0265625 0.0515625
0 0.44375 0.3296875 0.0359375 0.071875
0 0.0984375 0.11015625 0.071875 0.103125
52 0.4484375 0.9140625 0.146875 0.171875