12 0.275 0.278125 0.09765625 0.0328125
12 0.4 0.28203125 0.07890625 0.03125
12 0.50078125 0.278125 0.06015625 0.0234375
12 0.6375 0.2796875 0.09375 0.0390625
12 0.940625 0.2796875 0.08515625 0.0203125
12 0.89375 0.28046875 0.06015625 0.0234375
0 0.56328125 0.34609375 0.10234375 0.259375
0 0.7703125 0.5625 0.459375 0.84375
38 0.63515625 0.42109375 0.09609375 0.015625
12 0.97890625 0.28203125 0.04140625 0.021875
12 0.45625 0.27734375 0.03515625 0.028125
45 0.39140625 0.2671875 0.125 0.046875
67 0.39140625 0.2671875 0.125 0.046875
67 0.68515625 0.2765625 0.06484375 0.034375
33 0.55390625 0.43515625 0.04765625 0.0734375
33 0.60234375 0.4484375 0.04140625 0.084375
48 0.37109375 0.7265625 0.11640625 0.05
48 0.35546875 0.68828125 0.34140625 0.1546875
48 0.40390625 0.61875 0.06875 0.0109375
48 0.53984375 0.4921875 0.06484375 0.0125
12 0.34140625 0.278125 0.04609375 0.028125
0 0.60546875 0.2875 0.04140625 0.04375
48 0.55078125 0.5109375 0.0375 0.015625
48 0.5 0.51640625 0.04140625 0.0140625
48 0.59296875 0.540625 0.12265625 0.021875
48 0.44921875 0.50625 0.04765625 0.015625