64 0.603125 0.16875 0.0125 0.0203125
19 0.6015625 0.3390625 0.06875 0.2234375
19 0.146875 0.51875 0.065625 0.1265625
19 0.925 0.4625 0.065625 0.1296875
21 0.765625 0.5453125 0.0484375 0.08125
0 0.43828125 0.56015625 0.2859375 0.7234375
0 0.68203125 0.46796875 0.2640625 0.8078125
0 0.14296875 0.5515625 0.11875 0.29375
0 0.10234375 0.55078125 0.084375 0.2734375
0 0.8875 0.48828125 0.071875 0.2234375
0 0.940625 0.48203125 0.1 0.3140625
0 0.80078125 0.49921875 0.0734375 0.165625
0 0.96875 0.48046875 0.0625 0.3109375
0 0.75703125 0.48984375 0.0359375 0.084375
26 0.3765625 0.61953125 0.0921875 0.1140625
0 0.90703125 0.428125 0.03125 0.0984375
0 0.85703125 0.503125 0.0359375 0.0984375
0 0.94609375 0.4 0.0328125 0.065625