33 0.15546875 0.08125 0.040625 0.1578125
33 0.23515625 0.08828125 0.0375 0.171875
33 0.56875 0.0765625 0.0375 0.15078125
33 0.6109375 0.078125 0.0359375 0.15546875
57 0.4546875 0.821875 0.909375 0.328125
0 0.1890625 0.4796875 0.3390625 0.4625
0 0.071875 0.16640625 0.14375 0.32109375
0 0.3671875 0.21796875 0.253125 0.4359375
0 0.8 0.30625 0.346875 0.60859375
5 0.0296875 0.49140625 0.059375 0.16953125
36 0.859375 0.90078125 0.11875 0.19609375
49 0.55859375 0.73359375 0.1296875 0.096875
49 0.16484375 0.16875 0.0546875 0.04453125
19 0.653125 0.278125 0.1125 0.3890625
19 0.321875 0.23203125 0.1875 0.4640625
5 0.58671875 0.27734375 0.0765625 0.1484375
36 0.45625 0.7640625 0.0875 0.19375
36 0.95078125 0.78203125 0.0984375 0.2078125
49 0.19609375 0.77265625 0.0703125 0.09453125
57 0.196875 0.1265625 0.1546875 0.25234375
0 0.478125 0.3984375 0.2265625 0.57578125
57 0.575 0.153125 0.1625 0.0828125
0 0.984375 0.0421875 0.03125 0.0828125
5 0.57109375 0.4046875 0.090625 0.07578125
33 0.26015625 0.05078125 0.028125 0.1015625
0 0.8453125 0.4140625 0.309375 0.625
37 0.51328125 0.421875 0.0984375 0.2125