10 0.41796875 0.58984375 0.203125 0.184375
10 0.5828125 0.57421875 0.1453125 0.1546875
10 0.79453125 0.53671875 0.1015625 0.1609375
10 0.72421875 0.54140625 0.0921875 0.1546875
0 0.0984375 0.45859375 0.196875 0.5890625
0 0.09609375 0.39296875 0.1046875 0.265625
0 0.18671875 0.4515625 0.1328125 0.353125
0 0.29140625 0.38828125 0.1265625 0.2484375
0 0.26875 0.32421875 0.0421875 0.1109375
0 0.38984375 0.37265625 0.1109375 0.225
0 0.47734375 0.36953125 0.125 0.2484375
0 0.57265625 0.50234375 0.184375 0.3203125
0 0.54609375 0.34140625 0.065625 0.10625
20 0.90859375 0.34296875 0.009375 0.021875
0 0.6046875 0.33359375 0.0765625 0.0828125
0 0.68828125 0.33046875 0.06875 0.096875
0 0.81640625 0.359375 0.05 0.096875
10 0.26796875 0.60703125 0.2484375 0.234375
20 0.76328125 0.3640625 0.015625 0.03125
20 0.69453125 0.37109375 0.0109375 0.015625
20 0.85078125 0.35 0.0046875 0.0109375
20 0.48671875 0.3265625 0.0125 0.0296875
20 0.40390625 0.34921875 0.0140625 0.0328125
20 0.30390625 0.334375 0.0203125 0.0125
20 0.21328125 0.35703125 0.009375 0.021875
20 0.98515625 0.39140625 0.0109375 0.021875
20 0.94453125 0.39375 0.0078125 0.0171875
20 0.53984375 0.34921875 0.0109375 0.0265625
20 0.9734375 0.3359375 0.0140625 0.040625
0 0.73125 0.378125 0.075 0.20625
20 0.81328125 0.4546875 0.00625 0.0109375
0 0.62734375 0.4734375 0.7453125 0.59375