0 0.1828125 0.528125 0.0671875 0.28125
0 0.5109375 0.5140625 0.0390625 0.0359375
59 0.10234375 0.515625 0.040625 0.115625
59 0.98671875 0.4359375 0.0265625 0.078125
21 0.09296875 0.58203125 0.04375 0.0546875
21 0.39921875 0.62109375 0.040625 0.0875
21 0.4390625 0.60625 0.04375 0.0828125
21 0.5265625 0.6109375 0.0484375 0.08125
21 0.3484375 0.609375 0.0453125 0.0875
21 0.49296875 0.6234375 0.0390625 0.0890625
21 0.31015625 0.621875 0.0359375 0.09375
21 0.83828125 0.6171875 0.053125 0.078125
21 0.875 0.6078125 0.0359375 0.0796875
21 0.41171875 0.54765625 0.0625 0.0671875
21 0.58203125 0.6265625 0.040625 0.0796875
21 0.7734375 0.55546875 0.0609375 0.0765625
0 0.9625 0.55703125 0.0484375 0.1484375
0 0.0515625 0.54921875 0.0546875 0.0828125
21 0.69296875 0.62578125 0.034375 0.0796875
21 0.4890625 0.59140625 0.975 0.228125