54 0.6171875 0.38203125 0.140625 0.271875
52 0.796875 0.67109375 0.303125 0.525
52 0.52421875 0.6890625 0.2765625 0.490625
52 0.46171875 0.45078125 0.1171875 0.103125
52 0.38828125 0.65 0.159375 0.4171875
52 0.89140625 0.56796875 0.1328125 0.41875
35 0.6 0.49609375 0.046875 0.10625
35 0.5640625 0.459375 0.0484375 0.0890625
35 0.47734375 0.47890625 0.04375 0.1125
35 0.7046875 0.4484375 0.0421875 0.09375
35 0.76015625 0.440625 0.040625 0.05625
35 0.67421875 0.4859375 0.0890625 0.146875
36 0.709375 0.5140625 0.025 0.046875
73 0.6171875 0.484375 0.04375 0.071875
73 0.653125 0.4234375 0.0890625 0.2015625
40 0.82421875 0.4890625 0.065625 0.03125
35 0.50625 0.4796875 0.040625 0.084375
52 0.72265625 0.41015625 0.0953125 0.096875
57 0.6671875 0.5546875 0.4890625 0.6703125