12 0.75625 0.47734375 0.2390625 0.228125
0 0.75625 0.6390625 0.28125 0.6703125
0 0.6171875 0.4765625 0.146875 0.321875
0 0.9546875 0.57265625 0.090625 0.3703125
0 0.7125 0.58984375 0.1109375 0.4671875
67 0.7578125 0.47734375 0.2421875 0.221875
19 0.87109375 0.5140625 0.0265625 0.0375
19 0.534375 0.68203125 0.0671875 0.1328125
21 0.6171875 0.815625 0.1515625 0.2421875
21 0.3625 0.82421875 0.1265625 0.2890625
21 0.47734375 0.621875 0.1625 0.2515625
21 0.1828125 0.84921875 0.3140625 0.2515625
21 0.30078125 0.70234375 0.1828125 0.2640625
21 0.15625 0.584375 0.3125 0.44375
21 0.3453125 0.38984375 0.3171875 0.346875
21 0.2453125 0.43984375 0.38125 0.4171875
21 0.4953125 0.39453125 0.1484375 0.2484375
21 0.57890625 0.74453125 0.159375 0.2625
21 0.89609375 0.85078125 0.1296875 0.23125
21 0.4609375 0.84140625 0.1265625 0.234375
0 0.06328125 0.34765625 0.0484375 0.1078125
0 0.87265625 0.50234375 0.0421875 0.1046875
0 0.97734375 0.47109375 0.025 0.04375
0 0.92421875 0.490625 0.0484375 0.1296875
0 0.90625 0.47578125 0.0296875 0.0546875