53 0.21640625 0.63203125 0.246875 0.246875
52 0.328125 0.925 0.134375 0.15
52 0.2578125 0.78125 0.1859375 0.43125
65 0.88203125 0.2890625 0.1984375 0.1640625
66 0.88984375 0.6171875 0.2203125 0.484375
69 0.55703125 0.58046875 0.221875 0.096875
33 0.71328125 0.4703125 0.021875 0.0640625
33 0.72734375 0.4734375 0.0203125 0.05
74 0.653125 0.46796875 0.0171875 0.0484375
70 0.97734375 0.640625 0.0453125 0.565625
33 0.465625 0.56484375 0.025 0.0640625
52 0.24609375 0.54609375 0.0546875 0.059375
53 0.34453125 0.575 0.140625 0.1265625