33 0.79765625 0.07734375 0.0171875 0.0796875
33 0.7765625 0.1 0.0140625 0.075
33 0.759375 0.12109375 0.0171875 0.06796875
33 0.84765625 0.55078125 0.0078125 0.0421875
33 0.87578125 0.553125 0.0109375 0.05625
33 0.85859375 0.54453125 0.0109375 0.0609375
33 0.88359375 0.54140625 0.00625 0.03515625
70 0.1171875 0.51875 0.234375 0.9296875
65 0.2765625 0.58203125 0.128125 0.1078125
66 0.78828125 0.77890625 0.2609375 0.4421875
69 0.26484375 0.6921875 0.090625 0.07265625
33 0.86796875 0.55078125 0.0125 0.05625
33 0.83984375 0.54609375 0.009375 0.0421875
35 0.17265625 0.05546875 0.0265625 0.09140625
35 0.21015625 0.1 0.0234375 0.0796875
36 0.3546875 0.184375 0.0171875 0.0515625
44 0.25078125 0.53046875 0.03125 0.02578125
73 0.42109375 0.18671875 0.01875 0.046875
73 0.34921875 0.6 0.0171875 0.04453125
73 0.38671875 0.18671875 0.01875 0.04921875
33 0.81328125 0.05546875 0.0171875 0.0890625
33 0.834375 0.54609375 0.0078125 0.0375
0 0.16015625 0.34296875 0.025 0.09375
0 0.1921875 0.53515625 0.0109375 0.0421875
36 0.19296875 0.08125 0.0203125 0.08671875