8 0.575 0.8078125 0.2359375 0.359375
33 0.2390625 0.93828125 0.021875 0.1234375
0 0.55234375 0.63359375 0.4890625 0.7046875
40 0.71875 0.66171875 0.0671875 0.0640625
65 0.91796875 0.875 0.1015625 0.1
39 0.23046875 0.96640625 0.0140625 0.0671875
40 0.87421875 0.67265625 0.0578125 0.025
69 0.15546875 0.984375 0.0765625 0.03046875
40 0.9359375 0.28671875 0.0546875 0.0671875
40 0.97109375 0.31640625 0.0171875 0.04140625
40 0.83515625 0.6765625 0.0203125 0.01640625
40 0.9625 0.4359375 0.0640625 0.053125
40 0.98984375 0.3328125 0.0203125 0.04453125
40 0.86875 0.23984375 0.109375 0.09765625