33 0.32421875 0.5125 0.0265625 0.07265625
33 0.50703125 0.50703125 0.021875 0.09609375
33 0.525 0.49765625 0.01875 0.09140625
33 0.4046875 0.52734375 0.025 0.11875
33 0.47578125 0.52890625 0.015625 0.06640625
33 0.49296875 0.53203125 0.025 0.075
39 0.28671875 0.51953125 0.0125 0.03515625
66 0.82265625 0.790625 0.309375 0.35
69 0.10859375 0.61640625 0.215625 0.07109375
33 0.3703125 0.52265625 0.0125 0.06484375
33 0.440625 0.54375 0.0140625 0.04765625
33 0.57265625 0.49765625 0.025 0.06640625
33 0.5546875 0.51171875 0.0203125 0.0875
72 0.3703125 0.29296875 0.0859375 0.12109375
33 0.35078125 0.50625 0.0296875 0.10625
33 0.38671875 0.53046875 0.01875 0.07890625
42 0.375 0.575 0.0203125 0.02109375
42 0.3859375 0.56953125 0.0203125 0.02734375
42 0.3640625 0.571875 0.0203125 0.02734375
73 0.02578125 0.471875 0.0484375 0.125
33 0.41953125 0.53671875 0.0140625 0.07109375
33 0.42578125 0.53515625 0.2390625 0.09609375