0 0.4859375 0.61796875 0.11875 0.1984375
25 0.5125 0.68125 0.134375 0.1296875
0 0.3015625 0.6109375 0.0046875 0.009375
0 0.11015625 0.6609375 0.0078125 0.015625
0 0.8953125 0.77578125 0.0140625 0.0140625
0 0.39921875 0.6015625 0.0046875 0.009375
0 0.31484375 0.61015625 0.009375 0.0125
5 0.06875 0.5875 0.0140625 0.0078125
5 0.746875 0.678125 0.028125 0.021875
5 0.546875 0.62890625 0.025 0.0171875
5 0.4015625 0.603125 0.0328125 0.0390625
5 0.30859375 0.62265625 0.0234375 0.0125
5 0.22578125 0.61875 0.025 0.0140625
5 0.16953125 0.6171875 0.0234375 0.0140625