33 0.77421875 0.73359375 0.084375 0.1421875
53 0.446875 0.69375 0.828125 0.6125
20 0.62578125 0.60234375 0.0921875 0.1859375
52 0.88828125 0.72890625 0.215625 0.3765625
0 0.4515625 0.67890625 0.35 0.6421875
0 0.64765625 0.6578125 0.3703125 0.684375
0 0.2046875 0.65390625 0.309375 0.6375
36 0.70546875 0.96015625 0.0578125 0.0796875
62 0.79765625 0.659375 0.046875 0.028125
62 0.46015625 0.7875 0.0734375 0.0796875
71 0.8140625 0.58203125 0.115625 0.0703125
71 0.771875 0.9703125 0.071875 0.059375
71 0.5515625 0.30234375 0.0671875 0.0296875
71 0.45625 0.24765625 0.015625 0.0328125
71 0.471875 0.25390625 0.021875 0.0234375
52 0.615625 0.4125 0.0609375 0.103125
60 0.8171875 0.58203125 0.1203125 0.06875