0 0.5484375 0.5 0.903125 1
0 0.1671875 0.48203125 0.334375 0.9640625
28 0.26953125 0.10625 0.3203125 0.2125
50 0.38671875 0.73828125 0.140625 0.1046875
50 0.4484375 0.628125 0.140625 0.1078125
50 0.6453125 0.66953125 0.1453125 0.103125
50 0.6609375 0.76015625 0.1171875 0.10625
50 0.36953125 0.846875 0.1375 0.1125
50 0.584375 0.08671875 0.165625 0.115625
50 0.27109375 0.68046875 0.0859375 0.09375
50 0.25703125 0.76875 0.0890625 0.1078125
50 0.56484375 0.87109375 0.1375 0.1
50 0.9453125 0.6578125 0.0921875 0.1109375
50 0.434375 0.078125 0.1203125 0.115625
50 0.2890625 0.5625 0.08125 0.0984375
50 0.51796875 0.35859375 0.14375 0.1109375