1 0.6140625 0.7546875 0.328125 0.3078125
45 0.21640625 0.41015625 0.4328125 0.8203125
17 0.90625 0.58046875 0.109375 0.240625
0 0.43671875 0.6515625 0.14375 0.621875
0 0.5109375 0.4203125 0.075 0.1609375
0 0.55625 0.425 0.0734375 0.1796875
0 0.54453125 0.69609375 0.1734375 0.5703125
0 0.6625 0.60859375 0.1484375 0.4796875
0 0.75234375 0.62734375 0.121875 0.4828125
0 0.79609375 0.6890625 0.16875 0.61875
0 0.87734375 0.69453125 0.1828125 0.6109375
0 0.609375 0.87265625 0.225 0.215625
12 0.73046875 0.4578125 0.08125 0.10625
45 0.46875 0.3390625 0.184375 0.3546875
79 0.86796875 0.18828125 0.025 0.06875
79 0.88828125 0.1890625 0.028125 0.0765625
17 0.5140625 0.5171875 0.084375 0.184375
0 0.05859375 0.25234375 0.084375 0.1484375
0 0.91953125 0.45234375 0.0875 0.153125
12 0.39765625 0.521875 0.0796875 0.275
12 0.7125 0.53828125 0.05625 0.1703125
12 0.61171875 0.47578125 0.1046875 0.15
0 0.6515625 0.4421875 0.025 0.046875