26 0.3984375 0.22265625 0.0609375 0.08125
0 0.2546875 0.471875 0.2671875 0.759375
0 0.353125 0.65 0.1828125 0.5875
0 0.41640625 0.55234375 0.2359375 0.56875
23 0.50078125 0.65078125 0.05625 0.0625
0 0.2453125 0.6359375 0.0484375 0.1265625
0 0.165625 0.64453125 0.04375 0.0859375
0 0.77734375 0.63125 0.1328125 0.375
0 0.1140625 0.62265625 0.015625 0.021875
0 0.690625 0.6265625 0.1484375 0.3578125
0 0.8 0.6265625 0.0171875 0.04375
5 0.0890625 0.66796875 0.0421875 0.046875
5 0.14140625 0.65625 0.01875 0.0109375
17 0.246875 0.61328125 0.0203125 0.0421875
0 0.0703125 0.63359375 0.0234375 0.0390625
0 0.13203125 0.64765625 0.028125 0.071875
0 0.91328125 0.6328125 0.0109375 0.0265625
5 0.11796875 0.65625 0.01875 0.009375
5 0.0375 0.66015625 0.03125 0.0375
5 0.14765625 0.6515625 0.0265625 0.0265625
0 0.23359375 0.5921875 0.0109375 0.03125
0 0.4421875 0.6375 0.884375 0.309375