0 0.9859375 0.859375 0.028125 0.08984375
13 0.16484375 0.759375 0.1203125 0.10625
13 0.22890625 0.65390625 0.065625 0.08984375
13 0.76015625 0.61328125 0.0359375 0.05390625
13 0.621875 0.64609375 0.015625 0.04140625
13 0.559375 0.65234375 0.0390625 0.07734375
13 0.75 0.86640625 0.121875 0.11484375
13 0.93515625 0.85625 0.103125 0.10859375
13 0.89609375 0.646875 0.0578125 0.05390625
13 0.54140625 0.96796875 0.2109375 0.03984375
13 0.6828125 0.628125 0.0109375 0.04375
13 0.60078125 0.62890625 0.0359375 0.075
13 0.84765625 0.85 0.06875 0.1125
13 0.8 0.81484375 0.1015625 0.0875
13 0.51640625 0.7 0.9640625 0.59609375