12 0.66875 0.75234375 0.05625 0.0328125
27 0.17421875 0.0484375 0.040625 0.03984375
12 0.3859375 0.75625 0.0765625 0.03046875
12 0.71015625 0.75625 0.0609375 0.028125
12 0.6046875 0.75 0.028125 0.01875
0 0.05546875 0.8703125 0.025 0.078125
0 0.0921875 0.89140625 0.025 0.08984375
0 0.23203125 0.8796875 0.0171875 0.0734375
0 0.2890625 0.88359375 0.0265625 0.08046875
0 0.43515625 0.91171875 0.0140625 0.05859375
0 0.42890625 0.92109375 0.0203125 0.0734375
0 0.4484375 0.9171875 0.0203125 0.07109375
0 0.53203125 0.9 0.021875 0.05625
0 0.8953125 0.84453125 0.0125 0.0609375
12 0.753125 0.73125 0.0109375 0.00703125
12 0.58828125 0.7546875 0.025 0.03046875
12 0.840625 0.74765625 0.0546875 0.02109375
12 0.90234375 0.74765625 0.0453125 0.0234375
5 0.46171875 0.78515625 0.0421875 0.0328125
5 0.5171875 0.7828125 0.0203125 0.03515625
0 0.90859375 0.84765625 0.0109375 0.05390625
0 0.903125 0.84765625 0.0078125 0.03515625
0 0.51328125 0.9046875 0.0171875 0.0375
0 0.228125 0.83359375 0.021875 0.0328125
12 0.63828125 0.75390625 0.0453125 0.028125
12 0.290625 0.73203125 0.053125 0.01171875
0 0.5328125 0.7609375 0.846875 0.1765625