1 0.41484375 0.77421875 0.109375 0.4421875
41 0.5546875 0.55625 0.0765625 0.05
19 0.11015625 0.578125 0.2203125 0.44375
0 0.3390625 0.640625 0.3 0.71875
0 0.7796875 0.4625 0.090625 0.2984375
0 0.7171875 0.48046875 0.1421875 0.3546875
0 0.11640625 0.57890625 0.2328125 0.8421875
0 0.87421875 0.41953125 0.1046875 0.2125
0 0.4625 0.42265625 0.090625 0.184375
19 0.67421875 0.4796875 0.0234375 0.0796875
41 0.6625 0.4640625 0.0234375 0.025
42 0.95 0.63125 0.1 0.06875
44 0.91796875 0.67734375 0.0453125 0.05625
44 0.89296875 0.65546875 0.0171875 0.021875
44 0.88515625 0.6859375 0.01875 0.01875
44 0.8671875 0.6859375 0.015625 0.015625
0 0.534375 0.4171875 0.05625 0.13125
0 0.20078125 0.409375 0.0375 0.10625
0 0.146875 0.38046875 0.0421875 0.05625
0 0.3484375 0.41015625 0.0421875 0.1
0 0.57109375 0.38828125 0.0484375 0.1046875
19 0.2 0.4609375 0.0171875 0.0375
44 0.8140625 0.64296875 0.15 0.103125
44 0.71640625 0.678125 0.06875 0.040625
44 0.8921875 0.6796875 0.0171875 0.025
0 0.3796875 0.4296875 0.0421875 0.103125
42 0.9453125 0.6234375 0.0109375 0.009375