54 0.7359375 0.66171875 0.059375 0.0765625
54 0.58359375 0.70390625 0.1265625 0.1671875
53 0.35390625 0.621875 0.303125 0.2203125
35 0.43046875 0.6078125 0.0203125 0.059375
36 0.40703125 0.63515625 0.0171875 0.01875
36 0.38203125 0.615625 0.0125 0.0171875
53 0.1234375 0.68828125 0.2453125 0.321875
54 0.79921875 0.66015625 0.06875 0.125
59 0.6640625 0.6125 0.0890625 0.1484375
71 0.5625 0.3984375 0.0328125 0.0390625
71 0.57890625 0.3578125 0.034375 0.040625
71 0.56015625 0.425 0.01875 0.00625
71 0.5625 0.43203125 0.0171875 0.009375
71 0.55625 0.44921875 0.0296875 0.03125
71 0.55234375 0.484375 0.028125 0.040625
73 0.578125 0.75078125 0.0734375 0.078125
73 0.78203125 0.6953125 0.0328125 0.0515625
52 0.58125 0.66328125 0.1953125 0.1734375
36 0.2734375 0.61640625 0.0203125 0.0328125
71 0.52890625 0.58671875 0.0078125 0.03125
53 0.8453125 0.821875 0.275 0.35625