52 0.87578125 0.65703125 0.20625 0.3171875
52 0.740625 0.46328125 0.2375 0.153125
57 0.48203125 0.8078125 0.9640625 0.384375
57 0.8609375 0.590625 0.2453125 0.2390625
0 0.425 0.41796875 0.6828125 0.6328125
5 0.75078125 0.46171875 0.21875 0.140625
36 0.57109375 0.88671875 0.1078125 0.125
36 0.06796875 0.76328125 0.1359375 0.1703125
36 0.0375 0.70625 0.075 0.18125
37 0.5203125 0.5796875 0.0421875 0.0625
37 0.1921875 0.7640625 0.15 0.1109375
39 0.63046875 0.85625 0.125 0.0640625
40 0.215625 0.79453125 0.2015625 0.1203125
51 0.61875 0.7390625 0.1375 0.05625
36 0.4921875 0.91796875 0.1578125 0.140625
36 0.73046875 0.94921875 0.2015625 0.1015625
38 0.3703125 0.7265625 0.2609375 0.103125
57 0.10390625 0.4984375 0.1640625 0.2796875
57 0.55 0.37109375 0.0984375 0.0515625
52 0.61875 0.37890625 0.1765625 0.0765625
52 0.0734375 0.403125 0.053125 0.05625
52 0.5546875 0.5953125 0.0578125 0.0953125
43 0.496875 0.72109375 0.1296875 0.128125