18 0.55859375 0.1828125 0.5984375 0.2921875
0 0.87265625 0.4359375 0.040625 0.075
0 0.7578125 0.4390625 0.0359375 0.065625
41 0.5140625 0.66171875 0.2125 0.0796875
41 0.5140625 0.515625 0.103125 0.04375
41 0.546875 0.3515625 0.3125 0.084375
41 0.56328125 0.50703125 0.3015625 0.1359375
19 0.8625 0.4296875 0.021875 0.021875
0 0.79765625 0.41953125 0.009375 0.025
0 0.7828125 0.421875 0.0203125 0.034375
0 0.734375 0.42109375 0.0109375 0.0234375
0 0.70703125 0.42421875 0.00625 0.0203125
0 0.72265625 0.42265625 0.009375 0.021875
41 0.5015625 0.5484375 0.20625 0.065625
41 0.68359375 0.775 0.08125 0.0671875
41 0.5140625 0.8 0.128125 0.046875
41 0.54453125 0.7640625 0.0578125 0.0515625
41 0.6375 0.77890625 0.0703125 0.053125
41 0.66953125 0.67578125 0.1109375 0.065625
41 0.4328125 0.69140625 0.0609375 0.0546875
0 0.8984375 0.428125 0.0375 0.0859375
0 0.74453125 0.42265625 0.015625 0.028125
0 0.76875 0.415625 0.0109375 0.0203125