9 0.48671875 0.63515625 0.7453125 0.70859375
0 0.05703125 0.37578125 0.0984375 0.18125
0 0.09375 0.68671875 0.1265625 0.59765625
0 0.553125 0.04296875 0.0625 0.08515625
0 0.7796875 0.1 0.0671875 0.16875
0 0.88046875 0.64296875 0.0125 0.04609375
0 0.84609375 0.62578125 0.0140625 0.04375
0 0.8296875 0.6125 0.009375 0.0375
67 0.54296875 0.42890625 0.5765625 0.85234375
0 0.1109375 0.38671875 0.0296875 0.05390625
0 0.96953125 0.6375 0.021875 0.13359375
5 0.5328125 0.103125 0.3 0.20625
0 0.25546875 0.375 0.025 0.01484375
0 0.68671875 0.10078125 0.0390625 0.12734375
0 0.821875 0.6125 0.00625 0.02734375
19 0.79765625 0.11484375 0.0390625 0.05625