18 0.4984375 0.3640625 0.7125 0.6984375
18 0.12265625 0.18671875 0.20625 0.140625
26 0.85 0.33515625 0.01875 0.0265625
52 0.546875 0.784375 0.5921875 0.334375
52 0.69375 0.70859375 0.4 0.2734375
0 0.828125 0.3453125 0.040625 0.1109375
18 0.96328125 0.1640625 0.053125 0.1078125
18 0.0109375 0.165625 0.021875 0.06875
0 0.040625 0.32578125 0.046875 0.0453125
52 0.19453125 0.6640625 0.28125 0.459375
52 0.2875 0.42890625 0.05625 0.028125
52 0.6578125 0.65625 0.1671875 0.059375
78 0.059375 0.3953125 0.11875 0.084375
78 0.51328125 0.384375 0.240625 0.1
0 0.88359375 0.37578125 0.0609375 0.0765625