23 0.49375 0.4796875 0.9234375 0.959375
33 0.1171875 0.303125 0.0671875 0.19140625
33 0.21796875 0.2734375 0.06171875 0.1453125
33 0.1625 0.06953125 0.0796875 0.1390625
33 0.06875 0.078125 0.06875 0.15625
33 0.35859375 0.0515625 0.065625 0.103125
33 0.4546875 0.0453125 0.06015625 0.08984375
33 0.38046875 0.2265625 0.0359375 0.13046875
33 0.61015625 0.184375 0.0421875 0.146875
33 0.08671875 0.5140625 0.06171875 0.12578125
33 0.17109375 0.5 0.04609375 0.115625
33 0.5515625 0.18515625 0.0421875 0.12578125
33 0.03515625 0.34296875 0.065625 0.171875
33 0.6734375 0.1546875 0.0390625 0.15390625
33 0.63515625 0.165625 0.7265625 0.33125