33 0.5375 0.10234375 0.08984375 0.2015625
33 0.35 0.125 0.06015625 0.165625
33 0.76015625 0.18046875 0.07890625 0.1375
33 0.440625 0.16953125 0.04765625 0.109375
33 0.746875 0.13984375 0.07109375 0.1203125
52 0.91875 0.496875 0.14140625 0.2921875
52 0.0375 0.55 0.075 0.3515625
57 0.475 0.56484375 0.95 0.8296875
35 0.29609375 0.54921875 0.10390625 0.1265625
37 0.48515625 0.89609375 0.20390625 0.140625
37 0.80546875 0.46875 0.09140625 0.121875
38 0.515625 0.88046875 0.19609375 0.1421875
38 0.77734375 0.45859375 0.12890625 0.1171875
38 0.1625 0.521875 0.16015625 0.1109375
39 0.76015625 0.578125 0.22109375 0.0328125
39 0.10078125 0.6953125 0.06484375 0.1609375
39 0.53203125 0.68046875 0.12109375 0.11875
47 0.225 0.28828125 0.16875 0.0828125
37 0.13671875 0.5046875 0.17265625 0.10625
40 0.77890625 0.83203125 0.23125 0.165625
40 0.22265625 0.32421875 0.1875 0.1671875
47 0.12578125 0.809375 0.11640625 0.121875
52 0.51953125 0.1265625 0.28359375 0.06875
35 0.63203125 0.7140625 0.10625 0.1203125
40 0.17109375 0.7609375 0.22890625 0.2546875
35 0.66796875 0.36640625 0.09375 0.121875
37 0.53203125 0.67890625 0.12265625 0.125