57 0.5 0.5515625 1 0.896875
36 0.6015625 0.4140625 0.109375 0.2046875
36 0.59375 0.2390625 0.08125 0.1609375
36 0.03671875 0.7046875 0.0734375 0.3625
37 0.290625 0.7421875 0.2078125 0.2109375
38 0.86171875 0.44296875 0.14375 0.109375
38 0.3328125 0.7515625 0.246875 0.2203125
39 0.365625 0.74375 0.175 0.1796875
44 0.43203125 0.28203125 0.13125 0.103125
37 0.8921875 0.4515625 0.1109375 0.0765625
39 0.85859375 0.4265625 0.0828125 0.0546875
40 0.41953125 0.35625 0.2046875 0.1890625
40 0.74375 0.34375 0.228125 0.159375
52 0.92109375 0.51015625 0.1578125 0.5953125
40 0.55390625 0.58828125 0.3453125 0.33125
40 0.0796875 0.05703125 0.08125 0.09375