9 0.253125 0.56875 0.24375 0.4734375
11 0.7078125 0.5234375 0.14375 0.28359375
11 0.81484375 0.5234375 0.0796875 0.19921875
11 0.5609375 0.45234375 0.1125 0.10546875
12 0.92265625 0.47578125 0.1484375 0.2109375
0 0.46796875 0.490625 0.103125 0.28359375
0 0.55703125 0.384375 0.0296875 0.0515625
0 0.084375 0.503125 0.1078125 0.2765625
0 0.675 0.375 0.0234375 0.04921875
0 0.9765625 0.42421875 0.0390625 0.046875
67 0.7953125 0.378125 0.184375 0.1453125
67 0.8890625 0.33046875 0.1609375 0.13828125
0 0.975 0.36640625 0.015625 0.0234375
0 0.0203125 0.49453125 0.034375 0.2203125
0 0.98125 0.365625 0.0046875 0.01171875
11 0.70703125 0.415625 0.1578125 0.09140625