18 0.8359375 0.228125 0.31015625 0.434375
18 0.646875 0.228125 0.28828125 0.115625
18 0.09609375 0.25234375 0.18828125 0.20234375
18 0.4953125 0.23125 0.19765625 0.08359375
0 0.2 0.4890625 0.28828125 0.63046875
0 0.32734375 0.490625 0.14375 0.53671875
0 0.528125 0.34921875 0.04765625 0.09609375
0 0.565625 0.52890625 0.15234375 0.41171875
0 0.71484375 0.6203125 0.28828125 0.73671875
0 0.4203125 0.4453125 0.07578125 0.328125
0 0.81015625 0.378125 0.0640625 0.19921875
0 0.87265625 0.40859375 0.0921875 0.18984375
0 0.92578125 0.3828125 0.0203125 0.08359375
44 0.63984375 0.70546875 0.021875 0.03203125
44 0.85078125 0.63828125 0.021875 0.02890625
19 0.146875 0.6671875 0.1140625 0.1765625
19 0.26875 0.40703125 0.0140625 0.0546875
0 0.49765625 0.3375 0.03984375 0.10625
41 0.15078125 0.9421875 0.1703125 0.09296875
41 0.2703125 0.92734375 0.06171875 0.115625
41 0.10390625 0.821875 0.05 0.13203125
41 0.14296875 0.84921875 0.07421875 0.0609375
18 0.0703125 0.2671875 0.13984375 0.02890625
41 0.18203125 0.8359375 0.1421875 0.18984375
41 0.0390625 0.74453125 0.078125 0.0578125
41 0.10234375 0.79296875 0.07421875 0.0484375
41 0.09375 0.76328125 0.05625 0.02890625
41 0.10703125 0.91484375 0.04609375 0.0671875
44 0.66328125 0.721875 0.021875 0.01953125
0 0.47421875 0.340625 0.02578125 0.10625
0 0.4546875 0.340625 0.01796875 0.103125
18 0.2796875 0.26328125 0.03203125 0.0515625
0 0.57734375 0.35859375 0.034375 0.0515625
0 0.359375 0.325 0.51796875 0.115625