8 0.9046875 0.56953125 0.171875 0.140625
52 0.82109375 0.33828125 0.0359375 0.071875
52 0.87890625 0.346875 0.059375 0.0828125
52 0.79375 0.321875 0.03125 0.034375
52 0.85703125 0.33359375 0.0421875 0.0703125
57 0.79609375 0.296875 0.103125 0.0203125
0 0.46484375 0.42890625 0.5328125 0.803125
0 0.73125 0.27265625 0.0453125 0.0484375
0 0.59453125 0.27890625 0.0609375 0.1578125
0 0.64453125 0.321875 0.0359375 0.0796875
19 0.3078125 0.565625 0.1203125 0.540625
0 0.5515625 0.2671875 0.034375 0.1046875
0 0.35390625 0.25546875 0.015625 0.0796875
0 0.64921875 0.27890625 0.0140625 0.03125
0 0.6921875 0.3140625 0.053125 0.215625
17 0.6015625 0.2625 0.04375 0.065625
42 0.909375 0.71171875 0.053125 0.06875
42 0.846875 0.80703125 0.06875 0.08125
42 0.27734375 0.25546875 0.0515625 0.0734375
42 0.925 0.809375 0.0625 0.0875
42 0.71015625 0.9234375 0.0765625 0.0921875
42 0.32421875 0.91171875 0.3828125 0.1765625
42 0.66953125 0.8359375 0.065625 0.0796875
42 0.06171875 0.95078125 0.0953125 0.0984375
42 0.57109375 0.9203125 0.0671875 0.0828125
0 0.63125 0.2671875 0.025 0.0390625
0 0.8828125 0.2453125 0.028125 0.0671875
18 0.5765625 0.190625 0.128125 0.125
0 0.75 0.2453125 0.03125 0.065625
0 0.67265625 0.23203125 0.009375 0.0421875
42 0.80078125 0.775 0.0609375 0.0765625
42 0.70078125 0.87265625 0.4078125 0.2546875
42 0.97578125 0.81796875 0.0484375 0.0859375
0 0.66171875 0.228125 0.015625 0.0359375
19 0.56875 0.54140625 0.2046875 0.4671875
0 0.475 0.3296875 0.5296875 0.2515625