64 0.66015625 0.540625 0.171875 0.446875
64 0.4515625 0.54609375 0.1140625 0.3828125
64 0.1046875 0.2875 0.06875 0.184375
64 0.52890625 0.4015625 0.0734375 0.2046875
12 0.72578125 0.1671875 0.1265625 0.034375
52 0.7921875 0.29765625 0.125 0.1828125
52 0.928125 0.371875 0.14375 0.29375
0 0.16171875 0.16484375 0.0953125 0.1515625
0 0.11171875 0.28203125 0.2234375 0.5640625
0 0.42734375 0.8109375 0.2265625 0.3515625
36 0.8796875 0.425 0.0890625 0.2171875
36 0.04765625 0.79296875 0.0953125 0.3265625
0 0.8078125 0.65859375 0.384375 0.2921875
12 0.83046875 0.175 0.071875 0.01875
36 0.75546875 0.43984375 0.1265625 0.146875
36 0.0796875 0.2 0.025 0.0296875
0 0.56875 0.3109375 0.3546875 0.61875
57 0.49765625 0.75546875 0.9796875 0.4828125
52 0.2234375 0.221875 0.0421875 0.025
57 0.15859375 0.23828125 0.046875 0.0125