56 0.50546875 0.3390625 0.3921875 0.4
12 0.08125 0.359375 0.1515625 0.09375
12 0.02109375 0.4125 0.0375 0.059375
4 0.053125 0.3578125 0.01875 0.0375
4 0.078125 0.35625 0.0171875 0.0296875
4 0.09921875 0.35703125 0.0171875 0.03125
4 0.11796875 0.35546875 0.01875 0.0265625
4 0.13359375 0.359375 0.0140625 0.0234375
4 0.15234375 0.3640625 0.0140625 0.0265625
4 0.1640625 0.3671875 0.0171875 0.0375
4 0.178125 0.3671875 0.0140625 0.028125
4 0.18984375 0.36953125 0.0125 0.0328125
4 0.02734375 0.35546875 0.0234375 0.040625
12 0.18046875 0.37109375 0.1265625 0.0859375
12 0.0390625 0.40546875 0.0609375 0.05
4 0.27109375 0.365625 0.0078125 0.0234375