52 0.81328125 0.2078125 0.3484375 0.415625
62 0.27578125 0.55390625 0.1734375 0.215625
71 0.16953125 0.0921875 0.1046875 0.040625
71 0.165625 0.109375 0.090625 0.021875
71 0.640625 0.1015625 0.09375 0.0828125
71 0.665625 0.1 0.0765625 0.0703125
71 0.6 0.10390625 0.1140625 0.0953125
71 0.51640625 0.11328125 0.1296875 0.0265625
71 0.17578125 0.15390625 0.0734375 0.0203125
71 0.17265625 0.1234375 0.109375 0.0421875
71 0.2171875 0.6484375 0.421875 0.190625
71 0.0828125 0.50390625 0.165625 0.1265625
71 0.18046875 0.14296875 0.090625 0.0265625
71 0.6953125 0.08515625 0.0546875 0.0640625
57 0.29765625 0.68828125 0.5953125 0.6234375
71 0.4609375 0.0859375 0.1671875 0.0421875
0 0.48984375 0.5515625 0.6109375 0.896875
71 0.453125 0.1890625 0.696875 0.378125