58 0.70390625 0.825 0.5921875 0.340625
58 0.7890625 0.7765625 0.421875 0.39375
58 0.41875 0.7734375 0.5453125 0.353125
58 0.290625 0.58984375 0.203125 0.175
58 0.5171875 0.47734375 0.20625 0.0640625
58 0.6140625 0.44140625 0.046875 0.03125
58 0.47109375 0.47109375 0.146875 0.05625
58 0.3328125 0.490625 0.14375 0.0640625
58 0.26875 0.48671875 0.140625 0.075
58 0.72578125 0.5046875 0.2234375 0.1734375
58 0.546875 0.41875 0.203125 0.078125
58 0.4046875 0.45390625 0.1203125 0.053125
58 0.54140625 0.5578125 0.334375 0.1921875
58 0.509375 0.5015625 0.43125 0.2984375