8 0.46171875 0.7140625 0.4890625 0.3953125
11 0.59296875 0.340625 0.440625 0.4703125
11 0.2734375 0.2515625 0.1625 0.240625
11 0.828125 0.24296875 0.1671875 0.1390625
11 0.96875 0.27265625 0.0625 0.1078125
11 0.1296875 0.2125 0.2046875 0.1890625
11 0.7359375 0.2390625 0.0625 0.10625
11 0.94296875 0.25078125 0.0890625 0.0984375
11 0.11015625 0.11875 0.0828125 0.04375
11 0.21484375 0.12578125 0.040625 0.0265625
11 0.18046875 0.12109375 0.0375 0.021875
5 0.1578125 0.690625 0.1453125 0.1328125
11 0.3671875 0.246875 0.16875 0.2078125