1 0.68359375 0.4796875 0.0515625 0.0625
1 0.2953125 0.771875 0.109375 0.2515625
12 0.17890625 0.5203125 0.209375 0.21875
12 0.3703125 0.49765625 0.1078125 0.1421875
12 0.51640625 0.45078125 0.090625 0.0609375
12 0.41875 0.484375 0.0765625 0.1125
12 0.7203125 0.3953125 0.05 0.046875
12 0.4859375 0.42578125 0.0515625 0.046875
12 0.0265625 0.50234375 0.053125 0.1015625
79 0.5265625 0.18671875 0.0578125 0.18125
79 0.46875 0.1765625 0.0515625 0.1390625
79 0.38203125 0.17734375 0.0578125 0.1390625
17 0.73203125 0.59609375 0.1390625 0.228125
17 0.58515625 0.73359375 0.096875 0.15
0 0.38984375 0.7609375 0.1859375 0.478125
0 0.2984375 0.6046875 0.128125 0.359375
0 0.77734375 0.44140625 0.0640625 0.1421875
0 0.48046875 0.55078125 0.096875 0.21875
0 0.7609375 0.6859375 0.259375 0.5921875
0 0.6140625 0.77421875 0.1875 0.425
0 0.071875 0.64453125 0.1328125 0.4140625
0 0.9765625 0.45078125 0.046875 0.0828125
0 0.6796875 0.43515625 0.0578125 0.1390625
1 0.4859375 0.62578125 0.0890625 0.1625
79 0.31875 0.20703125 0.04375 0.1203125
4 0.41953125 0.41796875 0.03125 0.0875
0 0.20625 0.47109375 0.028125 0.0421875
0 0.35 0.471875 0.0203125 0.025
1 0.0828125 0.8015625 0.125 0.253125
1 0.9765625 0.44140625 0.046875 0.1015625
12 0.83359375 0.3875 0.0171875 0.0203125
79 0.48359375 0.31015625 0.0578125 0.0734375
12 0.5625 0.42421875 0.0625 0.0375
12 0.79921875 0.4015625 0.0203125 0.028125
12 0.05546875 0.44921875 0.1109375 0.0609375