0 0.6109375 0.68359375 0.209375 0.3125
0 0.8421875 0.325 0.0953125 0.096875
28 0.3890625 0.45390625 0.0578125 0.1234375
29 0.5265625 0.8015625 0.05625 0.0765625
0 0.459375 0.15078125 0.121875 0.3015625
0 0.97734375 0.23828125 0.0375 0.253125
28 0.96796875 0.328125 0.0578125 0.1921875
52 0.7453125 0.32265625 0.115625 0.075
52 0.8921875 0.3421875 0.065625 0.0640625
0 0.9734375 0.3421875 0.0453125 0.0953125
0 0.3375 0.134375 0.10625 0.2609375
0 0.73515625 0.6890625 0.1875 0.35625
0 0.06328125 0.1375 0.06875 0.1625
0 0.28125 0.6359375 0.28125 0.45625
0 0.95 0.325 0.090625 0.1109375