10 0.5546875 0.71640625 0.0578125 0.065625
10 0.3828125 0.67734375 0.040625 0.0609375
10 0.821875 0.72890625 0.0515625 0.0578125
10 0.73515625 0.79453125 0.0625 0.0734375
11 0.24765625 0.7046875 0.1046875 0.0859375
6 0.51953125 0.68671875 0.0546875 0.040625
6 0.25859375 0.6453125 0.0296875 0.053125
10 0.11953125 0.63203125 0.0453125 0.059375
10 0.2453125 0.70078125 0.1109375 0.0953125
10 0.29921875 0.6328125 0.0328125 0.040625
10 0.95 0.73515625 0.0234375 0.04375
10 0.7984375 0.75390625 0.08125 0.0703125
10 0.57578125 0.71875 0.053125 0.059375
10 0.26171875 0.62578125 0.0609375 0.0515625
11 0.94921875 0.73515625 0.028125 0.0421875