53 0.65 0.58515625 0.3625 0.2921875
52 0.96796875 0.64453125 0.0640625 0.4171875
57 0.471875 0.7 0.378125 0.321875
0 0.709375 0.55234375 0.25 0.3515625
0 0.59375 0.51328125 0.071875 0.084375
0 0.546875 0.49765625 0.096875 0.1015625
71 0.2203125 0.39921875 0.0140625 0.0546875
71 0.553125 0.66328125 0.0671875 0.0484375
71 0.45703125 0.66875 0.05625 0.05
71 0.53046875 0.55546875 0.053125 0.0375
71 0.1484375 0.78125 0.0296875 0.0859375
71 0.496875 0.66015625 0.025 0.0125
71 0.22734375 0.48984375 0.015625 0.0640625
0 0.60078125 0.46953125 0.0484375 0.0453125
0 0.0875 0.7125 0.159375 0.2875
71 0.2078125 0.4015625 0.0296875 0.0546875
71 0.2328125 0.48203125 0.01875 0.075
71 0.353125 0.55625 0.01875 0.0640625
71 0.184375 0.4828125 0.0234375 0.0828125
71 0.21875 0.46640625 0.0078125 0.0171875
73 0.14765625 0.2890625 0.0390625 0.0578125
71 0.28671875 0.65078125 0.028125 0.0203125
52 0.13671875 0.70703125 0.2140625 0.253125
71 0.33046875 0.55078125 0.021875 0.028125