52 0.2828125 0.5203125 0.19375 0.309375
52 0.54609375 0.4546875 0.2359375 0.2640625
57 0.50703125 0.2171875 0.9328125 0.434375
0 0.74921875 0.4 0.5015625 0.8
0 0.09609375 0.4796875 0.1921875 0.76875
35 0.36796875 0.74765625 0.2390625 0.5046875
36 0.17109375 0.84765625 0.1734375 0.3046875
36 0.54921875 0.8203125 0.1796875 0.359375
38 0.5765625 0.4171875 0.1765625 0.303125
51 0.46953125 0.7671875 0.5046875 0.465625
33 0.1265625 0.25 0.0640625 0.1625
52 0.690625 0.5546875 0.23125 0.19375
19 0.90390625 0.65625 0.1921875 0.540625
33 0.15546875 0.23359375 0.0578125 0.1640625
33 0.19453125 0.2296875 0.05625 0.171875
36 0.72890625 0.78984375 0.2140625 0.3765625
57 0.259375 0.8703125 0.075 0.1734375