11 0.7546875 0.55625 0.06171875 0.15703125
18 0.83125 0.40390625 0.03828125 0.01328125
18 0.8859375 0.3828125 0.02421875 0.015625
18 0.934375 0.38671875 0.0359375 0.015625
18 0.825 0.3828125 0.0296875 0.0109375
18 0.9828125 0.3796875 0.03203125 0.015625
18 0.9109375 0.37734375 0.034375 0.02109375
0 0.321875 0.55234375 0.065625 0.2109375
0 0.39609375 0.5296875 0.034375 0.10703125
0 0.61171875 0.47578125 0.028125 0.11484375
0 0.4203125 0.46015625 0.015625 0.0640625
0 0.50234375 0.45234375 0.015625 0.071875
0 0.5453125 0.43828125 0.01015625 0.04296875
0 0.515625 0.45078125 0.0203125 0.06640625
0 0.471875 0.43359375 0.01015625 0.03984375
0 0.4109375 0.4703125 0.03984375 0.0796875
0 0.2921875 0.43359375 0.01015625 0.034375
26 0.26796875 0.5734375 0.0078125 0.0109375
0 0.36328125 0.4375 0.015625 0.04296875
0 0.4359375 0.45859375 0.0140625 0.071875
18 0.85390625 0.384375 0.0203125 0.0109375
18 0.559375 0.39609375 0.021875 0.015625
18 0.540625 0.39609375 0.01796875 0.01328125
18 0.825 0.3984375 0.03984375 0.01875
18 0.92109375 0.39296875 0.0359375 0.01328125
52 0.93203125 0.44140625 0.0359375 0.03203125
0 0.2359375 0.4109375 0.00625 0.015625
18 0.7578125 0.39609375 0.14765625 0.109375
0 0.50390625 0.45234375 0.728125 0.15234375