0 0.43515625 0.653125 0.06875 0.15
0 0.84921875 0.61328125 0.028125 0.090625
0 0.4703125 0.78046875 0.065625 0.16875
0 0.6171875 0.65078125 0.0625 0.15
31 0.60859375 0.721875 0.0734375 0.0546875
31 0.85234375 0.65859375 0.059375 0.0328125
31 0.4078125 0.7296875 0.115625 0.028125
78 0.86796875 0.58984375 0.090625 0.1828125
78 0.353125 0.34765625 0.0078125 0.0125
78 0.45546875 0.6 0.1921875 0.3125
0 0.1984375 0.41328125 0.0171875 0.0484375
78 0.67265625 0.63125 0.2046875 0.259375
78 0.21484375 0.390625 0.053125 0.1140625