18 0.20625 0.1125 0.04375 0.04453125
18 0.253125 0.0984375 0.0625 0.03984375
26 0.4921875 0.53046875 0.01875 0.028125
0 0.29453125 0.54140625 0.265625 0.5703125
0 0.46796875 0.33671875 0.0625 0.23203125
0 0.2109375 0.14921875 0.05 0.0890625
0 0.2484375 0.15 0.0484375 0.10078125
28 0.440625 0.5203125 0.040625 0.1078125
29 0.1578125 0.57421875 0.0640625 0.09375
12 0.884375 0.259375 0.0625 0.07265625
12 0.79609375 0.27734375 0.0484375 0.06328125
12 0.71328125 0.278125 0.0625 0.0703125
12 0.9671875 0.275 0.065625 0.0796875
0 0.0953125 0.62890625 0.190625 0.40625