54 0.85390625 0.39375 0.0765625 0.1203125
6 0.015625 0.53203125 0.03125 0.0546875
70 0.9890625 0.74609375 0.021875 0.3859375
65 0.9578125 0.40234375 0.084375 0.1546875
66 0.73046875 0.64375 0.2234375 0.4515625
69 0.28984375 0.61796875 0.25625 0.15625
13 0.103125 0.44609375 0.0328125 0.040625
36 0.19453125 0.65625 0.0640625 0.103125
36 0.146875 0.6640625 0.0453125 0.0734375
36 0.3140625 0.34296875 0.0328125 0.053125
36 0.33203125 0.33515625 0.040625 0.0515625
36 0.28828125 0.35078125 0.04375 0.0578125
36 0.371875 0.32578125 0.03125 0.053125
36 0.3875 0.31875 0.03125 0.0546875
36 0.4234375 0.415625 0.0390625 0.059375
36 0.35234375 0.3296875 0.0296875 0.0515625
36 0.39765625 0.41640625 0.028125 0.05
36 0.43046875 0.44921875 0.0296875 0.04375
36 0.40703125 0.45703125 0.040625 0.05625
38 0.3703125 0.42109375 0.0078125 0.0140625
38 0.36171875 0.41796875 0.0078125 0.0203125
38 0.3578125 0.43046875 0.0125 0.034375
33 0.290625 0.51015625 0.0390625 0.08125