1 0.99296875 0.2671875 0.0140625 0.0875
12 0.265625 0.17734375 0.196875 0.121875
12 0.47734375 0.196875 0.2328125 0.1390625
0 0.325 0.42265625 0.1671875 0.2625
0 0.95 0.21484375 0.0515625 0.1484375
1 0.7265625 0.22578125 0.0859375 0.071875
2 0.4359375 0.45078125 0.13125 0.28125
36 0.28671875 0.57578125 0.03125 0.046875
36 0.3921875 0.57265625 0.03125 0.046875
19 0.50546875 0.57109375 0.0734375 0.1171875
36 0.3 0.5765625 0.0109375 0.0359375
0 0.07890625 0.13046875 0.0359375 0.08125
0 0.525 0.1296875 0.0359375 0.05625
4 0.6578125 0.171875 0.0171875 0.034375
17 0.56015625 0.625 0.1671875 0.1609375