26 0.95859375 0.4671875 0.0328125 0.040625
12 0.09609375 0.3359375 0.0515625 0.03125
12 0.19453125 0.3265625 0.025 0.028125
0 0.20859375 0.5578125 0.1484375 0.496875
0 0.60546875 0.41640625 0.0359375 0.1328125
0 0.5515625 0.42890625 0.0328125 0.1109375
0 0.5265625 0.45859375 0.0484375 0.059375
0 0.72578125 0.68046875 0.23125 0.51875
28 0.7359375 0.55390625 0.184375 0.109375
12 0.15234375 0.3421875 0.059375 0.0296875
29 0.25703125 0.4984375 0.0390625 0.0421875
12 0.028125 0.33203125 0.0421875 0.0421875
12 0.2625 0.30859375 0.028125 0.0328125