54 0.88671875 0.62421875 0.2265625 0.4015625
1 0.34609375 0.534375 0.040625 0.071875
12 0.43984375 0.51171875 0.11875 0.146875
30 0.60859375 0.80390625 0.0796875 0.0625
30 0.190625 0.73046875 0.065625 0.0484375
30 0.48359375 0.66953125 0.028125 0.0203125
17 0.8671875 0.57265625 0.0453125 0.075
19 0.79296875 0.62734375 0.0453125 0.109375
19 0.64453125 0.5671875 0.0734375 0.1109375
19 0.12890625 0.48046875 0.01875 0.040625
19 0.365625 0.496875 0.01875 0.0375
19 0.3234375 0.53046875 0.0203125 0.0375
0 0.64765625 0.64140625 0.13125 0.3578125
0 0.76640625 0.64453125 0.103125 0.271875
0 0.48828125 0.5734375 0.0796875 0.2140625
0 0.5375 0.53359375 0.046875 0.1296875
0 0.59609375 0.5296875 0.0375 0.109375
0 0.2484375 0.571875 0.1078125 0.2203125
0 0.1734375 0.5875 0.1359375 0.3453125
0 0.10625 0.4890625 0.0703125 0.171875
0 0.5625 0.5359375 0.0796875 0.1703125
0 0.36875 0.521875 0.04375 0.115625
12 0.64765625 0.5296875 0.059375 0.08125
79 0.66015625 0.4125 0.0109375 0.0171875
79 0.621875 0.40390625 0.0109375 0.0171875
79 0.60703125 0.40390625 0.009375 0.0171875
79 0.68984375 0.3390625 0.0328125 0.065625
17 0.653125 0.56953125 0.090625 0.1140625
17 0.18828125 0.50234375 0.0671875 0.0875
30 0.35625 0.66484375 0.48125 0.340625
54 0.74140625 0.56796875 0.053125 0.0609375
0 0.084375 0.471875 0.053125 0.134375
79 0.43671875 0.0265625 0.0609375 0.053125
19 0.06015625 0.478125 0.025 0.0734375
19 0.28359375 0.47265625 0.0109375 0.0125
0 0.04609375 0.4984375 0.0734375 0.1734375
0 0.634375 0.49140625 0.0203125 0.053125
19 0.26796875 0.4328125 0.00625 0.0140625
30 0.67109375 0.66171875 0.0234375 0.0203125
0 0.46640625 0.56015625 0.9328125 0.3890625