0 0.8296875 0.37734375 0.1109375 0.21015625
0 0.48828125 0.334375 0.0390625 0.14375
21 0.2828125 0.90859375 0.3703125 0.15625
0 0.79609375 0.35 0.0671875 0.15
0 0.6125 0.31875 0.0375 0.0875
0 0.5546875 0.32734375 0.06875 0.1625
0 0.58203125 0.30625 0.0203125 0.0625
0 0.51484375 0.3375 0.0265625 0.13984375
21 0.21953125 0.45859375 0.0390625 0.03125
0 0.46328125 0.3375 0.0359375 0.13515625
0 0.4296875 0.32578125 0.0375 0.09765625
0 0.3859375 0.315625 0.0484375 0.10625
0 0.27421875 0.32578125 0.0375 0.1
21 0.5578125 0.84609375 0.2671875 0.28359375
21 0.86328125 0.525 0.14375 0.10390625
21 0.23984375 0.575 0.1640625 0.1625
21 0.16328125 0.51796875 0.1109375 0.16484375
21 0.1125 0.40703125 0.096875 0.03984375
21 0.23203125 0.66875 0.2015625 0.16484375
21 0.09375 0.54921875 0.040625 0.1125
21 0.77109375 0.50859375 0.109375 0.10390625
21 0.18046875 0.75546875 0.134375 0.17109375
21 0.14453125 0.375 0.0390625 0.02734375
21 0.103125 0.47890625 0.028125 0.03984375
0 0.1078125 0.31328125 0.0421875 0.10859375
21 0.4921875 0.45703125 0.78125 0.20625