33 0.32265625 0.54921875 0.203125 0.225
35 0.65078125 0.253125 0.128125 0.1515625
37 0.1265625 0.47578125 0.253125 0.1328125
37 0.73359375 0.58046875 0.3359375 0.0765625
37 0.26953125 0.68515625 0.1 0.2375
38 0.75 0.61171875 0.403125 0.0671875
38 0.11953125 0.25625 0.2390625 0.034375
39 0.11875 0.2453125 0.15 0.028125
39 0.7671875 0.6359375 0.2765625 0.06875
48 0.5875 0.465625 0.2 0.165625
0 0.90234375 0.1421875 0.1546875 0.084375
33 0.4765625 0.53984375 0.1109375 0.1796875
37 0.803125 0.16796875 0.140625 0.034375
57 0.5 0.5 1 1
36 0.86015625 0.30859375 0.1546875 0.1390625
36 0.359375 0.11953125 0.0921875 0.140625
36 0.5796875 0.14375 0.096875 0.1546875
38 0.80234375 0.01953125 0.1984375 0.03125
39 0.80546875 0.021875 0.13125 0.034375
48 0.7 0.1203125 0.0890625 0.0734375
48 0.72421875 0.11171875 0.0875 0.0703125
48 0.8109375 0.096875 0.09375 0.075
48 0.75546875 0.10859375 0.0890625 0.0703125
0 0.05078125 0.13046875 0.1015625 0.2171875
33 0.15234375 0.60234375 0.1765625 0.1453125
36 0.62109375 0.04765625 0.0765625 0.0953125
40 0.19296875 0.13671875 0.28125 0.11875
40 0.275 0.8203125 0.5 0.359375
50 0.778125 0.225 0.1015625 0.05625