59 0.08203125 0.45859375 0.1640625 0.4390625
59 0.62109375 0.6859375 0.1 0.121875
53 0.5203125 0.81640625 0.959375 0.3671875
0 0.70859375 0.5640625 0.3734375 0.6609375
0 0.4234375 0.56015625 0.478125 0.7453125
62 0.51875 0.26875 0.1109375 0.078125
62 0.59609375 0.6109375 0.0421875 0.034375
52 0.94375 0.721875 0.1125 0.190625
52 0.62421875 0.76875 0.2515625 0.284375
52 0.8453125 0.746875 0.10625 0.2
54 0.9515625 0.62109375 0.096875 0.0734375
57 0.9265625 0.66015625 0.146875 0.0609375
62 0.7734375 0.45 0.0171875 0.025
63 0.6359375 0.740625 0.084375 0.0296875
52 0.28515625 0.85625 0.4859375 0.2875
71 0.09453125 0.77265625 0.1046875 0.0484375
71 0.14921875 0.73671875 0.053125 0.084375
71 0.1296875 0.7484375 0.0578125 0.071875