52 0.365625 0.53203125 0.409375 0.4671875
53 0.7765625 0.68828125 0.446875 0.5953125
53 0.36796875 0.5171875 0.38125 0.4140625
53 0.4765625 0.5890625 0.13125 0.303125
57 0.37578125 0.8421875 0.4640625 0.315625
0 0.35625 0.4859375 0.3640625 0.5125
35 0.5078125 0.8875 0.06875 0.184375
35 0.378125 0.67734375 0.0484375 0.13125
40 0.309375 0.9203125 0.18125 0.159375
42 0.33359375 0.90078125 0.0421875 0.0484375
40 0.24453125 0.77265625 0.1375 0.0921875
71 0.05625 0.63984375 0.0421875 0.03125
42 0.3125 0.94296875 0.10625 0.1140625
70 0.34296875 0.18515625 0.078125 0.19375
71 0.05703125 0.6328125 0.028125 0.0265625
71 0.04921875 0.6234375 0.046875 0.03125
71 0.04453125 0.61484375 0.0484375 0.025
71 0.0453125 0.60234375 0.040625 0.0296875
71 0.0328125 0.596875 0.05625 0.025