64 0.64296875 0.18359375 0.0109375 0.01875
19 0.6203125 0.35234375 0.0421875 0.2203125
19 0.146875 0.47578125 0.0515625 0.121875
19 0.9265625 0.51484375 0.0515625 0.125
21 0.7578125 0.57734375 0.0390625 0.078125
0 0.43125 0.55234375 0.2015625 0.7046875
0 0.684375 0.490625 0.16875 0.79375
0 0.1390625 0.5078125 0.084375 0.2859375
0 0.09921875 0.50234375 0.0515625 0.26875
0 0.8859375 0.5359375 0.0453125 0.2203125
0 0.93984375 0.5359375 0.0625 0.309375
0 0.7984375 0.5359375 0.0546875 0.159375
0 0.97734375 0.53984375 0.0453125 0.30625
0 0.75625 0.52109375 0.0265625 0.08125
26 0.3625 0.60390625 0.0796875 0.10625
0 0.9125 0.478125 0.0203125 0.096875
0 0.85390625 0.546875 0.025 0.096875
0 0.9546875 0.4546875 0.025 0.0625