1 0.51171875 0.659375 0.0640625 0.215625
0 0.3125 0.6546875 0.10625 0.3984375
0 0.52421875 0.578125 0.0828125 0.33046875
0 0.02109375 0.55625 0.0421875 0.11953125
0 0.57265625 0.42890625 0.0171875 0.065625
0 0.5828125 0.39375 0.0125 0.05859375
0 0.6140625 0.4015625 0.0140625 0.05859375
0 0.48046875 0.46171875 0.01875 0.0328125
0 0.59921875 0.4125 0.0078125 0.0328125
17 0.52890625 0.60390625 0.0546875 0.06328125
0 0.625 0.41328125 0.0140625 0.0421875
0 0.5625 0.35703125 0.0140625 0.05390625
0 0.49296875 0.44609375 0.015625 0.0515625
5 0.26484375 0.33984375 0.034375 0.0234375
0 0.465625 0.48125 0.0171875 0.065625
0 0.40390625 0.64375 0.1 0.44296875
0 0.4 0.39921875 0.40625 0.18515625