6 0.384375 0.48203125 0.4375 0.76796875
0 0.46796875 0.2671875 0.290625 0.534375
0 0.52265625 0.09375 0.065625 0.1515625
0 0.59375 0.13984375 0.065625 0.1015625
0 0.66953125 0.134375 0.0328125 0.06640625
57 0.58515625 0.29453125 0.184375 0.234375
57 0.91328125 0.20078125 0.1640625 0.0234375
57 0.77890625 0.18828125 0.0859375 0.0140625
36 0.565625 0.17734375 0.025 0.05234375
52 0.44140625 0.384375 0.2234375 0.271875
52 0.4265625 0.30390625 0.159375 0.14453125
52 0.6875 0.3484375 0.18125 0.33828125
52 0.6484375 0.28828125 0.134375 0.2265625
52 0.62421875 0.2703125 0.090625 0.1203125
0 0.62890625 0.1078125 0.05625 0.1703125
52 0.63046875 0.27421875 0.084375 0.08515625
52 0.92109375 0.3265625 0.1578125 0.2671875
52 0.96328125 0.36796875 0.0734375 0.3359375
57 0.71171875 0.17578125 0.1203125 0.0140625
52 0.82890625 0.2921875 0.1296875 0.22421875
52 0.60859375 0.234375 0.0546875 0.03515625
57 0.5359375 0.1796875 0.096875 0.0140625
52 0.58984375 0.20234375 0.2421875 0.0875