26 0.2 0.44375 0.028125 0.040625
0 0.55078125 0.284375 0.1765625 0.4875
0 0.2921875 0.4765625 0.2390625 0.6671875
28 0.18671875 0.46875 0.1328125 0.0625
5 0.75546875 0.35234375 0.240625 0.096875
5 0.8078125 0.20859375 0.1671875 0.05
5 0.81875 0.18671875 0.1515625 0.04375
5 0.77265625 0.40703125 0.2140625 0.1
5 0.8078125 0.14375 0.1875 0.10625
36 0.5671875 0.1796875 0.015625 0.0453125
5 0.94453125 0.39296875 0.1109375 0.0828125
5 0.809375 0.2390625 0.1671875 0.06875
5 0.640625 0.16875 0.0734375 0.0375