54 0.45078125 0.8375 0.2234375 0.325
6 0.615625 0.6703125 0.0546875 0.0828125
6 0.64765625 0.58125 0.0703125 0.053125
6 0.6390625 0.55078125 0.084375 0.04375
6 0.55859375 0.58515625 0.0484375 0.0640625
6 0.315625 0.66328125 0.078125 0.071875
6 0.44296875 0.6921875 0.0421875 0.0703125
6 0.4125 0.746875 0.0859375 0.06875
6 0.20078125 0.72109375 0.096875 0.0734375
6 0.68984375 0.73515625 0.0625 0.0765625
6 0.73125 0.62890625 0.0640625 0.065625
6 0.71171875 0.69453125 0.10625 0.06875
6 0.56328125 0.6390625 0.059375 0.053125
12 0.6953125 0.50546875 0.4734375 0.1640625
12 0.2671875 0.57265625 0.2765625 0.1953125
12 0.7546875 0.165625 0.2640625 0.134375
12 0.18359375 0.13671875 0.1125 0.0703125
12 0.2734375 0.11640625 0.0796875 0.0453125
12 0.11328125 0.1640625 0.0546875 0.0546875
6 0.41796875 0.66015625 0.10625 0.0640625
6 0.56484375 0.76953125 0.090625 0.06875
12 0.56015625 0.15390625 0.246875 0.1546875
12 0.72890625 0.09609375 0.26875 0.09375
54 0.2171875 0.86796875 0.26875 0.2640625
6 0.66953125 0.51640625 0.421875 0.615625