33 0.37890625 0.5109375 0.159375 0.12890625
36 0.63046875 0.1453125 0.040625 0.05390625
36 0.428125 0.54375 0.040625 0.0890625
44 0.4609375 0.5578125 0.0328125 0.0515625
60 0.20703125 0.55546875 0.1984375 0.1828125
61 0.32734375 0.57421875 0.040625 0.02578125
63 0.6765625 0.5984375 0.190625 0.04453125
73 0.44609375 0.50859375 0.025 0.11953125
42 0.403125 0.5609375 0.0203125 0.04453125
59 0.928125 0.43203125 0.14375 0.3546875
59 0.1546875 0.43515625 0.196875 0.28203125
59 0.73671875 0.428125 0.246875 0.265625
63 0.21015625 0.61640625 0.1859375 0.05625