33 0.57734375 0.34921875 0.05 0.1265625
33 0.65859375 0.4203125 0.053125 0.1515625
57 0.46015625 0.56953125 0.9203125 0.6859375
0 0.9109375 0.3765625 0.178125 0.678125
0 0.83984375 0.265625 0.2265625 0.2921875
38 0.57421875 0.6359375 0.1546875 0.078125
38 0.27109375 0.4734375 0.1453125 0.04375
38 0.74921875 0.38125 0.134375 0.0984375
37 0.8125 0.4375 0.1296875 0.06875
39 0.79140625 0.53203125 0.1046875 0.0828125
40 0.16171875 0.59375 0.2109375 0.2046875
40 0.221875 0.4765625 0.2203125 0.11875
49 0.76171875 0.615625 0.1734375 0.1140625
49 0.29453125 0.41171875 0.090625 0.075
49 0.3765625 0.6234375 0.184375 0.1421875
49 0.56328125 0.71328125 0.1765625 0.14375
49 0.57265625 0.59921875 0.1515625 0.1078125
51 0.60625 0.52109375 0.14375 0.0953125
51 0.74296875 0.46015625 0.146875 0.1
51 0.559375 0.44375 0.1265625 0.0671875
51 0.7640625 0.61640625 0.1765625 0.121875
51 0.71640625 0.52421875 0.0734375 0.05625
51 0.6203125 0.38984375 0.059375 0.053125
52 0.88984375 0.82265625 0.1953125 0.3546875
42 0.3359375 0.184375 0.03125 0.03125
65 0.37265625 0.1546875 0.1609375 0.1234375
49 0.565625 0.44296875 0.1265625 0.059375