9 0.4109375 0.59375 0.053125 0.2265625
9 0.14453125 0.6328125 0.1015625 0.209375
9 0.36484375 0.6140625 0.0640625 0.1578125
9 0.45 0.58203125 0.0453125 0.1234375
9 0.4640625 0.6 0.0375 0.1265625
9 0.6171875 0.58515625 0.025 0.08125
9 0.63515625 0.56640625 0.021875 0.084375
9 0.5421875 0.5828125 0.046875 0.1484375
9 0.24765625 0.61875 0.165625 0.3125
9 0.34765625 0.59921875 0.0671875 0.1671875
9 0.49140625 0.59140625 0.0625 0.1671875
9 0.57890625 0.58046875 0.028125 0.1171875
9 0.6 0.575 0.0296875 0.10625
9 0.64453125 0.5671875 0.021875 0.084375
9 0.03046875 0.61015625 0.0609375 0.3890625
9 0.5265625 0.553125 0.034375 0.0796875
9 0.66640625 0.57265625 0.0234375 0.0671875
67 0.734375 0.546875 0.0484375 0.2046875
0 0.396875 0.50390625 0.05 0.0796875
0 0.48671875 0.5078125 0.03125 0.0671875
0 0.55859375 0.53359375 0.0265625 0.0796875
0 0.61796875 0.528125 0.0125 0.0359375
0 0.259375 0.51953125 0.0640625 0.1921875
0 0.58203125 0.52421875 0.0203125 0.0453125
0 0.6046875 0.51484375 0.0109375 0.0171875
0 0.52578125 0.53515625 0.0359375 0.10625
0 0.64453125 0.546875 0.0234375 0.0453125
0 0.65546875 0.5328125 0.0125 0.03125
0 0.62734375 0.53203125 0.0109375 0.0359375
0 0.6671875 0.53359375 0.0109375 0.028125
3 0.4 0.40546875 0.0328125 0.0546875
9 0.4265625 0.6171875 0.521875 0.2671875