0 0.3140625 0.3609375 0.45625 0.690625
0 0.709375 0.3671875 0.4203125 0.5703125
0 0.0703125 0.48515625 0.140625 0.390625
35 0.6328125 0.57734375 0.115625 0.3125
35 0.3109375 0.24765625 0.0640625 0.078125
35 0.95859375 0.63125 0.0828125 0.321875
38 0.8140625 0.81484375 0.359375 0.0578125
38 0.1296875 0.7296875 0.2359375 0.1546875
39 0.040625 0.734375 0.08125 0.103125
51 0.33828125 0.78359375 0.5703125 0.1953125
35 0.01953125 0.6453125 0.0390625 0.375
39 0.02578125 0.7140625 0.0515625 0.075
40 0.396875 0.65078125 0.1640625 0.084375
53 0.50859375 0.459375 0.9828125 0.3734375
57 0.49921875 0.8109375 0.996875 0.36875