35 0.52734375 0.61015625 0.0828125 0.3828125
35 0.74765625 0.5515625 0.0734375 0.2515625
35 0.62109375 0.51796875 0.0578125 0.2796875
37 0.44765625 0.89609375 0.0578125 0.1203125
38 0.50078125 0.92421875 0.0796875 0.1515625
0 0.63046875 0.33203125 0.171875 0.471875
0 0.7609375 0.384375 0.1734375 0.421875
0 0.90234375 0.4359375 0.1953125 0.69375
0 0.575 0.246875 0.0875 0.2359375
0 0.478125 0.2609375 0.08125 0.2328125
0 0.39140625 0.2328125 0.0359375 0.1125
0 0.2953125 0.25234375 0.06875 0.1203125
0 0.1984375 0.37265625 0.1453125 0.4640625
0 0.2390625 0.50703125 0.478125 0.9734375
0 0.521875 0.28359375 0.071875 0.2234375
35 0.41328125 0.490625 0.059375 0.2171875
35 0.33515625 0.39375 0.0375 0.153125
35 0.3109375 0.3734375 0.0296875 0.1125
35 0.35078125 0.29453125 0.0171875 0.05625
35 0.41875 0.35 0.0328125 0.08125
35 0.540625 0.39921875 0.046875 0.103125
35 0.36875 0.44140625 0.0421875 0.19375
36 0.58359375 0.75 0.071875 0.1984375
36 0.68046875 0.6796875 0.0640625 0.1640625
36 0.64765625 0.61640625 0.05625 0.1453125
36 0.5703125 0.5796875 0.046875 0.128125
36 0.49296875 0.6421875 0.0515625 0.2296875
37 0.86796875 0.63125 0.0515625 0.0640625
37 0.259375 0.38671875 0.03125 0.14375
43 0.778125 0.7796875 0.128125 0.2078125
52 0.81015625 0.36015625 0.03125 0.065625
57 0.66171875 0.8515625 0.6765625 0.2875
35 0.47890625 0.4171875 0.0421875 0.16875
35 0.2921875 0.31953125 0.0203125 0.10625
36 0.45390625 0.62109375 0.0421875 0.146875
36 0.33203125 0.4078125 0.0203125 0.05625
36 0.37890625 0.50546875 0.0234375 0.096875
52 0.8875 0.48828125 0.0796875 0.3109375
35 0.39921875 0.334375 0.0453125 0.103125
38 0.81484375 0.56484375 0.009375 0.04375
0 0.43125 0.26328125 0.0765625 0.2109375
36 0.4609375 0.43828125 0.0296875 0.0875