79 0.365625 0.07890625 0.065625 0.1390625
0 0.21640625 0.65859375 0.196875 0.4609375
0 0.30390625 0.58359375 0.0921875 0.234375
0 0.5078125 0.60390625 0.1859375 0.49375
0 0.7140625 0.5765625 0.24375 0.5421875
40 0.8546875 0.65703125 0.0671875 0.053125
67 0.5 0.5671875 1 0.865625
0 0.40859375 0.62109375 0.184375 0.509375
66 0.4421875 0.56640625 0.0796875 0.15625
0 0.171875 0.578125 0.1 0.234375
0 0.8734375 0.5890625 0.1359375 0.43125
79 0.16953125 0.059375 0.05625 0.0546875
0 0.95625 0.55703125 0.0296875 0.0765625
0 0.09609375 0.63671875 0.1328125 0.3546875