18 0.16640625 0.2140625 0.1296875 0.0734375
0 0.50390625 0.6828125 0.2109375 0.5515625
0 0.203125 0.7875 0.23125 0.425
0 0.6078125 0.459375 0.1046875 0.328125
0 0.74375 0.48671875 0.125 0.325
0 0.39921875 0.5640625 0.1203125 0.3078125
0 0.81953125 0.22890625 0.1078125 0.246875
0 0.67578125 0.29453125 0.0625 0.096875
0 0.959375 0.2703125 0.05 0.13125
0 0.11328125 0.4671875 0.0984375 0.2609375
0 0.33671875 0.425 0.0765625 0.190625
5 0.4671875 0.53203125 0.55625 0.3734375
28 0.440625 0.51484375 0.0109375 0.0171875
0 0.6546875 0.42265625 0.0953125 0.259375
19 0.55859375 0.4921875 0.0640625 0.0640625
19 0.4625 0.4015625 0.0234375 0.0484375
0 0.17265625 0.34453125 0.090625 0.184375
5 0.83984375 0.56875 0.1015625 0.109375
29 0.43359375 0.540625 0.015625 0.0296875
33 0.9640625 0.3953125 0.0140625 0.0375
0 0.69609375 0.46875 0.0578125 0.24375
5 0.1125 0.51015625 0.065625 0.046875
19 0.7875 0.45390625 0.034375 0.046875
19 0.82734375 0.56328125 0.04375 0.04375
0 0.5 0.40234375 1 0.6078125