12 0.13984375 0.65234375 0.2796875 0.6953125
2 0.425 0.75625 0.1546875 0.3125
0 0.37265625 0.6234375 0.2296875 0.5828125
19 0.43203125 0.53828125 0.096875 0.23125
54 0.68125 0.66328125 0.0984375 0.1234375
54 0.4078125 0.3453125 0.146875 0.221875
54 0.49765625 0.178125 0.2421875 0.35625
54 0.80078125 0.1296875 0.1546875 0.2421875
54 0.675 0.55546875 0.08125 0.109375
12 0.6546875 0.71953125 0.690625 0.5609375
54 0.6484375 0.225 0.1046875 0.1671875
54 0.303125 0.69140625 0.13125 0.15625
0 0.10859375 0.49921875 0.1453125 0.3296875
54 0.3140625 0.5734375 0.0171875 0.0390625
54 0.275 0.5796875 0.0375 0.0453125