12 0.89609375 0.83046875 0.140625 0.0875
12 0.98125 0.83515625 0.0375 0.05390625
12 0.7921875 0.83359375 0.1078125 0.06640625
12 0.4515625 0.84609375 0.06875 0.05234375
67 0.225 0.83515625 0.2125 0.09375
67 0.36953125 0.83671875 0.1390625 0.07265625
79 0.42265625 0.54921875 0.0203125 0.06875
79 0.415625 0.659375 0.0125 0.04140625
67 0.89609375 0.828125 0.1421875 0.07734375
79 0.32109375 0.67890625 0.0109375 0.03515625
79 0.26015625 0.590625 0.015625 0.06015625
79 0.22265625 0.70078125 0.0109375 0.03515625
79 0.56953125 0.61015625 0.0171875 0.07265625
79 0.15859375 0.70625 0.0078125 0.02890625
79 0.14921875 0.62734375 0.0234375 0.06875
79 0.11171875 0.63515625 0.0171875 0.05234375
79 0.0203125 0.63515625 0.01875 0.06015625
79 0.10234375 0.709375 0.009375 0.02890625
79 0.0703125 0.715625 0.015625 0.02265625
79 0.7671875 0.56484375 0.053125 0.08359375
3 0.828125 0.63125 0.0609375 0.07890625
79 0.54453125 0.628125 0.6328125 0.21875