33 0.5234375 0.78671875 0.1 0.2703125
33 0.36484375 0.77890625 0.1 0.259375
33 0.15703125 0.63515625 0.02578125 0.0421875
33 0.72109375 0.41328125 0.028125 0.0859375
33 0.6296875 0.42109375 0.0375 0.0734375
33 0.56796875 0.4234375 0.0375 0.078125
33 0.53046875 0.425 0.03046875 0.075
33 0.35 0.4375 0.03046875 0.0734375
33 0.2703125 0.44453125 0.02578125 0.06875
33 0.43671875 0.4265625 0.02578125 0.0734375
33 0.4921875 0.4265625 0.028125 0.075
33 0.69921875 0.4125 0.028125 0.0828125
33 0.81015625 0.40390625 0.05390625 0.0921875
0 0.32421875 0.65625 0.26328125 0.3109375
0 0.88671875 0.640625 0.2234375 0.3734375
35 0.228125 0.82421875 0.12109375 0.2078125
35 0.7296875 0.49296875 0.03515625 0.05
35 0.4625 0.50390625 0.0328125 0.0609375
35 0.571875 0.496875 0.03984375 0.0625
35 0.521875 0.5015625 0.0234375 0.0625
35 0.4265625 0.50703125 0.0421875 0.065625
35 0.6875 0.49453125 0.03515625 0.0640625
35 0.215625 0.5125 0.03046875 0.05625
35 0.20078125 0.51328125 0.03046875 0.05625
33 0.84609375 0.4015625 0.04453125 0.0921875
35 0.64453125 0.49453125 0.04453125 0.0640625
35 0.6046875 0.4953125 0.0421875 0.0625
35 0.53125 0.4984375 0.028125 0.0578125
0 0.05390625 0.65625 0.1 0.3109375
35 0.49296875 0.5015625 0.0375 0.0578125
35 0.4875 0.58203125 0.77890625 0.2109375
33 0.4625 0.4765625 0.925 0.484375