20 0.6203125 0.63125 0.0671875 0.4078125
0 0.74609375 0.575 0.50078125 0.8265625
0 0.359375 0.61796875 0.40703125 0.734375
0 0.084375 0.53515625 0.16875 0.4109375
71 0.82578125 0.8984375 0.1296875 0.1515625
36 0.83125 0.29375 0.0375 0.01875
36 0.884375 0.29453125 0.03984375 0.0203125
36 0.92890625 0.29453125 0.04140625 0.0203125
36 0.978125 0.2953125 0.03984375 0.0203125
40 0.903125 0.38984375 0.03359375 0.0234375
40 0.7515625 0.2890625 0.04375 0.0296875
36 0.8609375 0.29609375 0.025 0.0171875
0 0.115625 0.38828125 0.12109375 0.1609375
36 0.25390625 0.27890625 0.03125 0.0421875
19 0.22890625 0.9015625 0.23984375 0.171875