0 0.91953125 0.2453125 0.1609375 0.328125
42 0.48515625 0.79375 0.1265625 0.153125
42 0.33046875 0.60078125 0.1234375 0.159375
42 0.309375 0.403125 0.096875 0.1234375
44 0.7609375 0.88125 0.359375 0.2375
42 0.81484375 0.14453125 0.05625 0.0640625
44 0.48203125 0.5265625 0.10625 0.1328125
44 0.4640625 0.4453125 0.0984375 0.11875
44 0.3484375 0.85703125 0.125 0.1640625
44 0.3296875 0.5984375 0.1203125 0.1546875
44 0.46171875 0.04453125 0.0578125 0.0890625
44 0.55546875 0.60390625 0.0921875 0.1390625
44 0.48515625 0.81484375 0.2109375 0.3703125
44 0.24921875 0.53125 0.109375 0.1328125
44 0.228125 0.4328125 0.096875 0.121875
42 0.0890625 0.56328125 0.121875 0.15
42 0.1640625 0.52265625 0.1015625 0.128125
42 0.4203125 0.1875 0.06875 0.09375
46 0.68984375 0.75859375 0.23125 0.1765625