54 0.94921875 0.1109375 0.1015625 0.128125
52 0.17890625 0.31484375 0.165625 0.3375
52 0.5640625 0.22109375 0.715625 0.3296875
23 0.53515625 0.5796875 0.834375 0.696875
0 0.21875 0.1984375 0.109375 0.225
60 0.36640625 0.2625 0.1109375 0.1296875
71 0.86953125 0.11953125 0.03125 0.009375
71 0.346875 0.1453125 0.021875 0.0359375
71 0.86796875 0.13125 0.0328125 0.0140625
71 0.859375 0.09921875 0.040625 0.0234375
71 0.8609375 0.0890625 0.034375 0.0140625
71 0.86484375 0.11328125 0.0484375 0.0140625
71 0.84609375 0.121875 0.0171875 0.0109375
71 0.86171875 0.121875 0.0484375 0.01875
63 0.3625 0.24765625 0.034375 0.015625