1 0.86640625 0.71484375 0.0375 0.0828125
1 0.95703125 0.72421875 0.075 0.08515625
1 0.81640625 0.70625 0.0375 0.08984375
1 0.7296875 0.7078125 0.0359375 0.07578125
1 0.76484375 0.7078125 0.03125 0.07578125
45 0.4953125 0.6296875 0.4890625 0.471875
0 0.628125 0.590625 0.05625 0.0734375
5 0.9671875 0.7515625 0.053125 0.04453125
5 0.76640625 0.7296875 0.065625 0.05625
1 0.92890625 0.7125 0.04375 0.08515625
1 0.8875 0.7125 0.0296875 0.0921875
1 0.78046875 0.69921875 0.0265625 0.046875
5 0.096875 0.740625 0.015625 0.0328125
5 0.01875 0.74140625 0.025 0.0421875