1 0.15546875 0.753125 0.2609375 0.128125
1 0.22109375 0.7328125 0.22109375 0.1265625
0 0.62421875 0.68515625 0.06953125 0.1859375
0 0.1703125 0.69140625 0.134375 0.1921875
0 0.58671875 0.6828125 0.05703125 0.165625
0 0.5375 0.68828125 0.096875 0.1828125
0 0.60078125 0.34765625 0.0734375 0.1515625
20 0.55078125 0.63828125 0.0140625 0.0296875
79 0.74921875 0.5171875 0.04375 0.0609375
79 0.78359375 0.49609375 0.053125 0.0875
17 0.2078125 0.646875 0.06484375 0.0546875
21 0.4859375 0.72265625 0.05546875 0.09375
0 0.2265625 0.6796875 0.08125 0.1390625
21 0.6609375 0.746875 0.04140625 0.0453125
0 0.69140625 0.67578125 0.06953125 0.1890625