33 0.80390625 0.69296875 0.0671875 0.13359375
53 0.47734375 0.721875 0.7578125 0.55625
20 0.6390625 0.58359375 0.06875 0.17734375
52 0.91640625 0.67265625 0.1671875 0.35625
0 0.478125 0.6890625 0.265625 0.621875
0 0.66953125 0.63828125 0.2828125 0.65390625
0 0.22890625 0.69375 0.2265625 0.6125
36 0.76953125 0.93828125 0.0453125 0.09609375
62 0.8171875 0.61640625 0.04375 0.02265625
62 0.50078125 0.78984375 0.0640625 0.07109375
71 0.82265625 0.5375 0.109375 0.05625
71 0.83515625 0.93046875 0.065625 0.05390625
71 0.5234375 0.296875 0.065625 0.02109375
71 0.421875 0.25625 0.0109375 0.03125
71 0.43828125 0.26015625 0.01875 0.02109375
52 0.60234375 0.396875 0.0484375 0.09765625
60 0.82578125 0.53671875 0.1140625 0.05390625