20 0.65078125 0.29375 0.028125 0.02265625
20 0.83125 0.2734375 0.0265625 0.0203125
20 0.89140625 0.4578125 0.025 0.025
52 0.275 0.82265625 0.0734375 0.209375
52 0.525 0.81875 0.078125 0.1796875
0 0.11796875 0.47265625 0.1578125 0.25546875
0 0.33671875 0.65703125 0.21875 0.61015625
0 0.4984375 0.62109375 0.2203125 0.61015625
0 0.6765625 0.5390625 0.1625 0.79921875
0 0.8609375 0.64921875 0.2265625 0.62890625
0 0.81640625 0.51796875 0.1921875 0.70390625
20 0.315625 0.4671875 0.0171875 0.02265625
20 0.51171875 0.45703125 0.0140625 0.02265625
20 0.1125 0.46328125 0.021875 0.02734375
52 0.8515625 0.72109375 0.028125 0.04765625