13 0.396875 0.61875 0.79375 0.7625
0 0.5765625 0.30546875 0.053125 0.1109375
0 0.67578125 0.35234375 0.109375 0.14375
0 0.37734375 0.18828125 0.109375 0.14375
0 0.9453125 0.77265625 0.109375 0.3046875
0 0.3234375 0.9359375 0.11875 0.128125
0 0.709375 0.93125 0.078125 0.090625
0 0.81015625 0.94296875 0.04375 0.034375
0 0.51796875 0.278125 0.059375 0.109375
0 0.25625 0.98984375 0.071875 0.0203125
18 0.58125 0.23984375 0.5046875 0.4234375
0 0.80078125 0.93046875 0.0828125 0.0671875
0 0.1796875 0.98984375 0.0625 0.0203125
0 0.46640625 0.953125 0.1796875 0.09375
0 0.6953125 0.80859375 0.4875 0.3828125