12 0.74921875 0.4375 0.2109375 0.196875
0 0.775 0.596875 0.18125 0.65
0 0.61171875 0.45859375 0.1 0.309375
0 0.971875 0.49921875 0.05625 0.365625
0 0.72421875 0.55546875 0.0390625 0.465625
67 0.75078125 0.4375 0.215625 0.190625
19 0.86875 0.45546875 0.021875 0.034375
19 0.5625 0.67421875 0.0484375 0.128125
21 0.66484375 0.79375 0.1171875 0.228125
21 0.41484375 0.84140625 0.084375 0.278125
21 0.496875 0.62421875 0.1265625 0.234375
21 0.24140625 0.89453125 0.284375 0.209375
21 0.33515625 0.73125 0.146875 0.24375
21 0.15859375 0.640625 0.284375 0.403125
21 0.3296875 0.415625 0.271875 0.309375
21 0.2390625 0.48046875 0.3265625 0.371875
21 0.47890625 0.396875 0.1125 0.234375
21 0.61640625 0.72890625 0.121875 0.246875
21 0.94609375 0.784375 0.096875 0.21875
21 0.51484375 0.84296875 0.0921875 0.221875
0 0.04453125 0.41796875 0.0328125 0.103125
0 0.86875 0.44375 0.0265625 0.103125
0 0.9671875 0.396875 0.01875 0.040625
0 0.9171875 0.42421875 0.028125 0.128125
0 0.89765625 0.4125 0.021875 0.053125