12 0.98125 0.46953125 0.0375 0.0140625
0 0.43515625 0.55234375 0.0953125 0.25625
0 0.40859375 0.4359375 0.0375 0.0921875
0 0.275 0.4125 0.0421875 0.071875
29 0.78359375 0.553125 0.01875 0.0265625
29 0.2890625 0.42421875 0.0078125 0.0125
0 0.80546875 0.4734375 0.028125 0.0375
12 0.92890625 0.4765625 0.0625 0.0421875
12 0.7765625 0.44296875 0.028125 0.009375
12 0.78203125 0.45390625 0.0453125 0.034375
0 0.80234375 0.55234375 0.0734375 0.165625
0 0.92109375 0.51015625 0.034375 0.06875
29 0.18203125 0.39453125 0.009375 0.009375
29 0.93125 0.50546875 0.0109375 0.009375
12 0.81953125 0.45703125 0.0453125 0.034375
0 0.18671875 0.39765625 0.025 0.05625