24 0.61953125 0.7859375 0.109375 0.0625
24 0.31484375 0.83125 0.15 0.190625
24 0.09921875 0.36875 0.1984375 0.34375
0 0.15234375 0.53671875 0.1765625 0.515625
0 0.275 0.52421875 0.1171875 0.4609375
0 0.34765625 0.5640625 0.103125 0.403125
0 0.41640625 0.56796875 0.09375 0.396875
0 0.4859375 0.553125 0.084375 0.4078125
0 0.54609375 0.56875 0.1203125 0.421875
0 0.61640625 0.5671875 0.075 0.384375
0 0.40234375 0.2578125 0.0796875 0.2234375
0 0.65078125 0.40703125 0.0578125 0.178125
0 0.82421875 0.546875 0.1359375 0.428125
0 0.49296875 0.284375 0.08125 0.175
24 0.7578125 0.60234375 0.0515625 0.3140625
24 0.91484375 0.703125 0.075 0.08125
0 0.7140625 0.5546875 0.090625 0.3625
24 0.89453125 0.61640625 0.1015625 0.053125
0 0.57734375 0.3015625 0.096875 0.1734375
24 0.515625 0.796875 0.0640625 0.0546875
0 0.31484375 0.278125 0.103125 0.1796875