18 0.11484375 0.6234375 0.08125 0.08046875
12 0.475 0.678125 0.0546875 0.06640625
12 0.5609375 0.66796875 0.053125 0.05546875
67 0.70546875 0.6515625 0.1140625 0.2
67 0.39375 0.64296875 0.0765625 0.1890625
79 0.50546875 0.534375 0.00625 0.03046875
0 0.115625 0.734375 0.053125 0.2640625
0 0.55078125 0.6765625 0.0140625 0.071875
0 0.3421875 0.6734375 0.015625 0.0640625
12 0.52109375 0.65859375 0.025 0.04453125
79 0.31015625 0.52890625 0.00625 0.03046875
79 0.28984375 0.515625 0.0078125 0.03359375
79 0.30234375 0.53046875 0.0078125 0.03359375
79 0.31640625 0.553125 0.00625 0.021875
79 0.27890625 0.56953125 0.009375 0.0390625
79 0.62265625 0.59140625 0.0046875 0.028125
79 0.63203125 0.61953125 0.009375 0.0140625
2 0.3015625 0.72890625 0.015625 0.075
0 0.91875 0.61953125 0.0140625 0.04140625
0 0.5578125 0.6859375 0.0078125 0.05546875
12 0.56171875 0.65859375 0.0109375 0.03046875
0 0.62578125 0.6859375 0.0078125 0.03046875
79 0.25078125 0.5515625 0.0109375 0.01953125
2 0.61171875 0.684375 0.00625 0.021875
2 0.3546875 0.7 0.00625 0.046875
0 0.5671875 0.678125 0.0125 0.075
0 0.52890625 0.678125 0.025 0.0640625
0 0.725 0.7 0.0234375 0.103125