54 0.0765625 0.409375 0.1046875 0.1875
52 0.86875 0.76953125 0.2609375 0.4375
52 0.42421875 0.6171875 0.190625 0.3265625
71 0.66171875 0.69921875 0.0453125 0.0296875
71 0.63828125 0.67734375 0.0671875 0.0484375
71 0.55 0.7296875 0.0578125 0.0234375
71 0.51484375 0.64140625 0.04375 0.0296875
71 0.6453125 0.74609375 0.0734375 0.0484375
73 0.07890625 0.4640625 0.0234375 0.0796875
52 0.1203125 0.475 0.0671875 0.171875
71 0.54609375 0.70625 0.053125 0.015625
71 0.65625 0.75703125 0.128125 0.0578125
71 0.59375 0.6796875 0.0515625 0.0390625
71 0.59609375 0.66171875 0.078125 0.0453125
52 0.04609375 0.61796875 0.0921875 0.2109375
57 0.0578125 0.58671875 0.115625 0.1828125