33 0.7515625 0.0484375 0.025 0.08125
33 0.73359375 0.0734375 0.021875 0.0765625
33 0.71796875 0.09609375 0.0234375 0.06875
33 0.85078125 0.5140625 0.0125 0.0421875
33 0.87890625 0.51328125 0.0171875 0.0578125
33 0.8609375 0.50703125 0.0171875 0.0625
33 0.8859375 0.50078125 0.009375 0.0359375
70 0.14296875 0.5421875 0.2859375 0.915625
65 0.28671875 0.6046875 0.1390625 0.1203125
66 0.815625 0.746875 0.30625 0.4671875
69 0.2859375 0.715625 0.0984375 0.08125
33 0.87109375 0.51171875 0.01875 0.0578125
33 0.84296875 0.51015625 0.0140625 0.0421875
35 0.128125 0.0921875 0.0359375 0.09375
35 0.1703125 0.1328125 0.03125 0.08125
36 0.32265625 0.2015625 0.021875 0.053125
44 0.25546875 0.55625 0.034375 0.0296875
73 0.3890625 0.196875 0.0234375 0.0484375
73 0.36015625 0.61484375 0.021875 0.0453125
73 0.3546875 0.2 0.0234375 0.0515625
33 0.76484375 0.03515625 0.0265625 0.0703125
33 0.8375 0.5109375 0.0109375 0.0375
0 0.1453125 0.3796875 0.034375 0.0953125
0 0.19765625 0.5671875 0.015625 0.04375
36 0.15078125 0.115625 0.0296875 0.0890625