0 0.590625 0.34296875 0.2296875 0.62109375
0 0.3796875 0.41171875 0.2375 0.81875
0 0.209375 0.46015625 0.1984375 0.91640625
0 0.81640625 0.30078125 0.1984375 0.53515625
0 0.05390625 0.38515625 0.1046875 0.75625
49 0.55625 0.86640625 0.2859375 0.21875
49 0.778125 0.74765625 0.2484375 0.16015625
49 0.89609375 0.64765625 0.2078125 0.125
49 0.3078125 0.94765625 0.328125 0.08125
0 0.43046875 0.10625 0.1203125 0.21015625
0 0.11171875 0.42734375 0.1359375 0.85390625
52 0.6578125 0.62578125 0.178125 0.14375
52 0.7984375 0.553125 0.1171875 0.1
52 0.45546875 0.72421875 0.2328125 0.17734375
70 0.675 0.11953125 0.3015625 0.2375