24 0.62421875 0.78359375 0.1078125 0.0609375
24 0.3203125 0.834375 0.146875 0.18828125
24 0.096875 0.37578125 0.19375 0.33984375
0 0.153125 0.54296875 0.1671875 0.51328125
0 0.27578125 0.528125 0.109375 0.45859375
0 0.3484375 0.56640625 0.096875 0.40078125
0 0.41796875 0.56953125 0.0875 0.39609375
0 0.48671875 0.553125 0.0765625 0.40703125
0 0.54765625 0.56796875 0.1125 0.41953125
0 0.6171875 0.56484375 0.06875 0.3828125
0 0.3984375 0.259375 0.0765625 0.22265625
0 0.64921875 0.4046875 0.0546875 0.17734375
0 0.825 0.54140625 0.128125 0.4265625
0 0.4890625 0.284375 0.078125 0.1734375
24 0.759375 0.59765625 0.0453125 0.3140625
24 0.91796875 0.69609375 0.0734375 0.08046875
0 0.71484375 0.55078125 0.084375 0.36171875
24 0.896875 0.609375 0.1 0.0515625
0 0.57421875 0.3 0.09375 0.17109375
24 0.52109375 0.796875 0.0625 0.05390625
0 0.3109375 0.28125 0.1 0.17734375