25 0.43203125 0.93359375 0.025 0.03125
0 0.18515625 0.49453125 0.0421875 0.05
0 0.63984375 0.7890625 0.046875 0.075
0 0.3828125 0.609375 0.0421875 0.0546875
0 0.49609375 0.59765625 0.040625 0.04375
0 0.4078125 0.8875 0.103125 0.1125
0 0.3234375 0.5296875 0.028125 0.04375
0 0.2609375 0.46640625 0.01875 0.025
0 0.425 0.50234375 0.0296875 0.0296875
0 0.46484375 0.4984375 0.0234375 0.0265625
0 0.53046875 0.56484375 0.028125 0.0375
24 0.490625 0.61875 0.0296875 0.0125
25 0.378125 0.63046875 0.046875 0.025
24 0.3171875 0.54921875 0.0203125 0.0078125
24 0.43125 0.6703125 0.56875 0.3390625
24 0.4265625 0.5109375 0.028125 0.0125
24 0.2578125 0.4796875 0.028125 0.0078125
24 0.53125 0.58125 0.028125 0.0125