54 0.31484375 0.30234375 0.190625 0.196875
54 0.4484375 0.29140625 0.153125 0.1875
54 0.12890625 0.29453125 0.2046875 0.146875
41 0.56640625 0.35 0.1984375 0.0625
42 0.37109375 0.38046875 0.0953125 0.071875
42 0.42578125 0.36875 0.071875 0.075
42 0.2578125 0.38671875 0.0859375 0.0671875
44 0.04765625 0.39921875 0.0953125 0.1078125
60 0.64765625 0.74140625 0.51875 0.3546875
61 0.925 0.79921875 0.1140625 0.053125
71 0.18828125 0.82265625 0.3625 0.165625
71 0.11328125 0.909375 0.2125 0.090625
19 0.8765625 0.6203125 0.246875 0.278125
44 0.1546875 0.40625 0.1484375 0.0953125