79 0.27578125 0.6390625 0.0515625 0.071875
0 0.45078125 0.76171875 0.128125 0.1359375
19 0.49375 0.75546875 0.0359375 0.05625
12 0.54375 0.71796875 0.171875 0.0765625
12 0.7375 0.77890625 0.3953125 0.1703125
12 0.265625 0.7515625 0.146875 0.109375
12 0.20546875 0.74609375 0.1265625 0.0984375
12 0.490625 0.74296875 0.2015625 0.1078125
12 0.40625 0.68828125 0.0828125 0.040625
12 0.04453125 0.7203125 0.0359375 0.021875
12 0.94921875 0.796875 0.1015625 0.184375
12 0.8140625 0.70703125 0.265625 0.121875
12 0.45625 0.6890625 0.0359375 0.0171875
79 0.45625 0.66328125 0.0171875 0.0203125
79 0.23359375 0.6546875 0.0203125 0.0359375
79 0.6109375 0.640625 0.0140625 0.021875
79 0.46875 0.66484375 0.0140625 0.0171875
0 0.353125 0.73828125 0.1203125 0.125
79 0.36875 0.62109375 0.01875 0.0890625
79 0.16875 0.64453125 0.025 0.040625