0 0.67890625 0.5625 0.09375 0.17109375
0 0.20390625 0.57265625 0.0859375 0.16640625
5 0.3859375 0.70859375 0.1859375 0.30859375
5 0.7328125 0.7 0.309375 0.4625
5 0.925 0.73125 0.075 0.36875
5 0.11484375 0.79609375 0.090625 0.08984375
19 0.6453125 0.67109375 0.0703125 0.08125
17 0.64453125 0.67421875 0.0703125 0.08359375
17 0.89140625 0.54765625 0.0546875 0.12890625
17 0.91796875 0.73203125 0.1078125 0.11484375
64 0.7265625 0.58671875 0.025 0.01015625
57 0.76484375 0.63359375 0.2 0.325
57 0.259375 0.63828125 0.29375 0.31640625
60 0.26953125 0.525 0.05 0.09765625
60 0.7359375 0.553125 0.0609375 0.05859375
5 0.25859375 0.66484375 0.290625 0.38125
64 0.24140625 0.55546875 0.0078125 0.01015625