0 0.4453125 0.5578125 0.5546875 0.69375
0 0.8796875 0.26640625 0.21875 0.30625
0 0.37265625 0.25703125 0.3015625 0.30625
0 0.09609375 0.2265625 0.165625 0.121875
0 0.11328125 0.16796875 0.2265625 0.2515625
0 0.278125 0.07421875 0.2546875 0.125
0 0.87109375 0.04140625 0.1328125 0.0828125
0 0.01796875 0.11328125 0.0359375 0.0890625
5 0.54140625 0.12578125 0.7671875 0.2515625
29 0.37578125 0.5125 0.1046875 0.059375
5 0.6625 0.29375 0.3921875 0.1375
0 0.58125 0.04609375 0.165625 0.0921875
0 0.459375 0.05859375 0.184375 0.1171875