9 0.44765625 0.60078125 0.159375 0.625
12 0.29609375 0.62421875 0.2109375 0.2
12 0.084375 0.60078125 0.16875 0.2359375
12 0.95625 0.728125 0.0765625 0.2328125
45 0.17890625 0.53046875 0.109375 0.1890625
0 0.4578125 0.43515625 0.165625 0.4453125
0 0.68984375 0.59453125 0.034375 0.165625
0 0.5578125 0.58359375 0.0578125 0.171875
0 0.9328125 0.578125 0.046875 0.2015625
0 0.97109375 0.5640625 0.05625 0.125
0 0.52265625 0.5921875 0.034375 0.1234375
0 0.1984375 0.56796875 0.0265625 0.0796875
45 0.12265625 0.484375 0.028125 0.0765625
79 0.23515625 0.48203125 0.0078125 0.0421875
17 0.56796875 0.55234375 0.025 0.0484375
19 0.95078125 0.5609375 0.00625 0.0390625
72 0.0328125 0.1265625 0.028125 0.0515625
19 0.5234375 0.5796875 0.01875 0.053125
45 0.25 0.515625 0.0359375 0.0609375
0 0.1734375 0.5578125 0.0140625 0.0203125