0 0.5984375 0.69140625 0.209375 0.3125
0 0.85390625 0.34921875 0.0953125 0.096875
28 0.3921875 0.44609375 0.0578125 0.1234375
29 0.50546875 0.80234375 0.05625 0.0765625
0 0.484375 0.14921875 0.121875 0.2984375
0 0.9875 0.271875 0.025 0.253125
28 0.975 0.36015625 0.05 0.1921875
52 0.75703125 0.33984375 0.115625 0.075
52 0.90234375 0.3703125 0.065625 0.0640625
0 0.98046875 0.37578125 0.0390625 0.0953125
0 0.3625 0.12734375 0.10625 0.2546875
0 0.72109375 0.7046875 0.1875 0.35625
0 0.08984375 0.1078125 0.06875 0.1625
0 0.271875 0.6203125 0.28125 0.45625
0 0.9578125 0.35546875 0.084375 0.1109375