52 0.575 0.515625 0.7375 0.96875
24 0.18515625 0.3640625 0.2375 0.4375
12 0.846875 0.0671875 0.1828125 0.071875
24 0.4078125 0.4046875 0.2109375 0.515625
24 0.73203125 0.3640625 0.3 0.546875
24 0.59921875 0.34375 0.2546875 0.584375
24 0.5703125 0.70703125 0.115625 0.1640625
24 0.475 0.44609375 0.26875 0.7109375
24 0.096875 0.35 0.19375 0.459375
24 0.32890625 0.59609375 0.1875 0.178125
24 0.23125 0.6625 0.234375 0.190625
24 0.1703125 0.64296875 0.3109375 0.24375
24 0.04375 0.384375 0.0875 0.43125