0 0.8390625 0.45234375 0.321875 0.6046875
0 0.5984375 0.42890625 0.290625 0.5359375
0 0.35625 0.47421875 0.31875 0.525
39 0.43515625 0.7296875 0.040625 0.0921875
39 0.878125 0.81171875 0.1546875 0.053125
39 0.68203125 0.83984375 0.1640625 0.0609375
39 0.75546875 0.87421875 0.121875 0.1375
0 0.11640625 0.29609375 0.084375 0.059375
36 0.8234375 0.7359375 0.0734375 0.090625
37 0.61484375 0.9171875 0.1515625 0.0390625
40 0.65078125 0.7296875 0.0953125 0.09375
40 0.11875 0.9671875 0.121875 0.065625
40 0.76015625 0.7734375 0.0859375 0.06875
52 0.05546875 0.58203125 0.1109375 0.121875
52 0.72421875 0.434375 0.109375 0.10625
52 0.6828125 0.38828125 0.0296875 0.021875
52 0.77421875 0.37890625 0.0265625 0.03125
52 0.75859375 0.375 0.0203125 0.034375
57 0.515625 0.809375 0.96875 0.38125
73 0.95 0.3765625 0.0265625 0.0375
0 0.159375 0.61484375 0.31875 0.6203125
0 0.459375 0.3328125 0.18125 0.3421875
40 0.81640625 0.90390625 0.259375 0.1453125
40 0.9765625 0.84609375 0.046875 0.1359375
52 0.74140625 0.375 0.021875 0.0296875
36 0.12109375 0.9234375 0.0984375 0.0859375