29 0.5078125 0.6109375 0.046875 0.075
0 0.4109375 0.715625 0.2484375 0.3140625
0 0.1828125 0.6671875 0.1703125 0.4765625
0 0.4453125 0.19140625 0.0328125 0.0890625
0 0.47265625 0.19375 0.025 0.0875
26 0.8234375 0.51640625 0.0140625 0.01875
28 0.7078125 0.55 0.0484375 0.171875
0 0.36171875 0.48046875 0.01875 0.140625
0 0.3828125 0.4734375 0.0296875 0.1640625
0 0.43203125 0.42734375 0.025 0.0359375
0 0.4625 0.47265625 0.0265625 0.15
0 0.44921875 0.3765625 0.021875 0.084375
0 0.70546875 0.36875 0.034375 0.065625
0 0.359375 0.396875 0.0140625 0.0234375
26 0.81015625 0.52109375 0.015625 0.021875
0 0.82265625 0.05625 0.0125 0.0453125
0 0.4578125 0.17734375 0.0140625 0.0546875
0 0.5 0.55390625 1 0.5421875