12 0.1140625 0.46015625 0.225 0.20078125
12 0.83671875 0.49375 0.225 0.19140625
12 0.5453125 0.49375 0.196875 0.1484375
0 0.64765625 0.5296875 0.1703125 0.60625
0 0.5234375 0.5421875 0.1890625 0.68125
0 0.3875 0.48828125 0.028125 0.08984375
30 0.6703125 0.846875 0.209375 0.10859375
19 0.72265625 0.53515625 0.040625 0.1296875
0 0.2453125 0.48203125 0.0125 0.0609375
0 0.72265625 0.58984375 0.06875 0.3515625
0 0.303125 0.490625 0.0203125 0.08515625
0 0.2515625 0.49140625 0.0109375 0.04921875
0 0.35234375 0.4890625 0.0234375 0.08515625
0 0.23046875 0.49375 0.0140625 0.05625
79 0.3578125 0.3359375 0.0203125 0.0609375
79 0.43671875 0.2203125 0.0296875 0.06875
17 0.56953125 0.35 0.0265625 0.12734375
33 0.671875 0.59453125 0.0609375 0.0875
0 0.26640625 0.48671875 0.01875 0.06875
0 0.10703125 0.53984375 0.2140625 0.68125
28 0.47109375 0.38828125 0.1 0.23828125
17 0.35078125 0.47265625 0.009375 0.028125
79 0.834375 0.07890625 0.0546875 0.1015625