12 0.96875 0.3296875 0.0625 0.0984375
0 0.796875 0.5203125 0.40625 0.93203125
0 0.42578125 0.39140625 0.075 0.29375
42 0.38125 0.71796875 0.028125 0.0375
42 0.3609375 0.71796875 0.2125 0.2234375
42 0.20078125 0.709375 0.2109375 0.16015625
0 0.04921875 0.4203125 0.0984375 0.29375
44 0.5859375 0.57734375 0.0171875 0.0234375
44 0.55078125 0.6296875 0.028125 0.0328125
44 0.6453125 0.58203125 0.021875 0.02109375
44 0.5375 0.57265625 0.0234375 0.03515625
44 0.64296875 0.6046875 0.025 0.02578125
44 0.14375 0.50625 0.0140625 0.0140625
44 0.12734375 0.48203125 0.01875 0.02109375
44 0.115625 0.5109375 0.0171875 0.009375
44 0.0953125 0.49765625 0.0171875 0.02109375
44 0.175 0.4890625 0.015625 0.01171875
44 0.15703125 0.50234375 0.0140625 0.01171875
44 0.1296875 0.5 0.0203125 0.01875
44 0.09453125 0.47890625 0.0140625 0.01875
44 0.1296875 0.5109375 0.084375 0.11328125