1 0.72265625 0.58828125 0.0484375 0.0625
12 0.15390625 0.5671875 0.1375 0.103125
12 0.93125 0.5859375 0.134375 0.121875
12 0.5125 0.6 0.16875 0.121875
0 0.37890625 0.61328125 0.0515625 0.2375
0 0.41796875 0.61796875 0.04375 0.175
0 0.4734375 0.6203125 0.05 0.2453125
0 0.525 0.609375 0.059375 0.25625
0 0.7640625 0.6890625 0.059375 0.284375
0 0.8734375 0.578125 0.0390625 0.084375
0 0.73671875 0.54140625 0.025 0.0421875
18 0.5 0.47109375 0.0640625 0.0375
18 0.42265625 0.5203125 0.04375 0.028125
17 0.48203125 0.59296875 0.03125 0.0921875
19 0.35546875 0.6640625 0.01875 0.05625
79 0.6828125 0.36015625 0.0203125 0.1
79 0.38671875 0.43671875 0.0109375 0.0359375
0 0.33515625 0.52578125 0.0109375 0.0421875
0 0.54453125 0.53515625 0.0125 0.0421875
0 0.3046875 0.5328125 0.0125 0.05
0 0.21015625 0.53125 0.0140625 0.0609375
19 0.43046875 0.57890625 0.021875 0.05
19 0.54609375 0.5828125 0.0171875 0.1
12 0.08046875 0.521875 0.040625 0.0359375
12 0.04453125 0.5078125 0.0359375 0.0453125
18 0.7015625 0.5109375 0.0203125 0.0203125
19 0.79140625 0.6515625 0.0265625 0.05625
12 0.1796875 0.53359375 0.0734375 0.05625
18 0.48359375 0.515625 0.0296875 0.0359375