64 0.02265625 0.5125 0.0171875 0.0140625
52 0.4015625 0.38515625 0.05 0.1109375
52 0.08125 0.603125 0.1625 0.5625
57 0.28828125 0.325 0.190625 0.071875
0 0.52734375 0.5875 0.353125 0.821875
0 0.5125 0.26640625 0.1859375 0.30625
0 0.359375 0.3625 0.1484375 0.2515625
0 0.21484375 0.2671875 0.0484375 0.084375
0 0.06640625 0.2609375 0.0734375 0.1375
36 0.93984375 0.95546875 0.0640625 0.0890625
36 0.84921875 0.73359375 0.046875 0.1109375
51 0.72421875 0.86015625 0.2140625 0.203125
0 0.41875 0.278125 0.034375 0.075
0 0.046875 0.24453125 0.065625 0.0796875
20 0.584375 0.4171875 0.0375 0.075
20 0.5453125 0.2828125 0.0453125 0.03125
20 0.3140625 0.2609375 0.0140625 0.0078125
40 0.80078125 0.684375 0.1359375 0.1109375
52 0.271875 0.4015625 0.075 0.1640625
52 0.10859375 0.32265625 0.0265625 0.028125
52 0.14375 0.36484375 0.071875 0.1375
57 0.10546875 0.34140625 0.034375 0.025
0 0.31875 0.26328125 0.0796875 0.109375
0 0.18671875 0.33984375 0.1375 0.2703125
52 0.0953125 0.365625 0.025 0.0546875
52 0.1359375 0.409375 0.071875 0.1703125
0 0.0765625 0.6015625 0.153125 0.571875
0 0.053125 0.2953125 0.090625 0.15625
38 0.54296875 0.71796875 0.3703125 0.1765625
57 0.73359375 0.8046875 0.4640625 0.390625