9 0.325 0.590625 0.28125 0.2875
12 0.94765625 0.475 0.1046875 0.1
0 0.7421875 0.48984375 0.1046875 0.175
0 0.5671875 0.45859375 0.0984375 0.1953125
0 0.6953125 0.48671875 0.046875 0.103125
0 0.7859375 0.4515625 0.021875 0.0484375
0 0.809375 0.4734375 0.040625 0.1171875
0 0.6671875 0.50703125 0.0765625 0.15
79 0.74921875 0.33828125 0.0390625 0.0859375
79 0.721875 0.33125 0.021875 0.053125
5 0.059375 0.61171875 0.10625 0.078125
0 0.88515625 0.46875 0.021875 0.053125
0 0.671875 0.4625 0.028125 0.0546875
1 0.8890625 0.478125 0.0125 0.0375
9 0.3578125 0.58359375 0.225 0.2484375
18 0.38359375 0.45625 0.121875 0.046875
19 0.68984375 0.5015625 0.0234375 0.0453125
18 0.1328125 0.49140625 0.1171875 0.0390625