8 0.51328125 0.50390625 0.059375 0.165625
22 0.50625 0.44375 0.021875 0.0265625
0 0.2484375 0.77265625 0.225 0.4109375
0 0.50859375 0.78046875 0.16875 0.4296875
0 0.559375 0.8234375 0.23125 0.353125
18 0.52265625 0.0671875 0.2609375 0.134375
18 0.70859375 0.071875 0.2015625 0.128125
18 0.87109375 0.09296875 0.2578125 0.1484375
18 0.31171875 0.06328125 0.3203125 0.1265625
18 0.6375 0.22265625 0.0546875 0.0453125
33 0.09296875 0.1828125 0.0078125 0.03125
52 0.47578125 0.2609375 0.071875 0.1046875
52 0.26640625 0.225 0.0453125 0.0421875
0 0.79765625 0.77421875 0.2015625 0.4515625
0 0.91328125 0.80625 0.1578125 0.3875
0 0.9 0.54921875 0.103125 0.1578125
0 0.32421875 0.259375 0.0484375 0.1234375
0 0.8921875 0.23359375 0.0390625 0.0640625
0 0.603125 0.6453125 0.1421875 0.240625
0 0.35546875 0.25546875 0.0375 0.0796875
0 0.090625 0.1734375 0.0484375 0.1265625
0 0.12890625 0.203125 0.0546875 0.0796875
22 0.184375 0.40703125 0.025 0.0109375
0 0.04921875 0.90546875 0.0984375 0.1328125
8 0.7515625 0.29140625 0.0484375 0.0703125
0 0.54296875 0.2015625 0.9140625 0.234375