54 0.46328125 0.83671875 0.2328125 0.3265625
6 0.62109375 0.665625 0.0578125 0.084375
6 0.65 0.57578125 0.071875 0.0546875
6 0.640625 0.54609375 0.0859375 0.046875
6 0.56171875 0.5828125 0.05 0.065625
6 0.32109375 0.66953125 0.0796875 0.0734375
6 0.45 0.69375 0.0453125 0.0703125
6 0.421875 0.75 0.0875 0.0703125
6 0.209375 0.73125 0.0984375 0.0765625
6 0.69765625 0.72890625 0.0640625 0.078125
6 0.73515625 0.62109375 0.065625 0.0671875
6 0.71796875 0.68671875 0.1078125 0.071875
6 0.56796875 0.63671875 0.0609375 0.0546875
12 0.6953125 0.4984375 0.475 0.1796875
12 0.26953125 0.58046875 0.28125 0.203125
12 0.74296875 0.15625 0.2671875 0.14375
12 0.17109375 0.14765625 0.1140625 0.075
12 0.26015625 0.12421875 0.08125 0.0484375
12 0.10234375 0.178125 0.05625 0.05625
6 0.4234375 0.66328125 0.1078125 0.0671875
6 0.57421875 0.7671875 0.0921875 0.071875
12 0.5484375 0.1515625 0.25 0.1625
12 0.7140625 0.08828125 0.26875 0.1015625
54 0.23125 0.8703125 0.278125 0.259375
6 0.6703125 0.5109375 0.440625 0.6265625