57 0.62734375 0.68828125 0.7453125 0.6234375
35 0.67265625 0.64921875 0.0859375 0.15625
38 0.4828125 0.73828125 0.1265625 0.04375
0 0.68671875 0.36171875 0.178125 0.2890625
0 0.92265625 0.5390625 0.1546875 0.425
0 0.28125 0.42734375 0.1828125 0.3
0 0.4453125 0.35546875 0.2375 0.234375
0 0.1828125 0.49765625 0.2078125 0.303125
0 0.17578125 0.69765625 0.3515625 0.6046875
0 0.8484375 0.45390625 0.1609375 0.328125
0 0.1984375 0.3125 0.1171875 0.14375
0 0.7984375 0.38515625 0.35 0.4578125
0 0.09453125 0.35078125 0.15 0.1625
0 0.5828125 0.28515625 0.2 0.2984375
0 0.26171875 0.26796875 0.0734375 0.10625
35 0.59453125 0.75625 0.1046875 0.228125
36 0.46484375 0.5609375 0.0640625 0.1125
36 0.64453125 0.58046875 0.0609375 0.090625
37 0.43359375 0.9765625 0.2296875 0.046875
37 0.428125 0.96875 0.221875 0.0625
38 0.915625 0.69375 0.115625 0.0421875
52 0.896875 0.2734375 0.0671875 0.0640625
19 0.17421875 0.87890625 0.2796875 0.2421875
33 0.56953125 0.57421875 0.034375 0.0796875
35 0.39765625 0.44140625 0.0453125 0.05
36 0.8140625 0.71328125 0.0828125 0.1265625
36 0.54140625 0.44296875 0.04375 0.0734375
36 0.50546875 0.45234375 0.04375 0.0671875
36 0.48984375 0.55625 0.0484375 0.0875
36 0.425 0.4734375 0.0484375 0.0703125
37 0.46484375 0.71953125 0.1203125 0.0484375
0 0.3875 0.3125 0.096875 0.171875
36 0.55390625 0.70859375 0.05 0.1171875
37 0.3765625 0.578125 0.115625 0.0296875
37 0.74921875 0.5953125 0.096875 0.0203125
37 0.634375 0.48046875 0.084375 0.0359375
37 0.6015625 0.9828125 0.03125 0.0203125
38 0.73828125 0.59140625 0.140625 0.028125
38 0.42265625 0.58359375 0.034375 0.009375
39 0.384375 0.50625 0.025 0.0140625
36 0.5484375 0.5234375 0.05625 0.0890625
36 0.4140625 0.49765625 0.04375 0.065625
36 0.76015625 0.859375 0.1140625 0.1875
36 0.53359375 0.5109375 0.0515625 0.08125