54 0.1171875 0.453125 0.1640625 0.165625
54 0.06171875 0.53046875 0.0765625 0.1265625
54 0.12421875 0.50625 0.04375 0.05625
52 0.75390625 0.690625 0.3421875 0.4890625
52 0.5765625 0.4703125 0.203125 0.2109375
52 0.34609375 0.50078125 0.2078125 0.2015625
53 0.38828125 0.759375 0.7421875 0.48125
53 0.96875 0.809375 0.0625 0.221875
0 0.2453125 0.5328125 0.165625 0.2375
71 0.3359375 0.3265625 0.0140625 0.046875
71 0.315625 0.25 0.0265625 0.0484375
71 0.37109375 0.39140625 0.0515625 0.0609375
71 0.3796875 0.45234375 0.0375 0.025
71 0.35078125 0.3265625 0.0203125 0.0078125
71 0.33671875 0.2484375 0.0140625 0.04375
71 0.359375 0.48671875 0.0421875 0.01875
71 0.3390625 0.4015625 0.0359375 0.0578125
71 0.34609375 0.4375 0.03125 0.0203125
71 0.37421875 0.465625 0.0390625 0.021875
71 0.35546875 0.48984375 0.0609375 0.04375
71 0.86171875 0.57578125 0.0796875 0.0703125
71 0.321875 0.32265625 0.0296875 0.059375
33 0.88125 0.32421875 0.0375 0.08125
33 0.675 0.215625 0.0203125 0.0609375
71 0.34609375 0.246875 0.015625 0.0421875
72 0.52421875 0.128125 0.053125 0.0734375
33 0.85703125 0.3296875 0.046875 0.0828125
73 0.696875 0.2140625 0.0328125 0.065625
73 0.86953125 0.20703125 0.034375 0.0578125
71 0.64453125 0.4171875 0.7109375 0.609375