70 0.76484375 0.47578125 0.44375 0.8234375
65 0.3046875 0.1453125 0.340625 0.275
66 0.27890625 0.62578125 0.3890625 0.4328125
68 0.11484375 0.3953125 0.1015625 0.1171875
69 0.3328125 0.9203125 0.5640625 0.146875
38 0.509375 0.4484375 0.0171875 0.028125
38 0.5125 0.38203125 0.0359375 0.05
38 0.5046875 0.44375 0.0171875 0.034375
38 0.496875 0.44140625 0.015625 0.028125
38 0.4734375 0.434375 0.025 0.034375
38 0.4828125 0.4390625 0.0203125 0.0296875
38 0.4890625 0.43984375 0.021875 0.034375
38 0.47578125 0.40703125 0.025 0.034375
38 0.48046875 0.4015625 0.034375 0.05625
38 0.49140625 0.3890625 0.0390625 0.053125
38 0.4921875 0.371875 0.0328125 0.04375