0 0.40546875 0.56640625 0.53125 0.678125
0 0.28671875 0.4328125 0.2 0.4265625
0 0.73671875 0.61015625 0.290625 0.7484375
0 0.86484375 0.63359375 0.2703125 0.6734375
39 0.62265625 0.50390625 0.0640625 0.0390625
40 0.65 0.57109375 0.09375 0.0578125
66 0.15234375 0.66875 0.2015625 0.328125
0 0.56953125 0.3421875 0.1875 0.38125
0 0.59375 0.671875 0.3125 0.6390625
39 0.225 0.32109375 0.0359375 0.1703125
39 0.16171875 0.3046875 0.03125 0.1296875
39 0.13984375 0.30625 0.021875 0.121875
39 0.12578125 0.30625 0.0296875 0.1234375
39 0.0984375 0.3234375 0.0421875 0.1546875
39 0.19296875 0.303125 0.0296875 0.1296875
39 0.00390625 0.36015625 0.0078125 0.0328125