2 0.87109375 0.628125 0.065625 0.13125
0 0.65625 0.53046875 0.0375 0.0859375
0 0.72890625 0.5328125 0.028125 0.08125
12 0.17734375 0.63203125 0.075 0.0796875
12 0.5453125 0.565625 0.175 0.175
12 0.46640625 0.57578125 0.0515625 0.071875
12 0.95859375 0.80859375 0.0828125 0.2421875
12 0.2171875 0.615625 0.0640625 0.0671875
12 0.11484375 0.6546875 0.121875 0.1171875
12 0.2421875 0.60703125 0.0421875 0.053125
0 0.68125 0.55703125 0.0296875 0.0765625
0 0.70546875 0.5203125 0.0453125 0.0921875
12 0.24921875 0.59765625 0.0546875 0.0578125
12 0.28046875 0.58984375 0.03125 0.0375
12 0.2984375 0.58203125 0.025 0.0296875
12 0.33515625 0.5703125 0.028125 0.028125
67 0.45859375 0.56015625 0.06875 0.0796875
0 0.65 0.5296875 0.0390625 0.0875
12 0.31328125 0.57734375 0.025 0.0328125
12 0.48984375 0.43515625 0.9796875 0.6609375