12 0.9546875 0.65625 0.090625 0.0375
12 0.94921875 0.64609375 0.1015625 0.04609375
12 0.65859375 0.61796875 0.0296875 0.03515625
79 0.5734375 0.371875 0.0171875 0.06640625
79 0.44765625 0.371875 0.01875 0.06875
12 0.40390625 0.653125 0.1125 0.07734375
12 0.2828125 0.61484375 0.0953125 0.04609375
12 0.09375 0.59921875 0.025 0.0375
79 0.7703125 0.128125 0.04375 0.16484375
79 0.8234375 0.52265625 0.0171875 0.02109375
12 0.7703125 0.62265625 0.0140625 0.01484375
12 0.9140625 0.63828125 0.0328125 0.025
12 0.1953125 0.60390625 0.059375 0.05
12 0.12265625 0.59921875 0.03125 0.03515625
12 0.5296875 0.609375 0.028125 0.01484375
12 0.03984375 0.59375 0.0421875 0.025
79 0.71484375 0.52890625 0.0234375 0.01484375
2 0.5203125 0.63515625 0.0046875 0.01640625