33 0.33984375 0.26328125 0.065625 0.2359375
33 0.290625 0.2703125 0.0828125 0.25
33 0.3671875 0.1984375 0.0546875 0.2109375
33 0.2078125 0.2609375 0.08125 0.225
0 0.53828125 0.5 0.9234375 1
62 0.2125 0.53125 0.1984375 0.13125
0 0.2171875 0.3671875 0.0578125 0.0984375
0 0.0859375 0.41015625 0.0359375 0.0421875
0 0.10390625 0.1796875 0.0890625 0.134375
0 0.05625 0.44140625 0.0625 0.140625
62 0.5796875 0.4546875 0.096875 0.090625
0 0.36875 0.36328125 0.0265625 0.0515625
0 0.4125 0.34375 0.0359375 0.0703125
0 0.03359375 0.19375 0.0671875 0.103125
52 0.52890625 0.915625 0.1453125 0.16875