52 0.31328125 0.5875 0.0671875 0.121875
52 0.42734375 0.59140625 0.01875 0.0171875
52 0.07734375 0.6 0.040625 0.1234375
52 0.3890625 0.5890625 0.0671875 0.115625
52 0.43359375 0.584375 0.028125 0.1171875
0 0.475 0.50234375 0.0296875 0.1234375
0 0.49921875 0.5 0.021875 0.1
0 0.0609375 0.49453125 0.0671875 0.146875
0 0.1109375 0.4859375 0.0421875 0.15
0 0.440625 0.49296875 0.0203125 0.06875
52 0.34453125 0.584375 0.0625 0.1234375
55 0.32265625 0.67109375 0.3265625 0.215625
6 0.56171875 0.5609375 0.0171875 0.0125
52 0.18203125 0.5859375 0.0375 0.0921875
57 0.37109375 0.55703125 0.0546875 0.0140625
0 0.7875 0.50859375 0.046875 0.1375
0 0.4578125 0.48984375 0.015625 0.0546875
57 0.32578125 0.55859375 0.0359375 0.0109375
0 0.84140625 0.49609375 0.0296875 0.0296875
0 0.4234375 0.48515625 0.009375 0.0359375
0 0.01640625 0.5046875 0.0328125 0.16875
6 0.55859375 0.8921875 0.0796875 0.053125