26 0.6265625 0.54140625 0.0484375 0.07109375
52 0.2375 0.56640625 0.0546875 0.03984375
52 0.175 0.45625 0.078125 0.07890625
52 0.16015625 0.3875 0.040625 0.0625
52 0.16171875 0.30078125 0.059375 0.04140625
52 0.3140625 0.35625 0.040625 0.0375
0 0.56171875 0.60859375 0.2609375 0.59375
0 0.690625 0.73515625 0.2453125 0.47265625
0 0.403125 0.5 0.0875 0.12109375
0 0.2453125 0.24609375 0.05 0.08984375
0 0.24765625 0.08125 0.0859375 0.09609375
0 0.2109375 0.33515625 0.071875 0.1875
0 0.5640625 0.21953125 0.0625 0.1625
0 0.7515625 0.45234375 0.08125 0.11484375
52 0.26328125 0.48671875 0.0609375 0.04140625
52 0.21328125 0.51875 0.0828125 0.07890625
52 0.18984375 0.57265625 0.040625 0.04609375
52 0.16953125 0.35234375 0.028125 0.07265625
52 0.3875 0.35546875 0.0421875 0.04765625
52 0.76875 0.31171875 0.0546875 0.05
0 0.1 0.48515625 0.0625 0.13125
0 0.31875 0.253125 0.1234375 0.175
0 0.6328125 0.328125 0.071875 0.14609375
0 0.89609375 0.44921875 0.0390625 0.07890625
0 0.4609375 0.35 0.0609375 0.12265625
52 0.2109375 0.43125 0.0234375 0.04609375
0 0.36640625 0.33671875 0.2671875 0.48984375
52 0.5 0.290625 0.765625 0.51875