50 0.1046875 0.64609375 0.034375 0.02265625
50 0.11875 0.68359375 0.0359375 0.028125
50 0.1390625 0.64609375 0.0359375 0.02265625
50 0.15 0.68046875 0.0328125 0.02109375
50 0.1859375 0.6234375 0.0328125 0.02109375
0 0.10546875 0.3546875 0.2109375 0.5015625
50 0.0609375 0.721875 0.0421875 0.0296875
50 0.06796875 0.69765625 0.034375 0.02578125
50 0.1421875 0.721875 0.040625 0.028125
50 0.10703125 0.8625 0.0640625 0.04375
50 0.1484375 0.89765625 0.0640625 0.05703125
50 0.10234375 0.721875 0.04375 0.028125
50 0.1625 0.85078125 0.06171875 0.04609375
50 0.13671875 0.82578125 0.05859375 0.0359375
51 0.88828125 0.725 0.0421875 0.0421875
51 0.63515625 0.91484375 0.02421875 0.028125
51 0.6078125 0.915625 0.02578125 0.02578125
51 0.55625 0.9078125 0.0296875 0.04609375
51 0.5328125 0.90390625 0.028125 0.05078125
51 0.85390625 0.725 0.0390625 0.0375
51 0.7375 0.7203125 0.04609375 0.0375
51 0.7796875 0.72265625 0.0375 0.034375
51 0.815625 0.725 0.040625 0.0359375
50 0.10078125 0.771875 0.19765625 0.31875