53 0.62109375 0.6234375 0.3546875 0.28125
52 0.9390625 0.77578125 0.1109375 0.4171875
57 0.4171875 0.684375 0.3703125 0.3109375
0 0.68671875 0.6078125 0.2390625 0.3453125
0 0.58671875 0.5390625 0.0703125 0.08125
0 0.54609375 0.51015625 0.0953125 0.0984375
71 0.259375 0.3265625 0.0125 0.0546875
71 0.50546875 0.671875 0.0671875 0.046875
71 0.4125 0.65078125 0.0546875 0.0484375
71 0.5140625 0.56171875 0.0515625 0.0359375
71 0.084375 0.6734375 0.0265625 0.0859375
71 0.453125 0.653125 0.025 0.0125
71 0.240625 0.415625 0.0140625 0.0640625
0 0.6046875 0.4984375 0.046875 0.0453125
0 0.06015625 0.590625 0.1203125 0.284375
71 0.24609375 0.325 0.028125 0.053125
71 0.2484375 0.409375 0.0171875 0.075
71 0.34296875 0.5140625 0.0171875 0.0640625
71 0.20078125 0.39609375 0.0203125 0.0828125
71 0.2390625 0.38984375 0.00625 0.0171875
73 0.21953125 0.2 0.0375 0.0578125
71 0.253125 0.5859375 0.028125 0.01875
52 0.0984375 0.59921875 0.196875 0.2484375
71 0.3234375 0.5015625 0.021875 0.028125