13 0.3609375 0.62265625 0.721875 0.70625
0 0.60625 0.31953125 0.0375 0.10625
0 0.696875 0.38203125 0.090625 0.13125
0 0.42734375 0.17265625 0.090625 0.13125
0 0.93203125 0.84453125 0.1359375 0.2875
0 0.2546875 0.92265625 0.0953125 0.15390625
0 0.6390625 0.95859375 0.065625 0.08125
0 0.73671875 0.9859375 0.0390625 0.028125
0 0.55234375 0.28359375 0.04375 0.10390625
0 0.1796875 0.96953125 0.0625 0.06015625
18 0.62109375 0.25546875 0.4546875 0.35625
0 0.7296875 0.971875 0.075 0.05625
0 0.02890625 0.96953125 0.0578125 0.06015625
0 0.103125 0.96171875 0.053125 0.06875
0 0.39453125 0.95390625 0.1671875 0.09140625
0 0.64453125 0.8375 0.4421875 0.32109375