12 0.8359375 0.29296875 0.0515625 0.0421875
12 0.9734375 0.33671875 0.053125 0.0484375
12 0.98203125 0.278125 0.0359375 0.03125
12 0.71015625 0.30703125 0.0359375 0.0453125
56 0.4671875 0.48828125 0.9234375 0.6625
67 0.7390625 0.2953125 0.0484375 0.059375
79 0.05625 0.565625 0.0546875 0.1421875
79 0.49296875 0.49609375 0.04375 0.125
12 0.91015625 0.290625 0.0484375 0.0453125
12 0.7796875 0.29921875 0.0390625 0.0390625
12 0.96640625 0.31328125 0.05625 0.0421875
12 0.659375 0.3046875 0.040625 0.0421875
12 0.60546875 0.29296875 0.0453125 0.0421875
12 0.3875 0.26328125 0.03125 0.0203125
67 0.51875 0.278125 0.0671875 0.0765625
67 0.9734375 0.33671875 0.053125 0.0546875