12 0.85546875 0.3296875 0.05625 0.046875
12 0.9796875 0.3859375 0.040625 0.053125
12 0.99140625 0.3296875 0.0171875 0.034375
12 0.7296875 0.3296875 0.040625 0.0484375
56 0.48046875 0.484375 0.9609375 0.753125
67 0.75859375 0.321875 0.053125 0.0640625
79 0.05234375 0.51875 0.06875 0.146875
79 0.49375 0.4953125 0.0578125 0.1296875
12 0.9296875 0.334375 0.053125 0.05
12 0.7984375 0.3296875 0.04375 0.04375
12 0.9765625 0.36328125 0.046875 0.0484375
12 0.67890625 0.321875 0.0453125 0.0453125
12 0.6265625 0.30546875 0.05 0.046875
12 0.41328125 0.253125 0.0328125 0.0234375
67 0.54140625 0.28125 0.075 0.0828125
67 0.9796875 0.3859375 0.040625 0.059375