78 0.1765625 0.50859375 0.271875 0.1171875
0 0.7671875 0.56484375 0.465625 0.8328125
78 0.35 0.49765625 0.025 0.01875
78 0.43359375 0.49453125 0.01875 0.021875
78 0.38515625 0.49296875 0.025 0.0234375
17 0.85859375 0.7015625 0.246875 0.5609375
17 0.478125 0.84921875 0.1 0.28125
0 0.17890625 0.48984375 0.015625 0.0265625
0 0.2296875 0.4921875 0.0140625 0.021875
0 0.140625 0.50078125 0.015625 0.021875
78 0.47421875 0.4890625 0.0203125 0.0296875
78 0.03046875 0.51953125 0.0609375 0.0296875
0 0.15234375 0.50078125 0.0109375 0.01875
0 0.24765625 0.496875 0.0109375 0.0125
0 0.24375 0.48984375 0.0078125 0.0171875
0 0.203125 0.4890625 0.01875 0.0359375
0 0.19296875 0.4921875 0.0078125 0.028125
0 0.51015625 0.684375 0.3515625 0.63125