3 0.52109375 0.4 0.075 0.05625
0 0.1859375 0.80078125 0.365625 0.3984375
0 0.37578125 0.8171875 0.24453125 0.365625
0 0.78203125 0.75390625 0.1546875 0.2875
0 0.54453125 0.6515625 0.05859375 0.0640625
0 0.2515625 0.6734375 0.10625 0.165625
0 0.50546875 0.71953125 0.09609375 0.25625
0 0.46484375 0.71484375 0.12109375 0.2203125
0 0.88203125 0.73828125 0.0859375 0.2578125
36 0.05390625 0.975 0.07109375 0.0484375
0 0.609375 0.7578125 0.15625 0.2859375
0 0.9640625 0.77109375 0.071875 0.2734375
0 0.70546875 0.73515625 0.0859375 0.2625
0 0.05234375 0.6703125 0.09375 0.14375
0 0.05234375 0.77734375 0.1046875 0.1453125
17 0.54921875 0.7609375 0.025 0.0515625
0 0.478125 0.73671875 0.95625 0.2953125