7 0.14375 0.55546875 0.284375 0.85625
60 0.68515625 0.56171875 0.628125 0.83515625
7 0.63828125 0.2625 0.0296875 0.04140625
7 0.83828125 0.409375 0.0375 0.05859375
7 0.86328125 0.37734375 0.03125 0.0375
7 0.86953125 0.4875 0.0359375 0.06484375
63 0.74140625 0.68671875 0.5171875 0.25625
71 0.50546875 0.40390625 0.1515625 0.04765625
71 0.528125 0.43671875 0.1046875 0.04765625
71 0.53515625 0.48515625 0.0765625 0.06484375
71 0.51640625 0.52890625 0.0953125 0.05625
75 0.490625 0.29453125 0.1953125 0.2
75 0.09921875 0.2 0.1984375 0.17734375