28 0.20078125 0.50390625 0.0140625 0.0421875
29 0.16875 0.6234375 0.009375 0.0171875
12 0.3828125 0.19296875 0.0265625 0.0265625
12 0.36171875 0.19140625 0.0234375 0.0265625
29 0.7953125 0.5328125 0.0109375 0.0140625
0 0.11796875 0.59453125 0.0328125 0.1203125
0 0.1484375 0.61015625 0.046875 0.084375
0 0.8140625 0.40546875 0.0234375 0.071875
0 0.2015625 0.25390625 0.0109375 0.0421875
0 0.08046875 0.0796875 0.0125 0.0421875
0 0.0375 0.9390625 0.0546875 0.1078125
0 0.20625 0.5703125 0.0578125 0.1234375
0 0.7984375 0.5390625 0.046875 0.103125
0 0.14765625 0.2890625 0.0125 0.0296875
0 0.21328125 0.26171875 0.01875 0.0453125
0 0.16171875 0.4421875 0.0234375 0.06875
0 0.0546875 0.36328125 0.01875 0.0296875
0 0.1890625 0.19296875 0.0078125 0.0234375
0 0.43515625 0.51328125 0.8703125 0.9734375