52 0.18671875 0.834375 0.1921875 0.265625
52 0.07421875 0.8109375 0.1484375 0.3
52 0.0484375 0.7203125 0.096875 0.18125
0 0.38359375 0.4140625 0.2078125 0.240625
0 0.2671875 0.38984375 0.0890625 0.146875
0 0.0296875 0.35546875 0.0515625 0.165625
36 0.428125 0.61015625 0.0453125 0.08125
36 0.16171875 0.4765625 0.03125 0.0453125
36 0.5703125 0.66875 0.03125 0.05625
36 0.3109375 0.534375 0.025 0.040625
37 0.2578125 0.58359375 0.0828125 0.0453125
37 0.51875 0.76015625 0.1 0.065625
39 0.653125 0.84609375 0.10625 0.0734375
39 0.3140625 0.62578125 0.08125 0.040625
39 0.70390625 0.7109375 0.06875 0.0234375
57 0.678125 0.809375 0.621875 0.38125
57 0.21171875 0.6359375 0.384375 0.359375
57 0.1015625 0.4921875 0.203125 0.325
57 0.36484375 0.7609375 0.440625 0.465625
35 0.1890625 0.45390625 0.0265625 0.071875
36 0.23359375 0.49609375 0.034375 0.05
36 0.1078125 0.4015625 0.0421875 0.0546875
36 0.12265625 0.36953125 0.0140625 0.015625
38 0.65 0.84296875 0.13125 0.065625
38 0.70546875 0.71875 0.1 0.04375
38 0.31875 0.625 0.103125 0.034375
35 0.1234375 0.38359375 0.0171875 0.0453125
35 0.21171875 0.4390625 0.025 0.0640625
36 0.58984375 0.66875 0.0328125 0.0578125
36 0.3296875 0.53125 0.0234375 0.040625
36 0.06953125 0.38125 0.01875 0.0140625
36 0.81015625 0.80703125 0.0671875 0.1015625
36 0.0640625 0.409375 0.0234375 0.0359375
36 0.2640625 0.46796875 0.028125 0.0390625
37 0.4875 0.6015625 0.071875 0.021875
37 0.859375 0.7734375 0.0390625 0.025
54 0.059375 0.25390625 0.0703125 0.15625
53 0.2453125 0.384375 0.059375 0.0890625
53 0.7171875 0.60625 0.565625 0.4125
36 0.15 0.421875 0.1640625 0.1703125