23 0.4875 0.4953125 0.7203125 0.8703125
0 0.77734375 0.290625 0.2578125 0.58125
0 0.6375 0.18515625 0.178125 0.3703125
0 0.9078125 0.1109375 0.103125 0.221875
0 0.39453125 0.16640625 0.2234375 0.3296875
0 0.12890625 0.51875 0.2578125 0.928125
0 0.20703125 0.29140625 0.1859375 0.2046875
0 0.56875 0.221875 0.084375 0.2
0 0.13515625 0.1953125 0.0703125 0.090625
23 0.203125 0.5109375 0.3390625 0.528125
52 0.9140625 0.24609375 0.121875 0.1578125
0 0.76484375 0.021875 0.0484375 0.04375
52 0.92890625 0.3765625 0.1421875 0.3125