1 0.43671875 0.51640625 0.1140625 0.1859375
12 0.23359375 0.4015625 0.203125 0.14609375
12 0.69765625 0.38671875 0.225 0.16328125
12 0.80078125 0.38046875 0.1 0.09453125
12 0.5125 0.36953125 0.15 0.08125
30 0.0359375 0.72578125 0.0703125 0.05
30 0.34140625 0.47109375 0.0375 0.02265625
30 0.8671875 0.50234375 0.0609375 0.02734375
0 0.63828125 0.6 0.2953125 0.8
0 0.3375 0.38203125 0.0515625 0.178125
0 0.8765625 0.40546875 0.0609375 0.184375
0 0.45390625 0.35703125 0.03125 0.075
0 0.05 0.39765625 0.040625 0.171875
0 0.48203125 0.428125 0.1109375 0.240625
0 0.91171875 0.38515625 0.034375 0.1609375
12 0.95703125 0.36328125 0.0703125 0.0984375
67 0.91640625 0.290625 0.121875 0.0921875
17 0.871875 0.35703125 0.034375 0.0375
30 0.96015625 0.42265625 0.0265625 0.00859375
30 0.9921875 0.40703125 0.015625 0.01015625
0 0.96640625 0.36640625 0.034375 0.1109375
0 0.7 0.30625 0.0484375 0.07109375
0 0.99375 0.3609375 0.0125 0.0796875
0 0.01328125 0.40703125 0.0265625 0.2171875
79 0.97578125 0.01484375 0.0375 0.02890625
30 0.91328125 0.4515625 0.0203125 0.01640625
0 0.14765625 0.3453125 0.028125 0.10078125
12 0.17734375 0.35234375 0.046875 0.05
12 0.37734375 0.36328125 0.0328125 0.0609375
0 0.4265625 0.3671875 0.68125 0.15703125