0 0.5234375 0.92734375 0.0109375 0.0390625
0 0.80703125 0.9171875 0.0109375 0.0515625
0 0.8921875 0.91875 0.015625 0.0578125
0 0.215625 0.9171875 0.025 0.0671875
27 0.753125 0.5390625 0.159375 0.1828125
27 0.1890625 0.2078125 0.0796875 0.0578125
27 0.6015625 0.66796875 0.03125 0.0484375
27 0.71796875 0.7125 0.2125 0.153125
0 0.35703125 0.95546875 0.040625 0.071875
0 0.06328125 0.93046875 0.0421875 0.1234375
12 0.128125 0.90546875 0.1375 0.1265625
12 0.43125 0.9 0.028125 0.015625
0 0.58125 0.921875 0.00625 0.0328125
0 0.57265625 0.91875 0.0109375 0.0296875
12 0.28828125 0.91796875 0.0390625 0.0328125
12 0.51328125 0.89375 0.0125 0.01875
27 0.66328125 0.41640625 0.00625 0.009375
27 0.68359375 0.3859375 0.0265625 0.021875
0 0.2390625 0.8890625 0.00625 0.01875
0 0.7328125 0.92578125 0.0046875 0.021875