12 0.91796875 0.44921875 0.14375 0.0734375
12 0.1796875 0.49296875 0.0515625 0.053125
67 0.3515625 0.446875 0.325 0.146875
67 0.68828125 0.41796875 0.2515625 0.1796875
0 0.7453125 0.446875 0.028125 0.053125
0 0.6390625 0.4609375 0.0296875 0.090625
0 0.67734375 0.45859375 0.0359375 0.071875
0 0.58515625 0.46328125 0.028125 0.0859375
0 0.0796875 0.48203125 0.0203125 0.0609375
12 0.8015625 0.38828125 0.0171875 0.0296875
5 0.18359375 0.5703125 0.2046875 0.0890625
5 0.37578125 0.50546875 0.10625 0.025
5 0.7046875 0.4890625 0.0890625 0.034375
5 0.06875 0.55546875 0.053125 0.0734375
0 0.628125 0.4625 0.0203125 0.0859375
0 0.80234375 0.43515625 0.0140625 0.021875
0 0.665625 0.43359375 0.01875 0.0421875
0 0.76328125 0.45390625 0.0109375 0.0359375
0 0.41640625 0.4703125 0.0296875 0.046875
0 0.33046875 0.434375 0.021875 0.0546875
12 0.05 0.46484375 0.0703125 0.0515625
5 0.81875 0.48203125 0.040625 0.0296875
12 0.15 0.44609375 0.0453125 0.0203125
5 0.45234375 0.509375 0.0453125 0.034375
12 0.13046875 0.48046875 0.0890625 0.0484375
12 0.10234375 0.4640625 0.0390625 0.0375
57 0.7046875 0.4546875 0.0484375 0.0109375
57 0.478125 0.47109375 0.05625 0.015625