31 0.3171875 0.796875 0.553125 0.10234375
31 0.49765625 0.7328125 0.2078125 0.0703125
31 0.5734375 0.6375 0.078125 0.028125
0 0.8125 0.490625 0.1453125 0.13515625
0 0.615625 0.66875 0.3484375 0.13515625
0 0.85546875 0.134375 0.021875 0.1234375
0 0.3234375 0.1296875 0.0359375 0.14921875
0 0.60078125 0.16171875 0.0328125 0.109375
0 0.89453125 0.18515625 0.0265625 0.04453125
0 0.83203125 0.1015625 0.040625 0.10234375
0 0.33203125 0.74921875 0.1984375 0.21015625
0 0.5828125 0.16796875 0.0390625 0.071875
0 0.55234375 0.16328125 0.025 0.071875