31 0.93125 0.60546875 0.0796875 0.0859375
0 0.834375 0.60859375 0.0890625 0.3015625
0 0.94765625 0.6265625 0.0828125 0.234375
0 0.484375 0.57421875 0.028125 0.0703125
0 0.50390625 0.57734375 0.0265625 0.0734375
0 0.6390625 0.58359375 0.0109375 0.028125
0 0.76875 0.6 0.009375 0.0265625
0 0.72265625 0.596875 0.009375 0.0265625
0 0.684375 0.590625 0.0125 0.034375
0 0.74453125 0.60390625 0.0140625 0.0421875
0 0.5953125 0.58203125 0.0046875 0.021875
0 0.73046875 0.5984375 0.0125 0.0296875
0 0.9046875 0.6328125 0.0171875 0.04375
0 0.1078125 0.53828125 0.0421875 0.1359375
0 0.73984375 0.59921875 0.125 0.090625