7 0.5234375 0.33359375 0.309375 0.33125
33 0.71875 0.4578125 0.0640625 0.146875
33 0.67734375 0.471875 0.0390625 0.1296875
33 0.784375 0.4515625 0.053125 0.1515625
33 0.8171875 0.4453125 0.0390625 0.1640625
70 0.74765625 0.74765625 0.271875 0.453125
40 0.11953125 0.98828125 0.0734375 0.0234375
65 0.9125 0.82421875 0.175 0.2453125
33 0.69140625 0.434375 0.0203125 0.059375
69 0.19609375 0.96640625 0.2171875 0.0671875
33 0.30234375 0.8671875 0.0625 0.128125
33 0.7046875 0.41171875 0.0203125 0.0625
33 0.1609375 0.8734375 0.05 0.1140625