8 0.2625 0.33984375 0.2015625 0.159375
57 0.490625 0.7859375 0.98125 0.334375
43 0.6421875 0.68515625 0.2734375 0.1140625
43 0.465625 0.80078125 0.134375 0.1203125
43 0.65 0.525 0.171875 0.1140625
36 0.4046875 0.6640625 0.1515625 0.1984375
36 0.16328125 0.71640625 0.1890625 0.0953125
43 0.521875 0.6390625 0.0890625 0.0578125
43 0.4671875 0.5234375 0.0796875 0.084375
43 0.46875 0.6828125 0.140625 0.071875
43 0.728125 0.82421875 0.115625 0.084375
43 0.51171875 0.8359375 0.084375 0.096875
36 0.9515625 0.77890625 0.0546875 0.0859375
43 0.64453125 0.82890625 0.0984375 0.0984375
43 0.43671875 0.78125 0.1609375 0.0984375
51 0.57109375 0.81484375 0.1078125 0.115625
0 0.40546875 0.4796875 0.6546875 0.4578125
43 0.5734375 0.81640625 0.1015625 0.1203125
43 0.7 0.77890625 0.06875 0.05
43 0.52578125 0.53359375 0.0953125 0.0859375
43 0.41328125 0.765625 0.0640625 0.065625