1 0.43046875 0.7671875 0.0359375 0.1171875
12 0.7109375 0.75078125 0.153125 0.2109375
12 0.971875 0.70234375 0.05625 0.09609375
12 0.77890625 0.68515625 0.046875 0.06796875
12 0.8640625 0.6765625 0.05625 0.05859375
12 0.9125 0.66484375 0.0453125 0.0609375
23 0.815625 0.8609375 0.09375 0.20859375
23 0.853125 0.73046875 0.040625 0.05625
23 0.92578125 0.80703125 0.065625 0.1453125
0 0.8140625 0.74921875 0.0796875 0.15234375
0 0.5234375 0.53828125 0.059375 0.13125
0 0.32265625 0.7390625 0.0265625 0.159375
0 0.27265625 0.7625 0.0390625 0.13828125
0 0.2921875 0.74921875 0.0375 0.1171875
0 0.3421875 0.7015625 0.03125 0.0515625
0 0.3609375 0.7515625 0.046875 0.14765625
0 0.4375 0.7296875 0.034375 0.1359375
18 0.34453125 0.625 0.084375 0.06328125
13 0.51875 0.70625 0.140625 0.31640625
0 0.9328125 0.75859375 0.059375 0.18046875
0 0.853125 0.7328125 0.0390625 0.140625
0 0.79921875 0.6953125 0.028125 0.065625
18 0.42578125 0.63203125 0.059375 0.04453125
18 0.37734375 0.38671875 0.078125 0.0703125
1 0.3640625 0.78125 0.0546875 0.11015625
1 0.3375 0.78203125 0.0109375 0.09375
23 0.79375 0.7140625 0.0171875 0.028125
23 0.5796875 0.7421875 0.0671875 0.046875
67 0.91484375 0.6671875 0.05 0.065625
67 0.196875 0.72578125 0.2 0.196875
12 0.934375 0.66640625 0.0203125 0.05859375
12 0.99375 0.65 0.0125 0.01171875
12 0.1984375 0.7234375 0.21875 0.21328125
67 0.05703125 0.709375 0.1109375 0.20859375
0 0.040625 0.76015625 0.0625 0.20625
12 0.94921875 0.66953125 0.0203125 0.0515625
0 0.47890625 0.65 0.9578125 0.47109375