6 0.453125 0.4046875 0.31875 0.1
6 0.16328125 0.07734375 0.32109375 0.153125
6 0.59375 0.60546875 0.05234375 0.015625
6 0.11953125 0.64765625 0.22890625 0.1078125
6 0.81484375 0.6640625 0.26875 0.1296875
6 0.71171875 0.70703125 0.21015625 0.0421875
6 0.48125 0.7421875 0.30390625 0.090625
6 0.59375 0.82421875 0.18359375 0.0515625
6 0.68984375 0.5640625 0.475 0.1203125
6 0.86875 0.8421875 0.2 0.1015625
6 0.54375 0.90625 0.22109375 0.1359375
6 0.11328125 0.840625 0.05859375 0.0578125
6 0.8734375 0.45703125 0.253125 0.1015625
6 0.34296875 0.8953125 0.18515625 0.0671875
6 0.49921875 0.53828125 0.99765625 0.9203125