28 0.221875 0.23203125 0.246875 0.065625
0 0.52109375 0.53359375 0.459375 0.8171875
0 0.91015625 0.50625 0.1328125 0.1546875
0 0.68046875 0.55234375 0.0484375 0.06875
0 0.82265625 0.3359375 0.0625 0.15625
0 0.85546875 0.36328125 0.071875 0.134375
0 0.79921875 0.48125 0.075 0.1984375
0 0.24140625 0.4578125 0.0796875 0.11875
0 0.13828125 0.46015625 0.05 0.1296875
0 0.17890625 0.4640625 0.1046875 0.128125
0 0.09140625 0.54453125 0.14375 0.1875
0 0.30703125 0.56953125 0.0765625 0.090625
20 0.70859375 0.54453125 0.0234375 0.075
29 0.04609375 0.665625 0.0921875 0.1
0 0.93046875 0.35234375 0.08125 0.1859375
0 0.70703125 0.49375 0.134375 0.1890625
0 0.5 0.33984375 1 0.6796875