28 0.25625 0.5703125 0.0078125 0.0203125
0 0.26640625 0.72734375 0.0609375 0.171875
26 0.35546875 0.575 0.00625 0.009375
0 0.7421875 0.759375 0.0875 0.203125
0 0.85078125 0.6953125 0.0640625 0.1375
0 0.825 0.6375 0.0625 0.159375
0 0.21328125 0.2046875 0.0125 0.0265625
0 0.5578125 0.17890625 0.015625 0.028125
0 0.44609375 0.52890625 0.028125 0.046875
0 0.8328125 0.19375 0.015625 0.0265625
0 0.275 0.6046875 0.053125 0.115625
0 0.3515625 0.5453125 0.025 0.04375
0 0.18203125 0.62734375 0.0421875 0.0921875
29 0.22265625 0.61875 0.0109375 0.015625
29 0.8546875 0.51484375 0.009375 0.0125
0 0.2203125 0.59921875 0.0296875 0.053125
0 0.84375 0.54140625 0.0515625 0.1171875
0 0.5 0.5 1 1