0 0.76796875 0.515625 0.03125 0.025
0 0.48671875 0.68671875 0.171875 0.4609375
0 0.3625 0.72265625 0.2765625 0.5203125
0 0.828125 0.56484375 0.05625 0.109375
17 0.928125 0.60859375 0.0453125 0.053125
0 0.8734375 0.6140625 0.0859375 0.2390625
0 0.2203125 0.66796875 0.20625 0.3859375
0 0.93359375 0.6171875 0.05 0.1984375
0 0.1671875 0.59453125 0.1359375 0.23125
0 0.05703125 0.5109375 0.1140625 0.0734375
0 0.91328125 0.60390625 0.109375 0.225
19 0.92578125 0.61328125 0.0578125 0.059375
0 0.7125 0.71953125 0.221875 0.540625
0 0.959375 0.5703125 0.0484375 0.1234375