52 0.25390625 0.61875 0.115625 0.14296875
52 0.2984375 0.6171875 0.0859375 0.12890625
52 0.0484375 0.734375 0.0953125 0.30078125
52 0.94140625 0.73359375 0.1171875 0.2984375
52 0.93515625 0.5953125 0.1015625 0.16171875
0 0.534375 0.52578125 0.15 0.196875
0 0.82890625 0.38828125 0.1953125 0.7765625
0 0.096875 0.515625 0.19375 0.5328125
49 0.65234375 0.70078125 0.13125 0.0375
49 0.77734375 0.8859375 0.3203125 0.09375
49 0.42109375 0.7078125 0.1296875 0.03984375
49 0.18046875 0.821875 0.215625 0.065625
49 0.509375 0.6171875 0.0515625 0.009375
38 0.821875 0.8203125 0.075 0.06328125
57 0.50078125 0.80390625 0.9984375 0.36875
0 0.91640625 0.678125 0.071875 0.07265625