40 0.52890625 0.50390625 0.7890625 0.96875
46 0.59453125 0.728125 0.0703125 0.12109375
46 0.37734375 0.66328125 0.0765625 0.10859375
47 0.56484375 0.784375 0.065625 0.10390625
47 0.76328125 0.43203125 0.0328125 0.0625
47 0.69765625 0.27109375 0.0296875 0.04765625
47 0.334375 0.453125 0.0421875 0.06015625
47 0.553125 0.56640625 0.065625 0.05234375
47 0.5078125 0.77109375 0.034375 0.05234375
46 0.31640625 0.59296875 0.0421875 0.06015625
46 0.3765625 0.32109375 0.0921875 0.07890625
46 0.6109375 0.2 0.021875 0.02890625
46 0.48515625 0.50234375 0.0375 0.05234375
46 0.47578125 0.28984375 0.0546875 0.08515625
46 0.7265625 0.709375 0.034375 0.08125
46 0.503125 0.17421875 0.05625 0.06875
46 0.2421875 0.47578125 0.0828125 0.10234375
47 0.3921875 0.52734375 0.0625 0.06640625
47 0.446875 0.55859375 0.0796875 0.05625