12 0.6953125 0.7640625 0.04375 0.08125
45 0.28359375 0.6578125 0.4625 0.446875
45 0.58671875 0.68359375 0.20625 0.290625
0 0.84453125 0.69375 0.0125 0.040625
0 0.89765625 0.68671875 0.009375 0.040625
0 0.9125 0.675 0.0109375 0.0375
0 0.83515625 0.69296875 0.0140625 0.0421875
0 0.80390625 0.6984375 0.015625 0.046875
0 0.928125 0.6765625 0.0109375 0.0421875
0 0.92421875 0.6515625 0.0125 0.03125
0 0.9375 0.6578125 0.00625 0.0171875
67 0.7875 0.6171875 0.0515625 0.03125
12 0.97578125 0.67734375 0.0328125 0.04375
12 0.83203125 0.62890625 0.046875 0.0234375
12 0.93203125 0.6453125 0.034375 0.0265625
0 0.44375 0.53828125 0.0328125 0.04375
0 0.95 0.65078125 0.009375 0.0234375
0 0.90390625 0.6640625 0.009375 0.034375
0 0.9328125 0.6515625 0.0078125 0.0296875
0 0.9765625 0.63671875 0.0078125 0.025
12 0.78671875 0.61796875 0.0515625 0.03125