53 0.44921875 0.20703125 0.584375 0.1859375
52 0.0671875 0.48125 0.134375 0.196875
57 0.56328125 0.6515625 0.665625 0.51875
57 0.0515625 0.1875 0.103125 0.096875
57 0.79296875 0.4359375 0.196875 0.1234375
0 0.2546875 0.4140625 0.34375 0.69375
0 0.728125 0.52734375 0.54375 0.9421875
0 0.5171875 0.1953125 0.1625 0.2515625
36 0.64765625 0.54609375 0.0921875 0.0875
60 0.53671875 0.515625 0.521875 0.7625
12 0.1 0.06953125 0.115625 0.075
36 0.55625 0.50078125 0.071875 0.0984375
52 0.12109375 0.496875 0.0734375 0.140625
52 0.23984375 0.7046875 0.3015625 0.590625
52 0.6640625 0.40078125 0.271875 0.3265625
52 0.48984375 0.36015625 0.2 0.234375
52 0.15390625 0.115625 0.065625 0.053125
52 0.01953125 0.35390625 0.0390625 0.0734375
52 0.07421875 0.15078125 0.090625 0.0875
52 0.01015625 0.1609375 0.0203125 0.0625
57 0.38984375 0.34921875 0.078125 0.0984375
36 0.7734375 0.33984375 0.046875 0.1015625
0 0.15625 0.26484375 0.1296875 0.24375
0 0.690625 0.25859375 0.2765625 0.4140625
0 0.07578125 0.31796875 0.1515625 0.2546875