12 0.940625 0.40625 0.11875 0.16875
12 0.546875 0.40078125 0.1078125 0.12421875
12 0.53671875 0.35 0.1234375 0.075
12 0.15859375 0.3796875 0.14375 0.0984375
12 0.03125 0.396875 0.0609375 0.1640625
12 0.07421875 0.3984375 0.078125 0.075
19 0.8375 0.47578125 0.0421875 0.12890625
19 0.32578125 0.67109375 0.0359375 0.17578125
19 0.71015625 0.43828125 0.0609375 0.1875
19 0.6078125 0.434375 0.0734375 0.1828125
21 0.2890625 0.4765625 0.0984375 0.2109375
0 0.6171875 0.47421875 0.0890625 0.39609375
0 0.80078125 0.47109375 0.084375 0.3703125
0 0.72421875 0.49296875 0.1046875 0.39375
0 0.28046875 0.5078125 0.165625 0.6203125
0 0.4328125 0.5546875 0.146875 0.68828125
0 0.8859375 0.38046875 0.028125 0.14296875
0 0.8578125 0.38046875 0.025 0.11484375
0 0.83984375 0.346875 0.021875 0.05859375
12 0.846875 0.40546875 0.021875 0.0609375
12 0.6671875 0.3640625 0.046875 0.03515625
12 0.04765625 0.3515625 0.0828125 0.05859375
12 0.69453125 0.35625 0.040625 0.0234375
12 0.35859375 0.39375 0.059375 0.11953125
21 0.38515625 0.66484375 0.0484375 0.17578125
12 0.665625 0.40546875 0.0390625 0.1078125
12 0.34765625 0.32890625 0.0453125 0.01640625
12 0.2796875 0.34296875 0.484375 0.05390625