33 0.3875 0.56640625 0.025 0.11015625
33 0.228125 0.85390625 0.0328125 0.11875
33 0.63671875 0.90390625 0.034375 0.13515625
5 0.584375 0.60546875 0.540625 0.48359375
0 0.71640625 0.54453125 0.2015625 0.77890625
0 0.48125 0.58203125 0.23125 0.78359375
0 0.20859375 0.5875 0.2625 0.70390625
0 0.64453125 0.13671875 0.10625 0.16484375
0 0.70546875 0.109375 0.0328125 0.10625
0 0.62734375 0.15234375 0.0484375 0.14609375
0 0.4078125 0.09921875 0.0484375 0.1375
0 0.390625 0.09609375 0.0203125 0.12109375
0 0.15234375 0.09453125 0.0515625 0.09609375
0 0.29765625 0.07890625 0.0375 0.08359375
0 0.365625 0.10546875 0.0484375 0.14375
5 0.1234375 0.11484375 0.0546875 0.06875
19 0.65 0.23125 0.034375 0.0625
33 0.33125 0.075 0.00625 0.025
0 0.240625 0.07890625 0.03125 0.08515625
17 0.65234375 0.23046875 0.034375 0.0625
37 0.334375 0.603125 0.0296875 0.01484375
37 0.4546875 0.53125 0.03125 0.00859375
5 0.69765625 0.15390625 0.0890625 0.10625
5 0.2453125 0.08203125 0.05 0.03359375
19 0.43046875 0.13984375 0.0203125 0.02734375