0 0.659375 0.534375 0.28125 0.45625
0 0.21328125 0.5296875 0.1390625 0.43125
0 0.06171875 0.48828125 0.1234375 0.446875
0 0.93828125 0.76328125 0.1234375 0.425
49 0.69453125 0.765625 0.1640625 0.065625
49 0.2375 0.853125 0.1125 0.071875
49 0.7546875 0.93515625 0.203125 0.128125
49 0.20390625 0.89296875 0.2328125 0.128125
36 0.8359375 0.8265625 0.0375 0.090625
36 0.8953125 0.87890625 0.0453125 0.103125
47 0.9109375 0.66328125 0.028125 0.0328125
49 0.43671875 0.928125 0.2328125 0.1359375
52 0.1484375 0.64765625 0.03125 0.115625
39 0.58125 0.71953125 0.0390625 0.0375
46 0.0921875 0.83125 0.071875 0.075
49 0.94921875 0.6359375 0.0671875 0.0890625
43 0.09140625 0.76328125 0.0296875 0.01875
43 0.0859375 0.7359375 0.0203125 0.0328125