43 0.39765625 0.6703125 0.2484375 0.3421875
40 0.18515625 0.23828125 0.3703125 0.4640625
40 0.809375 0.17421875 0.365625 0.3484375
41 0.39453125 0.284375 0.234375 0.253125
44 0.66796875 0.3578125 0.2109375 0.21875
44 0.221875 0.534375 0.0921875 0.16875
42 0.28515625 0.4078125 0.0828125 0.1375
42 0.33046875 0.55859375 0.1421875 0.15
47 0.81328125 0.14453125 0.0609375 0.0671875
47 0.89453125 0.16328125 0.0703125 0.05625
47 0.775 0.01640625 0.03125 0.0328125
47 0.6734375 0.02265625 0.034375 0.0453125
47 0.7234375 0.03203125 0.05 0.0640625
47 0.95859375 0.01953125 0.0359375 0.0390625
57 0.5 0.5 1 1
42 0.5359375 0.2828125 0.078125 0.1703125
42 0.43125 0.396875 0.075 0.1625
43 0.53828125 0.76015625 0.2453125 0.409375
43 0.64921875 0.60703125 0.284375 0.340625