20 0.14453125 0.32265625 0.0171875 0.046875
57 0.70390625 0.8234375 0.421875 0.2875
0 0.2546875 0.25546875 0.353125 0.2859375
0 0.9171875 0.69921875 0.165625 0.3828125
0 0.51796875 0.3015625 0.2890625 0.484375
0 0.87578125 0.2703125 0.2484375 0.4453125
0 0.2265625 0.20078125 0.03125 0.071875
0 0.83984375 0.23515625 0.0859375 0.09375
36 0.67265625 0.70859375 0.1234375 0.178125
36 0.5359375 0.55 0.084375 0.1609375
40 0.76328125 0.928125 0.1875 0.10625
49 0.2546875 0.42265625 0.425 0.16875
49 0.28515625 0.659375 0.553125 0.328125
49 0.2921875 0.8625 0.521875 0.275
49 0.7390625 0.29375 0.2921875 0.0890625
49 0.6703125 0.4265625 0.1515625 0.0890625
49 0.67421875 0.534375 0.1796875 0.1234375
0 0.6296875 0.06328125 0.05625 0.0625
36 0.72734375 0.70546875 0.0671875 0.1640625
36 0.58671875 0.95859375 0.1578125 0.0828125
36 0.759375 0.9296875 0.1859375 0.1046875
37 0.82421875 0.9015625 0.18125 0.1421875
49 0.59609375 0.26796875 0.0375 0.04375
0 0.11640625 0.28359375 0.2328125 0.3046875
0 0.36875 0.096875 0.140625 0.1796875
49 0.93515625 0.5265625 0.1296875 0.13125
49 0.80703125 0.52265625 0.1296875 0.0984375
0 0.17734375 0.18984375 0.065625 0.1078125
0 0.0421875 0.19453125 0.0671875 0.1203125
0 0.6703125 0.14609375 0.225 0.2921875
0 0.0125 0.21640625 0.025 0.0921875
38 0.88046875 0.7453125 0.1234375 0.0671875
36 0.9546875 0.50625 0.090625 0.184375