8 0.18203125 0.4484375 0.12421875 0.10859375
57 0.93125 0.2984375 0.128125 0.03046875
10 0.49921875 0.4203125 0.10390625 0.18671875
52 0.8140625 0.3828125 0.04375 0.0875
52 0.6046875 0.328125 0.04609375 0.07265625
52 0.990625 0.36484375 0.01796875 0.078125
0 0.16328125 0.2921875 0.07421875 0.2953125
0 0.06875 0.3 0.065625 0.2953125
0 0.08203125 0.1734375 0.034375 0.1203125
0 0.1546875 0.159375 0.10625 0.11171875
0 0.51484375 0.0921875 0.05 0.1234375
0 0.43671875 0.08125 0.065625 0.1265625
0 0.91328125 0.1171875 0.071875 0.1296875
0 0.4921875 0.25 0.04765625 0.23203125
0 0.37109375 0.26640625 0.0796875 0.36171875
10 0.55234375 0.42890625 0.06015625 0.171875
21 0.759375 0.26640625 0.071875 0.05703125
0 0.9390625 0.26328125 0.0859375 0.2828125
0 0.578125 0.21953125 0.0703125 0.15078125
52 0.321875 0.371875 0.0203125 0.13515625
0 0.0359375 0.27890625 0.06171875 0.340625
8 0.6328125 0.3671875 0.04375 0.10546875
8 0.93203125 0.375 0.04609375 0.09921875
8 0.31796875 0.40546875 0.0859375 0.06015625
0 0.02890625 0.14765625 0.0359375 0.10234375
0 0.54375 0.28125 0.9078125 0.490625