55 0.53828125 0.74765625 0.9203125 0.5046875
36 0.37109375 0.22890625 0.040625 0.053125
71 0.33359375 0.3375 0.140625 0.15625
71 0.3078125 0.2015625 0.0171875 0.1296875
71 0.35234375 0.028125 0.0140625 0.05625
71 0.32890625 0.20625 0.0125 0.11875
71 0.28125 0.2015625 0.0140625 0.13125
71 0.31796875 0.2 0.0125 0.1359375
71 0.39296875 0.184375 0.075 0.1359375
71 0.29765625 0.58359375 0.0421875 0.1015625
71 0.440625 0.1890625 0.0140625 0.1296875
71 0.290625 0.0265625 0.021875 0.053125
71 0.2953125 0.19921875 0.021875 0.134375
71 0.43046875 0.41640625 0.015625 0.1
71 0.42109375 0.41640625 0.0125 0.1046875
71 0.41953125 0.3765625 0.3078125 0.753125