54 0.8703125 0.5515625 0.090625 0.1234375
54 0.775 0.47109375 0.121875 0.1421875
54 0.953125 0.38828125 0.0609375 0.08125
54 0.909375 0.3984375 0.0296875 0.0625
54 0.496875 0.59609375 0.05 0.075
52 0.59140625 0.63984375 0.1296875 0.3671875
52 0.1109375 0.73671875 0.221875 0.4453125
57 0.675 0.78203125 0.625 0.4359375
0 0.71796875 0.51796875 0.2859375 0.5765625
0 0.4578125 0.5 0.596875 1
0 0.12421875 0.44765625 0.2484375 0.3234375
0 0.03828125 0.41953125 0.0765625 0.2609375
37 0.8390625 0.84375 0.1671875 0.1625
37 0.9296875 0.59921875 0.0875 0.0265625
38 0.721875 0.90625 0.28125 0.0765625
49 0.70703125 0.834375 0.1734375 0.1296875
49 0.68515625 0.4859375 0.0796875 0.11875
0 0.19296875 0.30703125 0.028125 0.0453125
8 0.84609375 0.6359375 0.1015625 0.0765625
47 0.91796875 0.73359375 0.071875 0.0515625
47 0.8203125 0.72265625 0.05 0.0328125
54 0.82890625 0.39375 0.0484375 0.071875
54 0.98203125 0.403125 0.0359375 0.0625
54 0.821875 0.56171875 0.0625 0.0921875
54 0.86796875 0.39765625 0.04375 0.06875
57 0.04140625 0.55859375 0.0828125 0.0234375
38 0.93203125 0.6109375 0.0703125 0.0125
47 0.92421875 0.740625 0.0375 0.0171875
47 0.95546875 0.65234375 0.0421875 0.021875