33 0.5 0.08984375 0.0875 0.17890625
33 0.775 0.01640625 0.065625 0.03125
57 0.5 0.5 1 1
0 0.028125 0.11953125 0.053125 0.21875
36 0.8578125 0.43828125 0.1515625 0.2875
36 0.68203125 0.0375 0.0609375 0.07109375
37 0.87890625 0.64453125 0.2421875 0.12109375
38 0.88125 0.69453125 0.2375 0.10390625
49 0.49296875 0.62734375 0.5546875 0.50859375
49 0.25234375 0.24609375 0.359375 0.325
49 0.85234375 0.27890625 0.2890625 0.275
37 0.07265625 0.27265625 0.078125 0.10234375
38 0.06875 0.34765625 0.1375 0.06015625
36 0.5734375 0.14609375 0.115625 0.22734375