0 0.2109375 0.71015625 0.0546875 0.1328125
0 0.2703125 0.73671875 0.0734375 0.146875
0 0.29375 0.66875 0.0609375 0.128125
0 0.396875 0.89296875 0.1 0.1453125
0 0.11953125 0.5703125 0.0265625 0.0609375
0 0.52578125 0.47890625 0.0171875 0.0421875
25 0.81640625 0.87734375 0.0984375 0.1578125
25 0.765625 0.89140625 0.05625 0.1390625
25 0.5359375 0.5375 0.05625 0.0484375
25 0.5296875 0.86640625 0.065625 0.1578125
25 0.26953125 0.9828125 0.0984375 0.034375
0 0.72890625 0.5421875 0.0578125 0.1390625
5 0.8078125 0.43515625 0.021875 0.0125
5 0.7171875 0.4578125 0.01875 0.015625
5 0.74375 0.45 0.0234375 0.0125
25 0.79140625 0.80625 0.034375 0.059375
25 0.72421875 0.93984375 0.021875 0.0578125
25 0.66328125 0.9265625 0.078125 0.1125
25 0.5765625 0.53359375 0.0421875 0.0328125
0 0.775 0.4578125 0.046875 0.084375
0 0.20078125 0.9453125 0.0828125 0.109375
24 0.7703125 0.553125 0.0390625 0.021875
24 0.35078125 0.89765625 0.0515625 0.0953125
24 0.74140625 0.603125 0.09375 0.0375
24 0.96484375 0.628125 0.0703125 0.0375
24 0.959375 0.6109375 0.08125 0.028125
0 0.39453125 0.7671875 0.0765625 0.1703125
0 0.19296875 0.5234375 0.015625 0.040625
5 0.728125 0.23125 0.009375 0.00625
5 0.47265625 0.3421875 0.040625 0.0234375
5 0.5359375 0.27109375 0.01875 0.01875
5 0.73046875 0.29140625 0.01875 0.009375
5 0.76484375 0.24296875 0.0171875 0.0109375
5 0.86328125 0.27734375 0.01875 0.0125
5 0.8421875 0.2453125 0.0171875 0.009375
5 0.86640625 0.21875 0.0125 0.0046875
5 0.825 0.21640625 0.0109375 0.00625
25 0.69375 0.9265625 0.04375 0.0953125
25 0.2875 0.54140625 0.015625 0.0109375
25 0.7796875 0.4984375 0.0515625 0.0234375
25 0.7578125 0.91796875 0.0609375 0.09375
0 0.5515625 0.85 0.0953125 0.215625
0 0.9171875 0.790625 0.0921875 0.2171875
24 0.30703125 0.88515625 0.0484375 0.1890625
24 0.28671875 0.88984375 0.0484375 0.1546875
24 0.33203125 0.90625 0.0484375 0.1078125
24 0.24921875 0.896875 0.0828125 0.14375
24 0.36484375 0.765625 0.075 0.128125
24 0.35390625 0.78671875 0.090625 0.1234375
24 0.1375 0.8140625 0.0875 0.1546875
24 0.6796875 0.89375 0.028125 0.06875
25 0.39296875 0.628125 0.7765625 0.74375
0 0.50234375 0.503125 0.9953125 0.7375