33 0.77734375 0.24296875 0.03828125 0.10390625
33 0.76015625 0.23984375 0.028125 0.10390625
33 0.83125 0.24765625 0.03984375 0.0984375
33 0.95703125 0.3546875 0.0859375 0.309375
57 0.1421875 0.74921875 0.284375 0.5015625
0 0.49765625 0.53203125 0.4796875 0.91171875
35 0.02734375 0.6453125 0.05390625 0.21328125
68 0.71796875 0.25625 0.065625 0.13046875
33 0.85625 0.25078125 0.0203125 0.090625
71 0.89765625 0.84765625 0.20390625 0.2984375
52 0.1421875 0.44296875 0.165625 0.12265625
52 0.315625 0.725 0.12578125 0.275