12 0.3921875 0.2421875 0.053125 0.05
12 0.3875 0.1171875 0.04375 0.0390625
12 0.36328125 0.103125 0.0328125 0.0421875
12 0.33359375 0.08125 0.040625 0.0390625
12 0.26171875 0.03046875 0.0390625 0.0390625
12 0.48515625 0.275 0.04375 0.053125
12 0.440625 0.28828125 0.0421875 0.0484375
12 0.51171875 0.2546875 0.0421875 0.0484375
12 0.2390625 0.01796875 0.034375 0.0359375
12 0.4390625 0.23671875 0.0515625 0.05625
12 0.35234375 0.20703125 0.0453125 0.0484375
12 0.70078125 0.62890625 0.071875 0.0765625
79 0.1390625 0.32578125 0.034375 0.0421875
79 0.35390625 0.40703125 0.01875 0.0390625
79 0.5796875 0.51484375 0.0140625 0.0375
79 0.821875 0.17421875 0.015625 0.0375
79 0.04140625 0.3859375 0.015625 0.0359375
79 0.753125 0.31015625 0.0265625 0.0578125
79 0.07265625 0.25234375 0.0109375 0.0140625
79 0.58828125 0.16640625 0.0109375 0.03125
79 0.2015625 0.2359375 0.0109375 0.028125
79 0.190625 0.2359375 0.0125 0.028125
79 0.2640625 0.3328125 0.0171875 0.03125
79 0.8328125 0.18125 0.009375 0.01875
1 0.46875 0.8046875 0.0328125 0.0390625
12 0.7296875 0.753125 0.0640625 0.078125
79 0.84609375 0.4015625 0.0078125 0.01875
4 0.51875 0.8203125 0.0203125 0.075
79 0.50546875 0.115625 0.053125 0.1015625
12 0.49765625 0.7359375 0.9953125 0.459375