35 0.515625 0.6125 0.109375 0.3859375
35 0.74140625 0.57734375 0.090625 0.2546875
35 0.61875 0.53046875 0.0765625 0.28125
37 0.40625 0.88828125 0.065625 0.1234375
38 0.45703125 0.921875 0.0890625 0.15625
0 0.64765625 0.346875 0.2046875 0.48125
0 0.771875 0.4125 0.2015625 0.43125
0 0.89296875 0.47890625 0.2140625 0.7046875
0 0.6015625 0.25625 0.103125 0.240625
0 0.503125 0.26015625 0.096875 0.2375
0 0.41953125 0.2234375 0.04375 0.115625
0 0.32265625 0.23203125 0.0765625 0.1234375
0 0.21328125 0.34140625 0.1765625 0.4734375
0 0.25546875 0.490625 0.5109375 0.98125
0 0.54453125 0.2875 0.0875 0.2265625
35 0.41484375 0.48125 0.075 0.2203125
35 0.346875 0.3765625 0.046875 0.15625
35 0.325 0.3546875 0.0375 0.1140625
35 0.3734375 0.28046875 0.0203125 0.0578125
35 0.434375 0.3421875 0.0375 0.084375
35 0.55078125 0.40390625 0.0546875 0.10625
35 0.375 0.428125 0.05625 0.196875
36 0.55703125 0.7578125 0.0859375 0.2015625
36 0.6609375 0.69765625 0.075 0.1671875
36 0.634375 0.63125 0.065625 0.1484375
36 0.56171875 0.58671875 0.05625 0.13125
36 0.478125 0.640625 0.0671875 0.23125
37 0.85234375 0.66875 0.0546875 0.0671875
37 0.27265625 0.3625 0.040625 0.1453125
43 0.74765625 0.80703125 0.1421875 0.215625
52 0.82265625 0.39375 0.0359375 0.0671875
57 0.62890625 0.85 0.7015625 0.3
35 0.4875 0.415625 0.053125 0.171875
35 0.3125 0.2984375 0.028125 0.1078125
36 0.44140625 0.615625 0.0515625 0.15
36 0.3421875 0.390625 0.0234375 0.0578125
36 0.37890625 0.4921875 0.0296875 0.0984375
52 0.88671875 0.52890625 0.1015625 0.3140625
35 0.4171875 0.325 0.053125 0.10625
38 0.80625 0.59765625 0.0125 0.04375
0 0.45625 0.2578125 0.0921875 0.215625
36 0.4671875 0.434375 0.0359375 0.0890625