18 0.340625 0.85859375 0.1609375 0.15
18 0.475 0.79140625 0.128125 0.07265625
18 0.7375 0.8984375 0.23125 0.12421875
18 0.6390625 0.81484375 0.1515625 0.084375
18 0.82890625 0.85625 0.15 0.12421875
18 0.5140625 0.8515625 0.1890625 0.065625
18 0.21484375 0.83046875 0.1453125 0.13828125
18 0.3515625 0.7390625 0.0984375 0.05859375
18 0.43671875 0.75625 0.0828125 0.05859375
52 0.31171875 0.92734375 0.028125 0.0703125
52 0.240625 0.89375 0.03125 0.07265625
52 0.38828125 0.97265625 0.0453125 0.0546875
0 0.1578125 0.93984375 0.04375 0.1203125
0 0.19609375 0.9296875 0.0484375 0.140625
0 0.434375 0.93515625 0.046875 0.1296875
0 0.92265625 0.93359375 0.0546875 0.1265625
19 0.15703125 0.959375 0.025 0.0703125
18 0.90703125 0.8265625 0.1453125 0.1125
18 0.94765625 0.7796875 0.1046875 0.08203125
18 0.11328125 0.76484375 0.128125 0.06796875
0 0.47578125 0.90859375 0.0421875 0.065625
0 0.11640625 0.9390625 0.046875 0.09140625
0 0.0671875 0.91171875 0.06875 0.1765625
0 0.8703125 0.97421875 0.04375 0.0515625
52 0.61484375 0.88671875 0.0390625 0.065625
52 0.34609375 0.98515625 0.0390625 0.028125
52 0.47578125 0.91015625 0.0421875 0.065625
52 0.4796875 0.9453125 0.0328125 0.046875
52 0.65 0.97734375 0.0375 0.0453125
52 0.24921875 0.96953125 0.046875 0.0609375
0 0.8171875 0.975 0.053125 0.05
0 0.56953125 0.9359375 0.0328125 0.04453125
18 0.72109375 0.784375 0.1359375 0.075
52 0.39609375 0.903125 0.0390625 0.065625
52 0.36953125 0.9546875 0.0234375 0.02578125
52 0.98671875 0.8796875 0.0203125 0.03046875
52 0.98125 0.9265625 0.0328125 0.065625
52 0.92734375 0.971875 0.034375 0.05625
0 0.46015625 0.86796875 0.6421875 0.14765625
52 0.4046875 0.925 0.59375 0.1453125
18 0.52421875 0.75625 0.6328125 0.1265625