55 0.5078125 0.7234375 0.96875 0.553125
36 0.40546875 0.215625 0.046875 0.0578125
71 0.3546875 0.31875 0.1578125 0.171875
71 0.34609375 0.18046875 0.0328125 0.1296875
71 0.4109375 0.021875 0.021875 0.04375
71 0.365625 0.1875 0.0265625 0.11875
71 0.31953125 0.17734375 0.0296875 0.13125
71 0.35625 0.1796875 0.028125 0.134375
71 0.43203125 0.1734375 0.090625 0.1421875
71 0.2890625 0.55859375 0.0546875 0.1046875
71 0.47890625 0.184375 0.0296875 0.128125
71 0.35078125 0.015625 0.0296875 0.03125
71 0.33359375 0.1765625 0.0375 0.134375
71 0.440625 0.40859375 0.028125 0.1
71 0.43125 0.4078125 0.025 0.1046875
71 0.43515625 0.378125 0.3953125 0.75625