1 0.63984375 0.74140625 0.3 0.278125
45 0.190625 0.41796875 0.3796875 0.8359375
17 0.9125 0.5375 0.0859375 0.23359375
0 0.453125 0.65703125 0.0796875 0.61640625
0 0.50234375 0.41953125 0.059375 0.15546875
0 0.5484375 0.41953125 0.0546875 0.175
0 0.56484375 0.690625 0.115625 0.5609375
0 0.67265625 0.59140625 0.1 0.471875
0 0.7640625 0.6 0.071875 0.478125
0 0.8140625 0.65703125 0.10625 0.6109375
0 0.89765625 0.665625 0.11875 0.625
0 0.64765625 0.859375 0.20625 0.19453125
12 0.725 0.43359375 0.071875 0.1
45 0.45234375 0.34296875 0.15 0.34140625
79 0.83359375 0.1515625 0.01875 0.06640625
79 0.85390625 0.15 0.0203125 0.075
17 0.515625 0.515625 0.065625 0.178125
0 0.03515625 0.3 0.0703125 0.14140625
0 0.9125 0.40859375 0.071875 0.146875
12 0.40078125 0.53203125 0.0515625 0.271875
12 0.715625 0.515625 0.0390625 0.16640625
12 0.60859375 0.4640625 0.090625 0.14140625
0 0.64453125 0.4265625 0.0203125 0.04453125