8 0.90859375 0.5125 0.1828125 0.1625
52 0.7953125 0.29453125 0.0453125 0.075
52 0.85390625 0.2953125 0.06875 0.0890625
52 0.76640625 0.2828125 0.034375 0.0375
52 0.83046875 0.28515625 0.05 0.075
57 0.76484375 0.25703125 0.1046875 0.034375
0 0.4546875 0.434375 0.634375 0.8609375
0 0.69765625 0.24296875 0.0515625 0.0546875
0 0.56328125 0.2671875 0.0828125 0.1640625
0 0.61875 0.30390625 0.0453125 0.0828125
19 0.31875 0.59140625 0.19375 0.546875
0 0.51796875 0.26171875 0.0484375 0.1078125
0 0.32109375 0.278125 0.0265625 0.0796875
0 0.6171875 0.26015625 0.0171875 0.0328125
0 0.6640625 0.2890625 0.08125 0.21875
17 0.56796875 0.25078125 0.053125 0.071875
42 0.934375 0.65234375 0.0625 0.075
42 0.8859375 0.75546875 0.078125 0.0890625
42 0.2453125 0.28828125 0.059375 0.078125
42 0.96328125 0.746875 0.0734375 0.09375
42 0.7671875 0.88984375 0.0875 0.1015625
42 0.3828125 0.909375 0.4 0.18125
42 0.71484375 0.80859375 0.075 0.0875
42 0.12890625 0.97578125 0.1109375 0.0484375
42 0.62890625 0.90625 0.0765625 0.090625
0 0.59765625 0.2515625 0.0296875 0.040625
0 0.84375 0.19453125 0.0375 0.0703125
18 0.5328125 0.18359375 0.1421875 0.140625
0 0.71171875 0.2125 0.040625 0.06875
0 0.63359375 0.2109375 0.015625 0.0421875
42 0.8359375 0.73046875 0.0703125 0.084375
42 0.75078125 0.84140625 0.4359375 0.30625
0 0.621875 0.2078125 0.0203125 0.0375
19 0.5734375 0.53125 0.265625 0.4859375
0 0.4515625 0.334375 0.5546875 0.3203125