59 0.7859375 0.41640625 0.3140625 0.5125
52 0.221875 0.70546875 0.44375 0.5890625
60 0.46171875 0.48515625 0.215625 0.1140625
63 0.56171875 0.67890625 0.18125 0.1640625
71 0.79921875 0.9046875 0.1671875 0.1234375
33 0.9921875 0.67109375 0.015625 0.0984375
33 0.96171875 0.66953125 0.0375 0.0953125
33 0.97734375 0.68515625 0.0453125 0.1
64 0.48515625 0.4421875 0.0765625 0.034375
71 0.21796875 0.3046875 0.06875 0.0265625
61 0.5515625 0.44609375 0.0359375 0.0296875
61 0.6859375 0.8078125 0.1046875 0.0765625