53 0.48828125 0.65859375 0.84375 0.634375
0 0.7125 0.51640625 0.25625 0.41875
0 0.5015625 0.578125 0.2546875 0.396875
57 0.63046875 0.82890625 0.7390625 0.3421875
35 0.49375 0.7578125 0.0609375 0.1234375
35 0.7484375 0.690625 0.0546875 0.1140625
35 0.03359375 0.65625 0.0421875 0.0953125
36 0.9109375 0.46328125 0.0375 0.0609375
37 0.56796875 0.7796875 0.0765625 0.040625
37 0.82578125 0.71796875 0.0578125 0.0484375
40 0.5421875 0.9609375 0.10625 0.078125
40 0.6921875 0.8375 0.153125 0.140625
40 0.4015625 0.93125 0.184375 0.1375
40 0.81796875 0.471875 0.034375 0.034375
47 0.9671875 0.8609375 0.065625 0.08125
47 0.81953125 0.81875 0.0625 0.05625
71 0.5875 0.35703125 0.0328125 0.0875
71 0.55390625 0.36875 0.034375 0.075
71 0.5734375 0.3609375 0.0328125 0.0796875
71 0.684375 0.75625 0.09375 0.0734375
71 0.6765625 0.93984375 0.1 0.0859375
71 0.865625 0.4578125 0.06875 0.0359375
71 0.56796875 0.3640625 0.028125 0.075
71 0.60234375 0.3546875 0.025 0.0796875
73 0.26875 0.13828125 0.0421875 0.053125
0 0.31953125 0.62734375 0.2953125 0.434375
38 0.5296875 0.91640625 0.1 0.0421875
40 0.89375 0.8296875 0.090625 0.1015625
40 0.5375 0.88671875 0.14375 0.125
40 0.0515625 0.6609375 0.0390625 0.040625
64 0.353125 0.66875 0.0234375 0.015625
71 0.559375 0.36640625 0.0296875 0.0734375
71 0.54609375 0.37421875 0.03125 0.0671875
14 0.4796875 0.2015625 0.0328125 0.0375
38 0.54921875 0.89765625 0.09375 0.028125
52 0.97421875 0.5796875 0.0515625 0.265625
40 0.88828125 0.846875 0.2234375 0.2125