36 0.865625 0.4484375 0.25234375 0.4234375
36 0.11328125 0.34140625 0.22578125 0.3734375
36 0.87265625 0.13671875 0.24609375 0.27265625
36 0.89765625 0.8234375 0.19609375 0.3203125
36 0.12265625 0.690625 0.17578125 0.284375
38 0.4828125 0.253125 0.32578125 0.08359375
47 0.51796875 0.53359375 0.0640625 0.08671875
47 0.50703125 0.45546875 0.0703125 0.04453125
47 0.37734375 0.47890625 0.0640625 0.0640625
47 0.553125 0.434375 0.04375 0.0359375
49 0.44296875 0.475 0.3703125 0.27890625
43 0.43984375 0.475 0.37421875 0.284375
47 0.38828125 0.39296875 0.05625 0.04140625