53 0.3375 0.6328125 0.0609375 0.09375
52 0.90625 0.6640625 0.1875 0.340625
0 0.778125 0.51328125 0.2890625 0.7296875
0 0.58046875 0.58984375 0.221875 0.709375
0 0.4484375 0.5890625 0.2875 0.8109375
0 0.02578125 0.7 0.0515625 0.6
0 0.12421875 0.7609375 0.096875 0.259375
0 0.23359375 0.6171875 0.3046875 0.765625
62 0.45 0.60859375 0.0203125 0.0234375
62 0.75078125 0.38203125 0.0296875 0.015625
62 0.409375 0.56015625 0.4203125 0.1359375
62 0.203125 0.584375 0.01875 0.0171875
0 0.04765625 0.6671875 0.0953125 0.665625
0 0.40859375 0.72265625 0.1 0.1625
0 0.10703125 0.83359375 0.0953125 0.1625
0 0.32734375 0.66484375 0.078125 0.1546875
52 0.52265625 0.6984375 0.028125 0.11875
52 0.35859375 0.75625 0.053125 0.1046875