79 0.31484375 0.41015625 0.025 0.0625
5 0.96171875 0.58203125 0.0765625 0.0703125
12 0.40234375 0.62578125 0.103125 0.115625
0 0.4859375 0.57109375 0.0171875 0.025
0 0.13515625 0.61640625 0.015625 0.0171875
0 0.0484375 0.625 0.0375 0.1046875
0 0.80546875 0.5515625 0.0234375 0.0421875
12 0.01484375 0.55546875 0.028125 0.0390625
12 0.63828125 0.60859375 0.08125 0.0921875
12 0.1609375 0.634375 0.1265625 0.090625
12 0.121875 0.60625 0.0328125 0.0328125
12 0.79453125 0.62421875 0.2578125 0.265625
12 0.6671875 0.61328125 0.059375 0.1046875
12 0.36953125 0.60703125 0.0875 0.090625
12 0.06171875 0.54375 0.0109375 0.0171875
12 0.2203125 0.62578125 0.0375 0.0640625
79 0.35703125 0.290625 0.0359375 0.0921875
12 0.50703125 0.609375 0.1546875 0.1734375