4 0.60859375 0.38046875 0.07734375 0.2046875
0 0.90390625 0.24296875 0.04609375 0.1015625
0 0.84765625 0.2453125 0.03125 0.0953125
0 0.6125 0.17109375 0.02109375 0.0484375
0 0.79921875 0.04609375 0.01484375 0.021875
0 0.77421875 0.03828125 0.0125 0.0203125
0 0.246875 0.18984375 0.0375 0.021875
0 0.628125 0.171875 0.01484375 0.04375
12 0.10703125 0.721875 0.2125 0.540625
12 0.32578125 0.43984375 0.50390625 0.415625
4 0.09609375 0.175 0.02734375 0.0203125
0 0.09765625 0.17421875 0.02109375 0.0203125
0 0.01953125 0.1828125 0.0390625 0.0375
0 0.278125 0.18671875 0.02734375 0.0265625
0 0.79140625 0.06328125 0.0125 0.015625
12 0.73984375 0.27265625 0.19140625 0.1296875
12 0.26875 0.22109375 0.15234375 0.0453125
12 0.34296875 0.22109375 0.125 0.05625
12 0.225 0.53515625 0.45 0.553125
12 0.09765625 0.20859375 0.17734375 0.0546875
12 0.67109375 0.2859375 0.21640625 0.1359375
12 0.7875 0.1234375 0.04765625 0.0296875
12 0.415625 0.22578125 0.07109375 0.053125
12 0.04609375 0.234375 0.09140625 0.0703125
0 0.80390625 0.03984375 0.01015625 0.0171875