9 0.3546875 0.6984375 0.709375 0.603125
33 0.8515625 0.53515625 0.046875 0.178125
1 0.0984375 0.50390625 0.0421875 0.071875
1 0.178125 0.48515625 0.0359375 0.034375
0 0.4015625 0.51796875 0.25 0.7
0 0.8390625 0.48125 0.1578125 0.2640625
0 0.1828125 0.45078125 0.05625 0.125
0 0.13828125 0.465625 0.0265625 0.121875
0 0.11171875 0.465625 0.0484375 0.1359375
0 0.02109375 0.46875 0.0421875 0.16875
0 0.70546875 0.6265625 0.115625 0.6109375
0 0.66796875 0.38984375 0.046875 0.08125
0 0.5421875 0.415625 0.0328125 0.0875
0 0.93203125 0.4703125 0.1359375 0.2375
75 0.84296875 0.7921875 0.1328125 0.203125
67 0.2328125 0.47421875 0.06875 0.0953125
18 0.76015625 0.30859375 0.4796875 0.6078125
0 0.76953125 0.4625 0.1078125 0.30625
0 0.1515625 0.47265625 0.015625 0.059375
0 0.2234375 0.43671875 0.0109375 0.040625
12 0.40234375 0.3734375 0.0328125 0.0203125
0 0.515625 0.4046875 0.7703125 0.2203125