33 0.796875 0.703125 0.071875 0.1359375
53 0.46953125 0.71484375 0.7765625 0.5703125
20 0.6359375 0.58828125 0.075 0.1796875
52 0.91015625 0.68671875 0.1796875 0.3625
0 0.471875 0.6859375 0.2875 0.628125
0 0.66484375 0.64375 0.3046875 0.6640625
0 0.22265625 0.684375 0.2484375 0.6203125
36 0.75390625 0.94765625 0.0484375 0.096875
62 0.81328125 0.62734375 0.04375 0.0234375
62 0.490625 0.78984375 0.0671875 0.0734375
71 0.82109375 0.5484375 0.1109375 0.059375
71 0.8203125 0.9421875 0.0671875 0.05625
71 0.53046875 0.29765625 0.065625 0.0234375
71 0.43046875 0.25390625 0.0125 0.03125
71 0.446875 0.2578125 0.01875 0.021875
52 0.60625 0.40078125 0.0515625 0.1
60 0.82421875 0.5484375 0.115625 0.0578125