38 0.403125 0.3484375 0.3234375 0.14375
39 0.64921875 0.0796875 0.1640625 0.1546875
49 0.61015625 0.65390625 0.459375 0.45625
36 0.49921875 0.24296875 0.15 0.3984375
38 0.2171875 0.178125 0.2765625 0.14375
40 0.2546875 0.07734375 0.1984375 0.134375
40 0.4484375 0.13359375 0.2296875 0.2546875
40 0.29296875 0.69765625 0.1203125 0.234375
66 0.75546875 0.490625 0.4890625 0.98125
36 0.5984375 0.22109375 0.1265625 0.271875
40 0.38671875 0.91015625 0.1078125 0.1671875
39 0.9328125 0.08671875 0.0859375 0.1125