18 0.7140625 0.08046875 0.1171875 0.05625
0 0.409375 0.4765625 0.2953125 0.934375
0 0.53125 0.1765625 0.0375 0.0578125
0 0.95546875 0.159375 0.0234375 0.1203125
0 0.8734375 0.18125 0.0234375 0.0453125
0 0.1484375 0.09140625 0.03125 0.1328125
0 0.50859375 0.16015625 0.028125 0.0890625
0 0.35625 0.1453125 0.0203125 0.05
0 0.2546875 0.13984375 0.0203125 0.034375
30 0.33984375 0.8296875 0.1125 0.146875
1 0.56953125 0.19453125 0.0390625 0.046875
1 0.61875 0.19609375 0.040625 0.0578125
0 0.2390625 0.14375 0.0140625 0.025
18 0.190625 0.1078125 0.0625 0.0375
0 0.90546875 0.19453125 0.03125 0.0515625
0 0.309375 0.1375 0.0234375 0.0625
0 0.52421875 0.14609375 0.0171875 0.0578125
0 0.384375 0.1515625 0.0265625 0.0484375
0 0.42734375 0.15546875 0.309375 0.096875