29 0.65078125 0.98125 0.0796875 0.0375
0 0.42421875 0.72265625 0.3015625 0.5421875
0 0.61015625 0.84375 0.115625 0.2296875
0 0.7203125 0.89140625 0.1296875 0.178125
0 0.79296875 0.8703125 0.3609375 0.259375
0 0.25703125 0.75546875 0.1109375 0.1
0 0.1421875 0.6984375 0.053125 0.0921875
0 0.93359375 0.63203125 0.090625 0.09375
0 0.3484375 0.51484375 0.0828125 0.125
0 0.1953125 0.50546875 0.0765625 0.078125
0 0.465625 0.440625 0.03125 0.0421875
0 0.2265625 0.39453125 0.096875 0.1375
0 0.421875 0.29375 0.0578125 0.1125
5 0.5265625 0.88671875 0.0875 0.10625
5 0.77734375 0.9171875 0.046875 0.0609375
5 0.265625 0.83359375 0.171875 0.115625
28 0.22265625 0.71484375 0.18125 0.1078125
29 0.32734375 0.68671875 0.053125 0.059375
0 0.6546875 0.5828125 0.0796875 0.0984375
0 0.5 0.5 1 1