0 0.3109375 0.59453125 0.3640625 0.5765625
0 0.45859375 0.278125 0.0328125 0.040625
0 0.27578125 0.14609375 0.0125 0.021875
0 0.3359375 0.15 0.0078125 0.0140625
0 0.38046875 0.175 0.0171875 0.0171875
0 0.60390625 0.2171875 0.01875 0.021875
0 0.66484375 0.2390625 0.01875 0.028125
24 0.35703125 0.8953125 0.24375 0.165625
24 0.4609375 0.29765625 0.0171875 0.00625
0 0.77734375 0.1578125 0.0140625 0.01875
0 0.4078125 0.17109375 0.009375 0.0140625
0 0.28984375 0.16015625 0.0140625 0.0203125
24 0.378125 0.1828125 0.0234375 0.0046875
0 0.38203125 0.14453125 0.0109375 0.015625
0 0.17890625 0.109375 0.1265625 0.0640625