0 0.16796875 0.875 0.0421875 0.0875
0 0.25234375 0.878125 0.046875 0.08125
0 0.5234375 0.8921875 0.015625 0.0140625
0 0.6828125 0.8796875 0.0125 0.0265625
0 0.73203125 0.8796875 0.0109375 0.0203125
0 0.4515625 0.88828125 0.0171875 0.028125
0 0.70390625 0.87890625 0.0125 0.021875
0 0.6578125 0.88125 0.0125 0.021875
0 0.47890625 0.89453125 0.01875 0.0140625
27 0.7015625 0.24609375 0.1140625 0.0625
27 0.92578125 0.13515625 0.1359375 0.09375
0 0.6703125 0.87890625 0.0109375 0.0171875
0 0.45390625 0.89140625 0.0109375 0.021875
0 0.46953125 0.89375 0.0109375 0.0171875