13 0.4765625 0.59921875 0.371875 0.5421875
0 0.615625 0.640625 0.175 0.44375
0 0.553125 0.290625 0.06875 0.125
0 0.8203125 0.41875 0.1484375 0.6015625
0 0.68671875 0.2546875 0.0546875 0.134375
0 0.2296875 0.625 0.175 0.4203125
0 0.61953125 0.23515625 0.075 0.1234375
0 0.66953125 0.51875 0.2203125 0.5953125
0 0.38828125 0.315625 0.0390625 0.1125
0 0.08984375 0.5859375 0.1796875 0.540625
0 0.34375 0.34453125 0.090625 0.2453125
0 0.15703125 0.3609375 0.1203125 0.2671875
0 0.20625 0.30625 0.0359375 0.078125
0 0.27109375 0.37890625 0.11875 0.271875
0 0.36953125 0.559375 0.228125 0.51875