33 0.48515625 0.39453125 0.0265625 0.0765625
33 0.953125 0.71875 0.0578125 0.153125
72 0.95625 0.2484375 0.0765625 0.171875
33 0.53125 0.38828125 0.0265625 0.090625
52 0.5875 0.84453125 0.15625 0.3109375
52 0.6625 0.75625 0.1265625 0.3265625
65 0.046875 0.559375 0.09375 0.259375
66 0.20703125 0.62734375 0.3359375 0.60625
69 0.5640625 0.4765625 0.1 0.0375
33 0.94296875 0.67578125 0.03125 0.0859375
33 0.55390625 0.37109375 0.0265625 0.0578125
39 0.97890625 0.42890625 0.0421875 0.1734375
70 0.80546875 0.89140625 0.2484375 0.2171875
39 0.98984375 0.45546875 0.0203125 0.1140625
33 0.93203125 0.615625 0.0328125 0.103125