12 0.5578125 0.66328125 0.09375 0.0671875
23 0.43125 0.91171875 0.125 0.1765625
23 0.9640625 0.70703125 0.071875 0.1046875
79 0.3671875 0.51015625 0.0609375 0.1484375
79 0.4109375 0.51328125 0.059375 0.1484375
19 0.05 0.86328125 0.0390625 0.1015625
0 0.75625 0.79375 0.1125 0.275
0 0.5390625 0.8328125 0.10625 0.2859375
0 0.42578125 0.85625 0.1265625 0.225
0 0.34296875 0.85078125 0.090625 0.278125
0 0.2765625 0.8578125 0.121875 0.284375
0 0.22578125 0.8640625 0.0859375 0.271875
0 0.91328125 0.6453125 0.0625 0.0671875
0 0.73203125 0.6546875 0.05 0.0734375
0 0.96640625 0.66328125 0.0671875 0.1359375
0 0.4765625 0.7078125 0.0484375 0.165625
0 0.50390625 0.67265625 0.0296875 0.053125
1 0.5484375 0.88671875 0.09375 0.196875
1 0.66328125 0.75625 0.0703125 0.1109375
1 0.75625 0.84375 0.121875 0.184375
1 0.88984375 0.76796875 0.121875 0.1546875
12 0.940625 0.634375 0.1125 0.075
12 0.79609375 0.65078125 0.09375 0.0734375
12 0.08203125 0.69765625 0.053125 0.0375
20 0.53203125 0.7828125 0.0234375 0.05625
1 0.6359375 0.871875 0.1265625 0.1796875
1 0.83125 0.7421875 0.065625 0.078125
1 0.20078125 0.72421875 0.0265625 0.05625
1 0.815625 0.7984375 0.021875 0.046875
1 0.1734375 0.7484375 0.0234375 0.0375
19 0.1140625 0.9609375 0.021875 0.059375
0 0.0796875 0.8796875 0.09375 0.240625
17 0.05703125 0.82734375 0.0140625 0.0390625
0 0.88515625 0.7234375 0.0921875 0.2046875
0 0.4953125 0.69453125 0.85625 0.5625