0 0.49609375 0.61875 0.103125 0.18984375
25 0.528125 0.6796875 0.125 0.11953125
0 0.31171875 0.628125 0.0046875 0.00859375
0 0.12578125 0.69453125 0.00625 0.01484375
0 0.91796875 0.740625 0.0125 0.0125
0 0.40859375 0.61015625 0.0046875 0.00859375
0 0.325 0.62578125 0.0078125 0.0125
5 0.078125 0.625 0.0140625 0.00625
5 0.76171875 0.65625 0.0265625 0.01953125
5 0.5578125 0.62421875 0.0234375 0.01484375
5 0.4109375 0.6109375 0.0296875 0.0359375
5 0.3203125 0.6390625 0.021875 0.0109375
5 0.2375 0.6421875 0.0234375 0.0125
5 0.18125 0.6453125 0.021875 0.0125