52 0.2109375 0.85546875 0.175 0.253125
52 0.08203125 0.84140625 0.159375 0.290625
52 0.05390625 0.75234375 0.10625 0.175
0 0.378125 0.42265625 0.1921875 0.228125
0 0.26015625 0.40625 0.0796875 0.140625
0 0.02109375 0.38828125 0.040625 0.1625
36 0.4359375 0.61484375 0.040625 0.078125
36 0.1609375 0.5 0.028125 0.04375
36 0.58203125 0.66328125 0.028125 0.053125
36 0.3140625 0.54765625 0.021875 0.040625
37 0.2640625 0.6 0.0796875 0.040625
37 0.53671875 0.75859375 0.096875 0.059375
39 0.6765625 0.834375 0.1015625 0.065625
39 0.3234375 0.63828125 0.0796875 0.034375
39 0.71796875 0.69609375 0.0671875 0.01875
57 0.7 0.80859375 0.5984375 0.365625
57 0.221875 0.65546875 0.3625 0.334375
57 0.096875 0.52109375 0.19375 0.3125
57 0.38359375 0.76953125 0.4109375 0.4375
35 0.18671875 0.47578125 0.021875 0.071875
36 0.23359375 0.51484375 0.03125 0.046875
36 0.1015625 0.42890625 0.0390625 0.053125
36 0.11484375 0.39609375 0.0125 0.015625
38 0.6734375 0.83203125 0.128125 0.05625
38 0.7203125 0.70390625 0.096875 0.0375
38 0.328125 0.6375 0.1015625 0.028125
35 0.11640625 0.41015625 0.0140625 0.04375
35 0.2078125 0.459375 0.0203125 0.0625
36 0.6015625 0.66171875 0.0296875 0.05625
36 0.33203125 0.54296875 0.0203125 0.040625
36 0.0625 0.41171875 0.0171875 0.0125
36 0.83046875 0.784375 0.0609375 0.096875
36 0.05859375 0.43984375 0.0203125 0.034375
36 0.2625 0.484375 0.025 0.0375
37 0.49453125 0.60234375 0.0703125 0.015625
37 0.87734375 0.74765625 0.0375 0.021875
54 0.04296875 0.28515625 0.059375 0.153125
53 0.2375 0.40234375 0.053125 0.084375
53 0.7265625 0.59140625 0.5453125 0.375
36 0.1453125 0.446875 0.153125 0.159375