33 0.16171875 0.35234375 0.0359375 0.0875
33 0.365625 0.35390625 0.0265625 0.071875
33 0.3890625 0.34140625 0.03125 0.09375
1 0.49765625 0.69140625 0.9328125 0.4578125
40 0.3171875 0.03125 0.15 0.0546875
68 0.8921875 0.4421875 0.0796875 0.0671875
36 0.55546875 0.40546875 0.0484375 0.046875
39 0.7421875 0.39453125 0.0359375 0.04375
40 0.63828125 0.40390625 0.0546875 0.0375
69 0.6015625 0.48671875 0.2421875 0.046875
66 0.23984375 0.628125 0.359375 0.375
33 0.74296875 0.446875 0.0375 0.08125
33 0.453125 0.02734375 0.075 0.0546875
33 0.75078125 0.01875 0.0703125 0.0375