26 0.953125 0.54765625 0.03125 0.0375
28 0.41875 0.3921875 0.159375 0.0625
29 0.2375 0.54453125 0.06875 0.10625
0 0.146875 0.525 0.29375 0.421875
0 0.25234375 0.2578125 0.1609375 0.171875
0 0.39296875 0.21328125 0.1375 0.1421875
0 0.76171875 0.12109375 0.096875 0.1328125
0 0.6828125 0.11328125 0.096875 0.125
0 0.1484375 0.25234375 0.10625 0.1734375
0 0.19453125 0.1875 0.090625 0.1375
0 0.2109375 0.31953125 0.109375 0.13125
0 0.275 0.36640625 0.0828125 0.0953125
0 0.2953125 0.3328125 0.121875 0.1546875
64 0.84375 0.140625 0.0265625 0.0296875
0 0.55703125 0.478125 0.3921875 0.6375
0 0.84375 0.13046875 0.109375 0.13125
36 0.28203125 0.22265625 0.028125 0.0453125
0 0.07265625 0.31953125 0.134375 0.2390625
0 0.5 0.37578125 1 0.7515625