78 0.53984375 0.65859375 0.7640625 0.21640625
0 0.96015625 0.55703125 0.0140625 0.05234375
0 0.86328125 0.53125 0.009375 0.03359375
0 0.846875 0.53984375 0.021875 0.03125
0 0.128125 0.56953125 0.0171875 0.05625
0 0.11171875 0.56953125 0.0125 0.06875
19 0.13828125 0.57890625 0.00625 0.01875
0 0.665625 0.61328125 0.0203125 0.05
0 0.925 0.54140625 0.0140625 0.03125
0 0.85390625 0.5375 0.0109375 0.02265625
0 0.97109375 0.56171875 0.0125 0.02734375
78 0.1484375 0.74140625 0.1 0.05234375
0 0.8703125 0.52578125 0.0046875 0.01015625
19 0.12109375 0.584375 0.009375 0.02109375