61 0.6140625 0.54609375 0.0328125 0.0203125
63 0.634375 0.515625 0.0609375 0.05625
71 0.16484375 0.42421875 0.01875 0.046875
71 0.1328125 0.428125 0.01875 0.0515625
71 0.18359375 0.5046875 0.025 0.0390625
71 0.14296875 0.428125 0.01875 0.0484375
71 0.121875 0.4328125 0.01875 0.0515625
71 0.096875 0.4390625 0.015625 0.046875
71 0.06484375 0.44375 0.015625 0.0546875
71 0.12890625 0.43125 0.01875 0.053125
0 0.48359375 0.57421875 0.26875 0.3546875
71 0.10546875 0.34296875 0.0359375 0.05625
71 0.15625 0.4234375 0.01875 0.0546875
71 0.1421875 0.51953125 0.015625 0.0328125
71 0.13828125 0.50703125 0.0265625 0.05
72 0.940625 0.303125 0.0359375 0.059375
59 0.68515625 0.4234375 0.0796875 0.178125
52 0.384375 0.48984375 0.46875 0.7234375
71 0.10703125 0.52578125 0.0328125 0.046875
71 0.1328125 0.42109375 0.2296875 0.271875