0 0.4921875 0.49296875 0.2703125 0.30625
0 0.21171875 0.0625 0.1015625 0.090625
0 0.48125 0.11796875 0.128125 0.125
0 0.778125 0.07734375 0.115625 0.1546875
0 0.20625 0.3453125 0.2328125 0.2953125
0 0.07578125 0.5375 0.1515625 0.21875
0 0.91796875 0.32734375 0.1609375 0.2140625
0 0.3390625 0.2625 0.1171875 0.0890625
28 0.4046875 0.334375 0.0765625 0.125
29 0.06484375 0.553125 0.0640625 0.0390625
0 0.08828125 0.28046875 0.15625 0.1
52 0.66484375 0.30078125 0.1203125 0.0390625
52 0.53828125 0.30703125 0.125 0.040625
52 0.40859375 0.31640625 0.125 0.040625
52 0.42109375 0.2734375 0.0625 0.046875
52 0.146875 0.27890625 0.0265625 0.028125
0 0.3296875 0.07734375 0.0828125 0.10625
0 0.91953125 0.03125 0.1109375 0.0625
5 0.9 0.3953125 0.0625 0.0640625
28 0.2578125 0.509375 0.121875 0.0234375
0 0.4875 0.9125 0.2578125 0.159375
0 0.528125 0.27109375 0.21875 0.1203125
52 0.57890625 0.2671875 0.1109375 0.046875
52 0.28984375 0.32109375 0.1 0.034375
52 0.2765625 0.290625 0.0296875 0.03125
52 0.06484375 0.27734375 0.125 0.021875
52 0.12578125 0.33046875 0.078125 0.0390625
0 0.4984375 0.2578125 0.996875 0.515625