33 0.7140625 0.57421875 0.025 0.096875
70 0.2640625 0.6125 0.2296875 0.5453125
36 0.81484375 0.29921875 0.0390625 0.0390625
36 0.784375 0.3015625 0.0328125 0.034375
36 0.921875 0.296875 0.009375 0.0265625
36 0.93984375 0.29140625 0.0265625 0.0359375
36 0.753125 0.30390625 0.015625 0.03125
40 0.74296875 0.44453125 0.0328125 0.0171875
40 0.83984375 0.44140625 0.0359375 0.021875
66 0.50390625 0.76328125 0.2234375 0.3875
68 0.7734375 0.58984375 0.0765625 0.078125
36 0.88046875 0.2875 0.03125 0.053125
39 0.66484375 0.5390625 0.0203125 0.0359375
37 0.69921875 0.546875 0.00625 0.0265625
37 0.6875 0.54375 0.015625 0.03125
69 0.90703125 0.775 0.159375 0.09375
69 0.9 0.66640625 0.190625 0.0671875
36 0.83125 0.30234375 0.0234375 0.0265625
36 0.90546875 0.290625 0.0234375 0.0421875
36 0.85234375 0.30078125 0.0203125 0.0265625
39 0.65546875 0.39921875 0.009375 0.028125
40 0.66953125 0.403125 0.0046875 0.01875