54 0.75390625 0.63203125 0.0515625 0.0703125
54 0.6078125 0.6921875 0.1078125 0.1546875
53 0.36953125 0.6390625 0.2828125 0.1875
35 0.44375 0.615625 0.0125 0.05859375
36 0.42421875 0.6453125 0.015625 0.01640625
36 0.396875 0.62890625 0.0109375 0.01640625
53 0.14921875 0.7328125 0.2109375 0.29765625
54 0.81640625 0.62265625 0.0546875 0.11953125
59 0.6765625 0.59140625 0.071875 0.140625
71 0.55 0.39140625 0.028125 0.03515625
71 0.5609375 0.34921875 0.0296875 0.0375
71 0.55078125 0.41796875 0.01875 0.0046875
71 0.55390625 0.425 0.0171875 0.00703125
71 0.55 0.44296875 0.0265625 0.028125
71 0.55 0.478125 0.0234375 0.0375
73 0.6078125 0.7390625 0.065625 0.0703125
73 0.80390625 0.659375 0.0265625 0.04921875
52 0.60078125 0.65234375 0.178125 0.15234375
36 0.2890625 0.64296875 0.0171875 0.03046875
71 0.5390625 0.5828125 0.0046875 0.03046875
53 0.88515625 0.80546875 0.2296875 0.38671875