33 0.140625 0.93828125 0.071875 0.1234375
18 0.53125 0.31953125 0.1765625 0.134375
20 0.47734375 0.44296875 0.0359375 0.096875
0 0.5796875 0.8234375 0.440625 0.3453125
0 0.44375 0.5078125 0.1953125 0.359375
0 0.575 0.509375 0.1609375 0.3234375
0 0.31796875 0.6421875 0.2 0.20625
0 0.79765625 0.78671875 0.4046875 0.4109375
0 0.79453125 0.6359375 0.178125 0.2125
0 0.89375 0.64921875 0.1453125 0.16875
0 0.9625 0.7375 0.075 0.221875
0 0.6328125 0.640625 0.175 0.15
8 0.1375 0.73125 0.234375 0.1609375
36 0.9671875 0.90859375 0.0625 0.05
19 0.2890625 0.79921875 0.18125 0.1515625