52 0.459375 0.4890625 0.24375 0.540625
57 0.50703125 0.8359375 0.9859375 0.328125
0 0.18671875 0.54921875 0.3546875 0.678125
0 0.76484375 0.409375 0.4703125 0.81875
0 0.48359375 0.20703125 0.153125 0.4125
0 0.034375 0.19921875 0.06875 0.3671875
0 0.13046875 0.1984375 0.2328125 0.375
0 0.2953125 0.2578125 0.1359375 0.503125
35 0.85546875 0.7296875 0.1375 0.3109375
36 0.76484375 0.634375 0.096875 0.0921875
36 0.26875 0.828125 0.1515625 0.16875
36 0.6515625 0.6921875 0.1453125 0.1296875
36 0.46171875 0.85703125 0.1359375 0.2859375
37 0.6109375 0.7875 0.1640625 0.0734375
39 0.98828125 0.85859375 0.0234375 0.0171875
39 0.58828125 0.875 0.1 0.1046875
39 0.58671875 0.790625 0.04375 0.05
50 0.275 0.5671875 0.1171875 0.1421875
19 0.334375 0.4046875 0.1234375 0.3640625
0 0.971875 0.15703125 0.0375 0.1390625
0 0.67578125 0.11328125 0.0875 0.1125
0 0.3890625 0.24140625 0.1171875 0.4765625
52 0.04765625 0.66640625 0.0953125 0.5546875
52 0.525 0.33203125 0.1234375 0.3015625
52 0.578125 0.34921875 0.0328125 0.125
0 0.571875 0.1546875 0.103125 0.309375
0 0.63203125 0.1171875 0.0625 0.1171875
19 0.43046875 0.13203125 0.0734375 0.165625
19 0.46015625 0.12265625 0.04375 0.1484375
35 0.74921875 0.815625 0.134375 0.35625
35 0.44140625 0.6625 0.11875 0.15625
36 0.75078125 0.81875 0.1328125 0.35
37 0.63671875 0.78671875 0.05 0.0390625
57 0.56640625 0.321875 0.059375 0.0796875