26 0.62890625 0.534375 0.0515625 0.0734375
52 0.24140625 0.5796875 0.05625 0.0421875
52 0.1734375 0.4734375 0.0828125 0.0828125
52 0.1546875 0.40546875 0.04375 0.0640625
52 0.1515625 0.31875 0.0609375 0.04375
52 0.30703125 0.36640625 0.0421875 0.0390625
0 0.5671875 0.60546875 0.2921875 0.60625
0 0.70234375 0.725 0.2703125 0.484375
0 0.403125 0.5046875 0.09375 0.125
0 0.23203125 0.26015625 0.0546875 0.0921875
0 0.22578125 0.0953125 0.090625 0.1
0 0.20234375 0.35078125 0.08125 0.190625
0 0.54921875 0.21640625 0.0703125 0.165625
0 0.7484375 0.4390625 0.0875 0.11875
52 0.26328125 0.49921875 0.0625 0.0453125
52 0.21484375 0.53359375 0.0875 0.0828125
52 0.19375 0.5890625 0.04375 0.0484375
52 0.1625 0.36953125 0.03125 0.0734375
52 0.38046875 0.36171875 0.0453125 0.05
52 0.75859375 0.29765625 0.0578125 0.053125
0 0.1 0.50625 0.06875 0.134375
0 0.30625 0.26328125 0.1328125 0.18125
0 0.6234375 0.32109375 0.0796875 0.15
0 0.89296875 0.42890625 0.04375 0.08125
0 0.453125 0.35234375 0.0671875 0.125
52 0.2078125 0.44609375 0.0265625 0.046875
0 0.3578125 0.34375 0.2921875 0.503125
52 0.4890625 0.290625 0.7921875 0.5578125